#cm 3
line -4 -8 -0.6 -8
line  4 -8  0.6 -8
line -4  8 -0.6  8
line  4  8  0.6  8
line -4 -8 -4 8
line  4 -8  4 8
line -0.6 -8 -0.6 -0
line  0.6 -8  0.6 -0
line -0.6  8 -0.6  0
line  0.6  8  0.6  0
line -0.6 -3.2 0.6 -3.2
line -0.6  3.2 0.6  3.2
line -4 -7.99999999999296 -0.6 -7.99999999999296
line  4 -7.99999999999296  0.6 -7.99999999999296
line -4 -7.9856036829951 -0.6 -7.9856036829951
line  4 -7.9856036829951  0.6 -7.9856036829951
line -4 -7.94246781615557 -0.6 -7.94246781615557
line  4 -7.94246781615557  0.6 -7.94246781615557
line -4 -7.87074764201385 -0.6 -7.87074764201385
line  4 -7.87074764201385  0.6 -7.87074764201385
line -4 -7.77070127574834 -0.6 -7.77070127574834
line  4 -7.77070127574834  0.6 -7.77070127574834
line -4 -7.6426887762405 -0.6 -7.6426887762405
line  4 -7.6426887762405  0.6 -7.6426887762405
line -4 -7.48717085025165 -0.6 -7.48717085025165
line  4 -7.48717085025165  0.6 -7.48717085025165
line -4 -7.30470719437613 -0.6 -7.30470719437613
line  4 -7.30470719437613  0.6 -7.30470719437613
line -4 -7.095954480738 -0.6 -7.095954480738
line  4 -7.095954480738  0.6 -7.095954480738
line -4 -6.86166399368047 -0.6 -6.86166399368047
line  4 -6.86166399368047  0.6 -6.86166399368047
line -4 -6.60267892595359 -0.6 -6.60267892595359
line  4 -6.60267892595359  0.6 -6.60267892595359
line -4 -6.31993134413087 -0.6 -6.31993134413087
line  4 -6.31993134413087  0.6 -6.31993134413087
line -4 -6.01443883417612 -0.6 -6.01443883417612
line  4 -6.01443883417612  0.6 -6.01443883417612
line -4 -5.68730083923285 -0.6 -5.68730083923285
line  4 -5.68730083923285  0.6 -5.68730083923285
line -4 -5.33969470281623 -0.6 -5.33969470281623
line  4 -5.33969470281623  0.6 -5.33969470281623
line -4 -4.97287143164776 -0.6 -4.97287143164776
line  4 -4.97287143164776  0.6 -4.97287143164776
line -4 -4.58815119338207 -0.6 -4.58815119338207
line  4 -4.58815119338207  0.6 -4.58815119338207
line -4 -4.18691856542891 -0.6 -4.18691856542891
line  4 -4.18691856542891  0.6 -4.18691856542891
line -4 -3.77061755196966 -0.6 -3.77061755196966
line  4 -3.77061755196966  0.6 -3.77061755196966
line -4 -3.34074638710163 -0.6 -3.34074638710163
line  4 -3.34074638710163  0.6 -3.34074638710163
line -4 -2.89885214281321 -0.6 -2.89885214281321
line  4 -2.89885214281321  0.6 -2.89885214281321
line -4 -2.4465251611953 -0.6 -2.4465251611953
line  4 -2.4465251611953  0.6 -2.4465251611953
line -4 -1.98539333092722 -0.6 -1.98539333092722
line  4 -1.98539333092722  0.6 -1.98539333092722
line -4 -1.51711622863531 -0.6 -1.51711622863531
line  4 -1.51711622863531  0.6 -1.51711622863531
line -4 -1.04337914620923 -0.6 -1.04337914620923
line  4 -1.04337914620923  0.6 -1.04337914620923
line -4 -0.565887025571057 -0.6 -0.565887025571057
line  4 -0.565887025571057  0.6 -0.565887025571057
line -4 -0.0863583227254855 -0.6 -0.0863583227254855
line  4 -0.0863583227254855  0.6 -0.0863583227254855
line -4 0.3934811768261 -0.6 0.3934811768261
line  4 0.3934811768261  0.6 0.3934811768261
line -4 0.871904569049791 -0.6 0.871904569049791
line  4 0.871904569049791  0.6 0.871904569049791
line -4 1.34719004636885 -0.6 1.34719004636885
line  4 1.34719004636885  0.6 1.34719004636885
line -4 1.81762709431164 -0.6 1.81762709431164
line  4 1.81762709431164  0.6 1.81762709431164
line -4 2.28152264751662 -0.6 2.28152264751662
line  4 2.28152264751662  0.6 2.28152264751662
line -4 2.73720718293934 -0.6 2.73720718293934
line  4 2.73720718293934  0.6 2.73720718293934
line -4 3.18304072833251 -0.6 3.18304072833251
line  4 3.18304072833251  0.6 3.18304072833251
line -4 3.61741876437518 -0.6 3.61741876437518
line  4 3.61741876437518  0.6 3.61741876437518
line -4 4.03877799920957 -0.6 4.03877799920957
line  4 4.03877799920957  0.6 4.03877799920957
line -4 4.44560199460366 -0.6 4.44560199460366
line  4 4.44560199460366  0.6 4.44560199460366
line -4 4.83642662349121 -0.6 4.83642662349121
line  4 4.83642662349121  0.6 4.83642662349121
line -4 5.20984533924819 -0.6 5.20984533924819
line  4 5.20984533924819  0.6 5.20984533924819
line -4 5.56451423774169 -0.6 5.56451423774169
line  4 5.56451423774169  0.6 5.56451423774169
line -4 5.89915689393358 -0.6 5.89915689393358
line  4 5.89915689393358  0.6 5.89915689393358
line -4 6.21256895563228 -0.6 6.21256895563228
line  4 6.21256895563228  0.6 6.21256895563228
line -4 6.50362247786007 -0.6 6.50362247786007
line  4 6.50362247786007  0.6 6.50362247786007
line -4 6.77126998223703 -0.6 6.77126998223703
line  4 6.77126998223703  0.6 6.77126998223703
line -4 7.01454822677202 -0.6 7.01454822677202
line  4 7.01454822677202  0.6 7.01454822677202
line -4 7.23258167249368 -0.6 7.23258167249368
line  4 7.23258167249368  0.6 7.23258167249368
line -4 7.42458563444529 -0.6 7.42458563444529
line  4 7.42458563444529  0.6 7.42458563444529
line -4 7.58986910570322 -0.6 7.58986910570322
line  4 7.58986910570322  0.6 7.58986910570322
line -4 7.72783724425567 -0.6 7.72783724425567
line  4 7.72783724425567  0.6 7.72783724425567
line -4 7.83799351379155 -0.6 7.83799351379155
line  4 7.83799351379155  0.6 7.83799351379155
line -4 7.91994147069505 -0.6 7.91994147069505
line  4 7.91994147069505  0.6 7.91994147069505
line -4 7.97338619081447 -0.6 7.97338619081447
line  4 7.97338619081447  0.6 7.97338619081447
line -4 7.99813533087076 -0.6 7.99813533087076
line  4 7.99813533087076  0.6 7.99813533087076
#cm 0
line -0.6 2.98478628117383 -0.599 3.03830761902667
line -0.599 3.03830761902667 -0.598 3.08696831282679
line -0.598 3.08696831282679 -0.597 3.1306905158445
line -0.597 3.1306905158445 -0.596 3.16940428188188
line -0.596 3.16940428188188 -0.595 3.20304767717178
line -0.595 3.20304767717178 -0.594 3.23156687945859
line -0.594 3.23156687945859 -0.593 3.25491626410244
line -0.593 3.25491626410244 -0.592 3.27305847706882
line -0.592 3.27305847706882 -0.591 3.28596449468714
line -0.591 3.28596449468714 -0.59 3.29361367008233
line -0.59 3.29361367008233 -0.589 3.29599376620549
line -0.51 -3.29531739887024 -0.509 -3.28999915667221
line -0.509 -3.28999915667221 -0.508 -3.27941761765257
line -0.508 -3.27941761765257 -0.507 -3.26358971001646
line -0.507 -3.26358971001646 -0.506 -3.24254075503967
line -0.506 -3.24254075503967 -0.505 -3.21630442655995
line -0.505 -3.21630442655995 -0.504 -3.18492269710608
line -0.504 -3.18492269710608 -0.503 -3.14844577075079
line -0.503 -3.14844577075079 -0.502 -3.1069320027949
line -0.502 -3.1069320027949 -0.501 -3.06044780641135
line -0.501 -3.06044780641135 -0.5 -3.00906754639826
line -0.5 -3.00906754639826 -0.499 -2.95287342021109
line -0.499 -2.95287342021109 -0.498 -2.89195532646433
line -0.498 -2.89195532646433 -0.497 -2.8264107211128
line -0.497 -2.8264107211128 -0.496 -2.75634446154294
line -0.496 -2.75634446154294 -0.495 -2.68186863882341
line -0.495 -2.68186863882341 -0.494 -2.60310239838322
line -0.494 -2.60310239838322 -0.493 -2.52017174940452
line -0.493 -2.52017174940452 -0.492 -2.43320936323473
line -0.492 -2.43320936323473 -0.491 -2.34235436114075
line -0.491 -2.34235436114075 -0.49 -2.24775209174456
line -0.49 -2.24775209174456 -0.489 -2.14955389849645
line -0.489 -2.14955389849645 -0.488 -2.04791687755779
line -0.488 -2.04791687755779 -0.487 -1.94300362648067
line -0.487 -1.94300362648067 -0.486 -1.8349819840865
line -0.486 -1.8349819840865 -0.485 -1.72402476195976
line -0.485 -1.72402476195976 -0.484 -1.61030946798621
line -0.484 -1.61030946798621 -0.483 -1.49401802237824
line -0.483 -1.49401802237824 -0.482 -1.37533646664132
line -0.482 -1.37533646664132 -0.481 -1.25445466594724
line -0.481 -1.25445466594724 -0.48 -1.13156600539036
line -0.48 -1.13156600539036 -0.479 -1.00686708061274
line -0.479 -1.00686708061274 -0.478 -0.880557383292979
line -0.478 -0.880557383292979 -0.477 -0.752838982002184
line -0.477 -0.752838982002184 -0.476 -0.62391619893727
line -0.476 -0.62391619893727 -0.475 -0.493995283049068
line -0.475 -0.493995283049068 -0.474 -0.363284080088039
line -0.474 -0.363284080088039 -0.473 -0.23199170009534
line -0.473 -0.23199170009534 -0.472 -0.100328182871411
line -0.472 -0.100328182871411 -0.471 0.0314958380429071
line -0.471 0.0314958380429071 -0.47 0.163269472335122
line -0.47 0.163269472335122 -0.469 0.294781910300553
line -0.469 0.294781910300553 -0.468 0.425822760092956
line -0.468 0.425822760092956 -0.467 0.556182384306567
line -0.467 0.556182384306567 -0.466 0.685652235351189
line -0.466 0.685652235351189 -0.465 0.814025189083925
line -0.465 0.814025189083925 -0.464 0.941095876163573
line -0.464 0.941095876163573 -0.463 1.06666101059777
line -0.463 1.06666101059777 -0.462 1.19051971495724
line -0.462 1.19051971495724 -0.461 1.31247384173676
line -0.461 1.31247384173676 -0.46 1.43232829034898
line -0.46 1.43232829034898 -0.459 1.54989131924373
line -0.459 1.54989131924373 -0.458 1.66497485265353
line -0.458 1.66497485265353 -0.457 1.77739478147478
line -0.457 1.77739478147478 -0.456 1.88697125780299
line -0.456 1.88697125780299 -0.455 1.99352898265112
line -0.455 1.99352898265112 -0.454 2.09689748639052
line -0.454 2.09689748639052 -0.453 2.19691140146596
line -0.453 2.19691140146596 -0.452 2.29341072694849
line -0.452 2.29341072694849 -0.451 2.38624108450277
line -0.451 2.38624108450277 -0.45 2.47525396535946
line -0.45 2.47525396535946 -0.449 2.56030696789759
line -0.449 2.56030696789759 -0.448 2.64126402545677
line -0.448 2.64126402545677 -0.447 2.71799562401483
line -0.447 2.71799562401483 -0.446 2.79037900938261
line -0.446 2.79037900938261 -0.445 2.85829838358449
line -0.445 2.85829838358449 -0.444 2.92164509011043
line -0.444 2.92164509011043 -0.443 2.98031778774324
line -0.443 2.98031778774324 -0.442 3.03422261268288
line -0.442 3.03422261268288 -0.441 3.08327332870853
line -0.441 3.08327332870853 -0.44 3.12739146513814
line -0.44 3.12739146513814 -0.439 3.1665064423648
line -0.439 3.1665064423648 -0.438 3.20055568476902
line -0.438 3.20055568476902 -0.437 3.22948472082641
line -0.437 3.22948472082641 -0.436 3.25324727025048
line -0.436 3.25324727025048 -0.435 3.27180531803121
line -0.435 3.27180531803121 -0.434 3.285129175251
line -0.434 3.285129175251 -0.433 3.29319752658058
line -0.433 3.29319752658058 -0.432 3.29599746437896
line -0.432 3.29599746437896 -0.431 3.29352450934296
line -0.353 -3.2955143399519 -0.352 -3.29061570509198
line -0.352 -3.29061570509198 -0.351 -3.28045278706448
line -0.351 -3.28045278706448 -0.35 -3.26504184437029
line -0.35 -3.26504184437029 -0.349 -3.24440753123022
line -0.349 -3.24440753123022 -0.348 -3.21858285814353
line -0.348 -3.21858285814353 -0.347 -3.18760913907821
line -0.347 -3.18760913907821 -0.346 -3.15153592537738
line -0.346 -3.15153592537738 -0.345 -3.11042092648776
line -0.345 -3.11042092648776 -0.344 -3.06432991763683
line -0.344 -3.06432991763683 -0.343 -3.01333663460653
line -0.343 -3.01333663460653 -0.342 -2.95752265577172
line -0.342 -2.95752265577172 -0.341 -2.8969772715922
line -0.341 -2.8969772715922 -0.34 -2.831797341767
line -0.34 -2.831797341767 -0.339 -2.7620871402795
line -0.339 -2.7620871402795 -0.338 -2.6879581885814
line -0.338 -2.6879581885814 -0.337 -2.60952907718206
line -0.337 -2.60952907718206 -0.336 -2.52692527592908
line -0.336 -2.52692527592908 -0.335 -2.44027893328325
line -0.335 -2.44027893328325 -0.334 -2.34972866490924
line -0.334 -2.34972866490924 -0.333 -2.25541933192009
line -0.333 -2.25541933192009 -0.332 -2.15750180913034
line -0.332 -2.15750180913034 -0.331 -2.05613274368848
line -0.331 -2.05613274368848 -0.33 -1.95147430447498
line -0.33 -1.95147430447498 -0.329 -1.84369392266664
line -0.329 -1.84369392266664 -0.328 -1.73296402388242
line -0.328 -1.73296402388242 -0.327 -1.61946175233926
line -0.327 -1.61946175233926 -0.326 -1.50336868745911
line -0.326 -1.50336868745911 -0.325 -1.38487055338058
line -0.325 -1.38487055338058 -0.324 -1.26415692183993
line -0.324 -1.26415692183993 -0.323 -1.14142090889676
line -0.323 -1.14142090889676 -0.322 -1.0168588659895
line -0.322 -1.0168588659895 -0.321 -0.89067006581498
line -0.321 -0.89067006581498 -0.32 -0.763056383534638
line -0.32 -0.763056383534638 -0.319 -0.634221973817316
line -0.319 -0.634221973817316 -0.318 -0.504372944235357
line -0.318 -0.504372944235357 -0.317 -0.373717025536451
line -0.317 -0.373717025536451 -0.316 -0.242463239318733
line -0.316 -0.242463239318733 -0.315 -0.110821563640831
line -0.315 -0.110821563640831 -0.314 0.0209974028982224
line -0.314 0.0209974028982224 -0.313 0.15278277807184
line -0.313 0.15278277807184 -0.312 0.284323733392464
line -0.312 0.284323733392464 -0.311 0.415409831392161
line -0.311 0.415409831392161 -0.31 0.545831362277668
line -0.31 0.545831362277668 -0.309 0.675379679421339
line -0.309 0.675379679421339 -0.308 0.80384753315125
line -0.308 0.80384753315125 -0.307 0.931029402306452
line -0.307 0.931029402306452 -0.306 1.05672182302698
line -0.306 1.05672182302698 -0.305 1.18072371425262
line -0.305 1.18072371425262 -0.304 1.30283669940975
line -0.304 1.30283669940975 -0.303 1.4228654237715
line -0.303 1.4228654237715 -0.302 1.54061786698366
line -0.302 1.54061786698366 -0.301 1.65590565025625
line -0.301 1.65590565025625 -0.3 1.76854433772946
line -0.3 1.76854433772946 -0.299 1.87835373153165
line -0.299 1.87835373153165 -0.298 1.98515816005748
line -0.298 1.98515816005748 -0.297 2.08878675900504
line -0.297 2.08878675900504 -0.296 2.18907374472226
line -0.296 2.18907374472226 -0.295 2.28585867942542
line -0.295 2.28585867942542 -0.294 2.37898672786535
line -0.294 2.37898672786535 -0.293 2.4683089050308
line -0.293 2.4683089050308 -0.292 2.55368231449267
line -0.292 2.55368231449267 -0.291 2.63497037700787
line -0.291 2.63497037700787 -0.29 2.71204304901689
line -0.29 2.71204304901689 -0.289 2.7847770306858
line -0.289 2.7847770306858 -0.288 2.85305596315971
line -0.288 2.85305596315971 -0.287 2.91677061471203
line -0.287 2.91677061471203 -0.286 2.97581905549203
line -0.286 2.97581905549203 -0.285 3.03010682059079
line -0.285 3.03010682059079 -0.284 3.07954706116491
line -0.284 3.07954706116491 -0.283 3.12406068337617
line -0.283 3.12406068337617 -0.282 3.16357647492476
line -0.282 3.16357647492476 -0.281 3.1980312189738
line -0.281 3.1980312189738 -0.28 3.22736979528275
line -0.28 3.22736979528275 -0.279 3.25154526838809
line -0.279 3.25154526838809 -0.278 3.27051896269
line -0.278 3.27051896269 -0.277 3.28426052432511
line -0.277 3.28426052432511 -0.276 3.29274796972618
line -0.276 3.29274796972618 -0.275 3.29596772079112
line -0.275 3.29596772079112 -0.274 3.29391462660508
line -0.196 -3.29567784417413 -0.195 -3.2911988663547
line -0.195 -3.2911988663547 -0.194 -3.28145467243408
line -0.194 -3.28145467243408 -0.193 -3.26646085104389
line -0.193 -3.26646085104389 -0.192 -3.24624138909986
line -0.192 -3.24624138909986 -0.191 -3.22082863342782
line -0.191 -3.22082863342782 -0.19 -3.19026323901577
line -0.19 -3.19026323901577 -0.189 -3.15459410397448
line -0.189 -3.15459410397448 -0.188 -3.11387829131102
line -0.188 -3.11387829131102 -0.187 -3.06818093764007
line -0.187 -3.06818093764007 -0.186 -3.01757514897925
line -0.186 -3.01757514897925 -0.185 -2.9621418837951
line -0.185 -2.9621418837951 -0.184 -2.90196982348678
line -0.184 -2.90196982348678 -0.183 -2.83715523051475
line -0.183 -2.83715523051475 -0.182 -2.76780179440141
line -0.182 -2.76780179440141 -0.181 -2.69402046584992
line -0.181 -2.69402046584992 -0.18 -2.61592927924678
line -0.18 -2.61592927924678 -0.179 -2.53365316383199
line -0.179 -2.53365316383199 -0.178 -2.44732374383893
line -0.178 -2.44732374383893 -0.177 -2.35707912792361
line -0.177 -2.35707912792361 -0.176 -2.26306368822034
line -0.176 -2.26306368822034 -0.175 -2.16542782937709
line -0.175 -2.16542782937709 -0.174 -2.06432774794014
line -0.174 -2.06432774794014 -0.173 -1.95992518247291
line -0.173 -1.95992518247291 -0.172 -1.85238715480881
line -0.172 -1.85238715480881 -0.171 -1.74188570285186
line -0.171 -1.74188570285186 -0.17 -1.62859760535281
line -0.17 -1.62859760535281 -0.169 -1.51270409910082
line -0.169 -1.51270409910082 -0.168 -1.39439058898327
line -0.168 -1.39439058898327 -0.167 -1.27384635137747
line -0.167 -1.27384635137747 -0.166 -1.15126423134887
line -0.166 -1.15126423134887 -0.165 -1.02684033414004
line -0.165 -1.02684033414004 -0.164 -0.900773711444182
line -0.164 -0.900773711444182 -0.163 -0.77326604296482
line -0.163 -0.77326604296482 -0.162 -0.644521313771339
line -0.162 -0.644521313771339 -0.161 -0.514745487966372
line -0.161 -0.514745487966372 -0.16 -0.384146179187172
line -0.16 -0.384146179187172 -0.159 -0.252932318468087
line -0.159 -0.252932318468087 -0.158 -0.12131381999547
line -0.158 -0.12131381999547 -0.157 0.0104987547102384
line -0.157 0.0104987547102384 -0.156 0.142294533648025
line -0.156 0.142294533648025 -0.155 0.273862671686524
line -0.155 0.273862671686524 -0.154 0.404992687871244
line -0.154 0.404992687871244 -0.153 0.535474802149203
line -0.153 0.535474802149203 -0.152 0.665100270972255
line -0.152 0.665100270972255 -0.151 0.793661721242243
line -0.151 0.793661721242243 -0.15 0.920953482063713
line -0.15 0.920953482063713 -0.149 1.04677191377348
line -0.149 1.04677191377348 -0.148 1.17091573372064
line -0.148 1.17091573372064 -0.147 1.29318633827588
line -0.147 1.29318633827588 -0.146 1.41338812055492
line -0.146 1.41338812055492 -0.145 1.53132878334779
line -0.145 1.53132878334779 -0.144 1.64681964675336
line -0.144 1.64681964675336 -0.143 1.75967595002691
line -0.143 1.75967595002691 -0.142 1.86971714715793
line -0.142 1.86971714715793 -0.141 1.97676719570521
line -0.141 1.97676719570521 -0.14 2.08065483842722
line -0.14 2.08065483842722 -0.139 2.18121387725709
line -0.139 2.18121387725709 -0.138 2.27828343918417
line -0.138 2.27828343918417 -0.137 2.37170823361643
line -0.137 2.37170823361643 -0.136 2.46133880081235
line -0.136 2.46133880081235 -0.135 2.54703175098457
line -0.135 2.54703175098457 -0.134 2.62864999369301
line -0.134 2.62864999369301 -0.133 2.7060629571603
line -0.133 2.7060629571603 -0.132 2.77914679715878
line -0.132 2.77914679715878 -0.131 2.84778459513484
line -0.131 2.84778459513484 -0.13 2.91186654525365
line -0.13 2.91186654525365 -0.129 2.97129013006513
line -0.129 2.97129013006513 -0.128 3.02596028450993
line -0.128 3.02596028450993 -0.127 3.07578954800327
line -0.127 3.07578954800327 -0.126 3.12069820435326
line -0.126 3.12069820435326 -0.125 3.16061440928972
line -0.125 3.16061440928972 -0.124 3.19547430539977
line -0.124 3.19547430539977 -0.123 3.22522212428601
line -0.123 3.22522212428601 -0.122 3.24981027578408
line -0.122 3.24981027578408 -0.121 3.26919942409678
line -0.121 3.26919942409678 -0.12 3.28335855072294
line -0.12 3.28335855072294 -0.119 3.29226500408041
line -0.119 3.29226500408041 -0.118 3.29590453574376
line -0.118 3.29590453574376 -0.117 3.29427132323873
line -0.0389999999999995 -3.29580790987797 -0.0379999999999995 -3.29174863454352
line -0.0379999999999995 -3.29174863454352 -0.0369999999999995 -3.28242326359606
line -0.0369999999999995 -3.28242326359606 -0.0359999999999995 -3.26784671563979
line -0.0359999999999995 -3.26784671563979 -0.0349999999999995 -3.24804231004195
line -0.0349999999999995 -3.24804231004195 -0.0339999999999995 -3.22304172962679
line -0.0339999999999995 -3.22304172962679 -0.0329999999999995 -3.19288496998979
line -0.0329999999999995 -3.19288496998979 -0.0319999999999995 -3.15762027551327
line -0.0319999999999995 -3.15762027551327 -0.0309999999999995 -3.11730406218566
line -0.0309999999999995 -3.11730406218566 -0.0299999999999995 -3.07200082734795
line -0.0299999999999995 -3.07200082734795 -0.0289999999999995 -3.02178304651172
line -0.0289999999999995 -3.02178304651172 -0.0279999999999995 -2.96673105741373
line -0.0279999999999995 -2.96673105741373 -0.0269999999999995 -2.90693293149275
line -0.0269999999999995 -2.90693293149275 -0.0259999999999995 -2.84248433299401
line -0.0259999999999995 -2.84248433299401 -0.0249999999999995 -2.77348836592679
line -0.0249999999999995 -2.77348836592679 -0.0239999999999995 -2.70005540912005
line -0.0239999999999995 -2.70005540912005 -0.0229999999999995 -2.62230293963982
line -0.0229999999999995 -2.62230293963982 -0.0219999999999995 -2.54035534485096
line -0.0219999999999995 -2.54035534485096 -0.0209999999999995 -2.45434372342391
line -0.0209999999999995 -2.45434372342391 -0.0199999999999995 -2.36440567560478
line -0.0199999999999995 -2.36440567560478 -0.0189999999999995 -2.27068508308433
line -0.0189999999999995 -2.27068508308433 -0.0179999999999995 -2.17333187881792
line -0.0179999999999995 -2.17333187881792 -0.0169999999999995 -2.07250180716482
line -0.0169999999999995 -2.07250180716482 -0.0159999999999995 -1.96835617473039
line -0.0159999999999995 -1.96835617473039 -0.0149999999999995 -1.86106159230998
line -0.0149999999999995 -1.86106159230998 -0.0139999999999995 -1.75078970834717
line -0.0139999999999995 -1.75078970834717 -0.0129999999999995 -1.63771693433289
line -0.0129999999999995 -1.63771693433289 -0.0119999999999995 -1.52202416258466
line -0.0119999999999995 -1.52202416258466 -0.0109999999999995 -1.40389647685747
line -0.0109999999999995 -1.40389647685747 -0.00999999999999945 -1.28352285624925
line -0.00999999999999945 -1.28352285624925 -0.00899999999999945 -1.16109587287463
line -0.00899999999999945 -1.16109587287463 -0.00799999999999945 -1.03681138379066
line -0.00799999999999945 -1.03681138379066 -0.00699999999999945 -0.91086821766725
line -0.00699999999999945 -0.91086821766725 -0.00599999999999945 -0.783467856703766
line -0.00599999999999945 -0.783467856703766 -0.00499999999999945 -0.654814114300451
line -0.00499999999999945 -0.654814114300451 -0.00399999999999945 -0.525112809000483
line -0.00399999999999945 -0.525112809000483 -0.00299999999999945 -0.394571435224206
line -0.00299999999999945 -0.394571435224206 -0.00199999999999945 -0.263398831322321
line -0.00199999999999945 -0.263398831322321 -0.000999999999999452 -0.131804845479074
line -0.000999999999999452 -0.131804845479074 5.48172618408671e-16 7.22710780109992e-14
line 5.48172618408671e-16 7.22710780109992e-14 0.00100000000000055 0.131804845479218
line 0.00100000000000055 0.131804845479218 0.00200000000000055 0.263398831322465
line 0.00200000000000055 0.263398831322465 0.00300000000000055 0.39457143522435
line 0.00300000000000055 0.39457143522435 0.00400000000000055 0.525112809000626
line 0.00400000000000055 0.525112809000626 0.00500000000000055 0.654814114300593
line 0.00500000000000055 0.654814114300593 0.00600000000000055 0.783467856703906
line 0.00600000000000055 0.783467856703906 0.00700000000000055 0.910868217667389
line 0.00700000000000055 0.910868217667389 0.00800000000000055 1.03681138379079
line 0.00800000000000055 1.03681138379079 0.00900000000000055 1.16109587287476
line 0.00900000000000055 1.16109587287476 0.0100000000000006 1.28352285624938
line 0.0100000000000006 1.28352285624938 0.0110000000000006 1.4038964768576
line 0.0110000000000006 1.4038964768576 0.0120000000000006 1.52202416258479
line 0.0120000000000006 1.52202416258479 0.0130000000000006 1.63771693433302
line 0.0130000000000006 1.63771693433302 0.0140000000000006 1.75078970834729
line 0.0140000000000006 1.75078970834729 0.0150000000000006 1.8610615923101
line 0.0150000000000006 1.8610615923101 0.0160000000000006 1.9683561747305
line 0.0160000000000006 1.9683561747305 0.0170000000000006 2.07250180716493
line 0.0170000000000006 2.07250180716493 0.0180000000000006 2.17333187881803
line 0.0180000000000006 2.17333187881803 0.0190000000000006 2.27068508308443
line 0.0190000000000006 2.27068508308443 0.0200000000000006 2.36440567560488
line 0.0200000000000006 2.36440567560488 0.0210000000000006 2.454343723424
line 0.0210000000000006 2.454343723424 0.0220000000000006 2.54035534485105
line 0.0220000000000006 2.54035534485105 0.0230000000000006 2.62230293963991
line 0.0230000000000006 2.62230293963991 0.0240000000000006 2.70005540912013
line 0.0240000000000006 2.70005540912013 0.0250000000000006 2.77348836592687
line 0.0250000000000006 2.77348836592687 0.0260000000000006 2.84248433299408
line 0.0260000000000006 2.84248433299408 0.0270000000000006 2.90693293149282
line 0.0270000000000006 2.90693293149282 0.0280000000000006 2.96673105741379
line 0.0280000000000006 2.96673105741379 0.0290000000000006 3.02178304651177
line 0.0290000000000006 3.02178304651177 0.0300000000000006 3.07200082734801
line 0.0300000000000006 3.07200082734801 0.0310000000000006 3.11730406218571
line 0.0310000000000006 3.11730406218571 0.0320000000000006 3.15762027551331
line 0.0320000000000006 3.15762027551331 0.0330000000000006 3.19288496998982
line 0.0330000000000006 3.19288496998982 0.0340000000000006 3.22304172962682
line 0.0340000000000006 3.22304172962682 0.0350000000000006 3.24804231004198
line 0.0350000000000006 3.24804231004198 0.0360000000000006 3.26784671563981
line 0.0360000000000006 3.26784671563981 0.0370000000000006 3.28242326359607
line 0.0370000000000006 3.28242326359607 0.0380000000000006 3.29174863454353
line 0.0380000000000006 3.29174863454353 0.0390000000000006 3.29580790987797
line 0.0390000000000006 3.29580790987797 0.0400000000000006 3.2945945956248
line 0.118000000000001 -3.29590453574376 0.119000000000001 -3.2922650040804
line 0.119000000000001 -3.2922650040804 0.120000000000001 -3.28335855072292
line 0.120000000000001 -3.28335855072292 0.121000000000001 -3.26919942409676
line 0.121000000000001 -3.26919942409676 0.122000000000001 -3.24981027578405
line 0.122000000000001 -3.24981027578405 0.123000000000001 -3.22522212428598
line 0.123000000000001 -3.22522212428598 0.124000000000001 -3.19547430539973
line 0.124000000000001 -3.19547430539973 0.125000000000001 -3.16061440928968
line 0.125000000000001 -3.16061440928968 0.126000000000001 -3.12069820435321
line 0.126000000000001 -3.12069820435321 0.127000000000001 -3.07578954800322
line 0.127000000000001 -3.07578954800322 0.128000000000001 -3.02596028450987
line 0.128000000000001 -3.02596028450987 0.129000000000001 -2.97129013006507
line 0.129000000000001 -2.97129013006507 0.130000000000001 -2.91186654525359
line 0.130000000000001 -2.91186654525359 0.131000000000001 -2.84778459513476
line 0.131000000000001 -2.84778459513476 0.132000000000001 -2.7791467971587
line 0.132000000000001 -2.7791467971587 0.133000000000001 -2.70606295716022
line 0.133000000000001 -2.70606295716022 0.134000000000001 -2.62864999369293
line 0.134000000000001 -2.62864999369293 0.135000000000001 -2.54703175098448
line 0.135000000000001 -2.54703175098448 0.136000000000001 -2.46133880081225
line 0.136000000000001 -2.46133880081225 0.137000000000001 -2.37170823361633
line 0.137000000000001 -2.37170823361633 0.138000000000001 -2.27828343918407
line 0.138000000000001 -2.27828343918407 0.139000000000001 -2.18121387725699
line 0.139000000000001 -2.18121387725699 0.140000000000001 -2.0806548384271
line 0.140000000000001 -2.0806548384271 0.141000000000001 -1.9767671957051
line 0.141000000000001 -1.9767671957051 0.142000000000001 -1.86971714715781
line 0.142000000000001 -1.86971714715781 0.143000000000001 -1.75967595002679
line 0.143000000000001 -1.75967595002679 0.144000000000001 -1.64681964675323
line 0.144000000000001 -1.64681964675323 0.145000000000001 -1.53132878334767
line 0.145000000000001 -1.53132878334767 0.146000000000001 -1.41338812055479
line 0.146000000000001 -1.41338812055479 0.147000000000001 -1.29318633827575
line 0.147000000000001 -1.29318633827575 0.148000000000001 -1.17091573372051
line 0.148000000000001 -1.17091573372051 0.149000000000001 -1.04677191377334
line 0.149000000000001 -1.04677191377334 0.150000000000001 -0.920953482063575
line 0.150000000000001 -0.920953482063575 0.151000000000001 -0.793661721242104
line 0.151000000000001 -0.793661721242104 0.152000000000001 -0.665100270972115
line 0.152000000000001 -0.665100270972115 0.153000000000001 -0.535474802149062
line 0.153000000000001 -0.535474802149062 0.154000000000001 -0.404992687871102
line 0.154000000000001 -0.404992687871102 0.155000000000001 -0.273862671686381
line 0.155000000000001 -0.273862671686381 0.156000000000001 -0.142294533647882
line 0.156000000000001 -0.142294533647882 0.157000000000001 -0.010498754710095
line 0.157000000000001 -0.010498754710095 0.158000000000001 0.121313819995613
line 0.158000000000001 0.121313819995613 0.159000000000001 0.25293231846823
line 0.159000000000001 0.25293231846823 0.160000000000001 0.384146179187314
line 0.160000000000001 0.384146179187314 0.161000000000001 0.514745487966513
line 0.161000000000001 0.514745487966513 0.162000000000001 0.64452131377148
line 0.162000000000001 0.64452131377148 0.163000000000001 0.77326604296496
line 0.163000000000001 0.77326604296496 0.164000000000001 0.90077371144432
line 0.164000000000001 0.90077371144432 0.165000000000001 1.02684033414018
line 0.165000000000001 1.02684033414018 0.166000000000001 1.151264231349
line 0.166000000000001 1.151264231349 0.167000000000001 1.27384635137761
line 0.167000000000001 1.27384635137761 0.168000000000001 1.3943905889834
line 0.168000000000001 1.3943905889834 0.169000000000001 1.51270409910095
line 0.169000000000001 1.51270409910095 0.170000000000001 1.62859760535293
line 0.170000000000001 1.62859760535293 0.171000000000001 1.74188570285198
line 0.171000000000001 1.74188570285198 0.172000000000001 1.85238715480892
line 0.172000000000001 1.85238715480892 0.173000000000001 1.95992518247303
line 0.173000000000001 1.95992518247303 0.174000000000001 2.06432774794025
line 0.174000000000001 2.06432774794025 0.175000000000001 2.1654278293772
line 0.175000000000001 2.1654278293772 0.176000000000001 2.26306368822044
line 0.176000000000001 2.26306368822044 0.177000000000001 2.35707912792371
line 0.177000000000001 2.35707912792371 0.178000000000001 2.44732374383902
line 0.178000000000001 2.44732374383902 0.179000000000001 2.53365316383209
line 0.179000000000001 2.53365316383209 0.180000000000001 2.61592927924686
line 0.180000000000001 2.61592927924686 0.181000000000001 2.69402046585
line 0.181000000000001 2.69402046585 0.182000000000001 2.76780179440149
line 0.182000000000001 2.76780179440149 0.183000000000001 2.83715523051483
line 0.183000000000001 2.83715523051483 0.184000000000001 2.90196982348684
line 0.184000000000001 2.90196982348684 0.185000000000001 2.96214188379516
line 0.185000000000001 2.96214188379516 0.186000000000001 3.01757514897931
line 0.186000000000001 3.01757514897931 0.187000000000001 3.06818093764012
line 0.187000000000001 3.06818093764012 0.188000000000001 3.11387829131107
line 0.188000000000001 3.11387829131107 0.189000000000001 3.15459410397452
line 0.189000000000001 3.15459410397452 0.190000000000001 3.1902632390158
line 0.190000000000001 3.1902632390158 0.191000000000001 3.22082863342785
line 0.191000000000001 3.22082863342785 0.192000000000001 3.24624138909988
line 0.192000000000001 3.24624138909988 0.193000000000001 3.26646085104391
line 0.193000000000001 3.26646085104391 0.194000000000001 3.28145467243409
line 0.194000000000001 3.28145467243409 0.195000000000001 3.2911988663547
line 0.195000000000001 3.2911988663547 0.196000000000001 3.29567784417413
line 0.196000000000001 3.29567784417413 0.197000000000001 3.29488444048332
line 0.275000000000001 -3.29596772079112 0.276000000000001 -3.29274796972617
line 0.276000000000001 -3.29274796972617 0.277000000000001 -3.2842605243251
line 0.277000000000001 -3.2842605243251 0.278000000000001 -3.27051896268998
line 0.278000000000001 -3.27051896268998 0.279000000000001 -3.25154526838806
line 0.279000000000001 -3.25154526838806 0.280000000000001 -3.22736979528272
line 0.280000000000001 -3.22736979528272 0.281000000000001 -3.19803121897376
line 0.281000000000001 -3.19803121897376 0.282000000000001 -3.16357647492472
line 0.282000000000001 -3.16357647492472 0.283000000000001 -3.12406068337612
line 0.283000000000001 -3.12406068337612 0.284000000000001 -3.07954706116486
line 0.284000000000001 -3.07954706116486 0.285000000000001 -3.03010682059073
line 0.285000000000001 -3.03010682059073 0.286000000000001 -2.97581905549197
line 0.286000000000001 -2.97581905549197 0.287000000000001 -2.91677061471197
line 0.287000000000001 -2.91677061471197 0.288000000000001 -2.85305596315964
line 0.288000000000001 -2.85305596315964 0.289000000000001 -2.78477703068573
line 0.289000000000001 -2.78477703068573 0.290000000000001 -2.71204304901681
line 0.290000000000001 -2.71204304901681 0.291000000000001 -2.63497037700778
line 0.291000000000001 -2.63497037700778 0.292000000000001 -2.55368231449259
line 0.292000000000001 -2.55368231449259 0.293000000000001 -2.4683089050307
line 0.293000000000001 -2.4683089050307 0.294000000000001 -2.37898672786526
line 0.294000000000001 -2.37898672786526 0.295000000000001 -2.28585867942532
line 0.295000000000001 -2.28585867942532 0.296000000000001 -2.18907374472216
line 0.296000000000001 -2.18907374472216 0.297000000000001 -2.08878675900493
line 0.297000000000001 -2.08878675900493 0.298000000000001 -1.98515816005737
line 0.298000000000001 -1.98515816005737 0.299000000000001 -1.87835373153154
line 0.299000000000001 -1.87835373153154 0.300000000000001 -1.76854433772935
line 0.300000000000001 -1.76854433772935 0.301000000000001 -1.65590565025613
line 0.301000000000001 -1.65590565025613 0.302000000000001 -1.54061786698353
line 0.302000000000001 -1.54061786698353 0.303000000000001 -1.42286542377138
line 0.303000000000001 -1.42286542377138 0.304000000000001 -1.30283669940963
line 0.304000000000001 -1.30283669940963 0.305000000000001 -1.18072371425249
line 0.305000000000001 -1.18072371425249 0.306000000000001 -1.05672182302684
line 0.306000000000001 -1.05672182302684 0.307000000000001 -0.931029402306318
line 0.307000000000001 -0.931029402306318 0.308000000000001 -0.803847533151119
line 0.308000000000001 -0.803847533151119 0.309000000000001 -0.675379679421201
line 0.309000000000001 -0.675379679421201 0.310000000000001 -0.54583136227753
line 0.310000000000001 -0.54583136227753 0.311000000000001 -0.415409831392022
line 0.311000000000001 -0.415409831392022 0.312000000000001 -0.28432373339233
line 0.312000000000001 -0.28432373339233 0.313000000000001 -0.1527827780717
line 0.313000000000001 -0.1527827780717 0.314000000000001 -0.0209974028980819
line 0.314000000000001 -0.0209974028980819 0.315000000000001 0.110821563640972
line 0.315000000000001 0.110821563640972 0.316000000000001 0.242463239318867
line 0.316000000000001 0.242463239318867 0.317000000000001 0.37371702553659
line 0.317000000000001 0.37371702553659 0.318000000000001 0.504372944235496
line 0.318000000000001 0.504372944235496 0.319000000000001 0.634221973817453
line 0.319000000000001 0.634221973817453 0.320000000000001 0.763056383534769
line 0.320000000000001 0.763056383534769 0.321000000000001 0.890670065815115
line 0.321000000000001 0.890670065815115 0.322000000000001 1.01685886598963
line 0.322000000000001 1.01685886598963 0.323000000000001 1.14142090889689
line 0.323000000000001 1.14142090889689 0.324000000000001 1.26415692184005
line 0.324000000000001 1.26415692184005 0.325000000000001 1.3848705533807
line 0.325000000000001 1.3848705533807 0.326000000000001 1.50336868745923
line 0.326000000000001 1.50336868745923 0.327000000000001 1.61946175233938
line 0.327000000000001 1.61946175233938 0.328000000000001 1.73296402388253
line 0.328000000000001 1.73296402388253 0.329000000000001 1.84369392266675
line 0.329000000000001 1.84369392266675 0.330000000000001 1.95147430447509
line 0.330000000000001 1.95147430447509 0.331000000000001 2.05613274368859
line 0.331000000000001 2.05613274368859 0.332000000000001 2.15750180913044
line 0.332000000000001 2.15750180913044 0.333000000000001 2.2554193319202
line 0.333000000000001 2.2554193319202 0.334000000000001 2.34972866490934
line 0.334000000000001 2.34972866490934 0.335000000000001 2.44027893328334
line 0.335000000000001 2.44027893328334 0.336000000000001 2.52692527592916
line 0.336000000000001 2.52692527592916 0.337000000000001 2.60952907718214
line 0.337000000000001 2.60952907718214 0.338000000000001 2.68795818858148
line 0.338000000000001 2.68795818858148 0.339000000000001 2.76208714027958
line 0.339000000000001 2.76208714027958 0.340000000000001 2.83179734176706
line 0.340000000000001 2.83179734176706 0.341000000000001 2.89697727159227
line 0.341000000000001 2.89697727159227 0.342000000000001 2.95752265577179
line 0.342000000000001 2.95752265577179 0.343000000000001 3.01333663460659
line 0.343000000000001 3.01333663460659 0.344000000000001 3.06432991763688
line 0.344000000000001 3.06432991763688 0.345000000000001 3.1104209264878
line 0.345000000000001 3.1104209264878 0.346000000000001 3.15153592537742
line 0.346000000000001 3.15153592537742 0.347000000000001 3.18760913907825
line 0.347000000000001 3.18760913907825 0.348000000000001 3.21858285814356
line 0.348000000000001 3.21858285814356 0.349000000000001 3.24440753123024
line 0.349000000000001 3.24440753123024 0.350000000000001 3.26504184437031
line 0.350000000000001 3.26504184437031 0.351000000000001 3.28045278706449
line 0.351000000000001 3.28045278706449 0.352000000000001 3.29061570509198
line 0.352000000000001 3.29061570509198 0.353000000000001 3.2955143399519
line 0.353000000000001 3.2955143399519 0.354000000000001 3.29514085487347
line 0.432000000000001 -3.29599746437896 0.433000000000001 -3.29319752658057
line 0.433000000000001 -3.29319752658057 0.434000000000001 -3.28512917525099
line 0.434000000000001 -3.28512917525099 0.435000000000001 -3.27180531803119
line 0.435000000000001 -3.27180531803119 0.436000000000001 -3.25324727025045
line 0.436000000000001 -3.25324727025045 0.437000000000001 -3.22948472082638
line 0.437000000000001 -3.22948472082638 0.438000000000001 -3.20055568476899
line 0.438000000000001 -3.20055568476899 0.439000000000001 -3.16650644236476
line 0.439000000000001 -3.16650644236476 0.440000000000001 -3.1273914651381
line 0.440000000000001 -3.1273914651381 0.441000000000001 -3.08327332870848
line 0.441000000000001 -3.08327332870848 0.442000000000001 -3.03422261268283
line 0.442000000000001 -3.03422261268283 0.443000000000001 -2.98031778774318
line 0.443000000000001 -2.98031778774318 0.444000000000001 -2.92164509011036
line 0.444000000000001 -2.92164509011036 0.445000000000001 -2.85829838358442
line 0.445000000000001 -2.85829838358442 0.446000000000001 -2.79037900938254
line 0.446000000000001 -2.79037900938254 0.447000000000001 -2.71799562401476
line 0.447000000000001 -2.71799562401476 0.448000000000001 -2.64126402545669
line 0.448000000000001 -2.64126402545669 0.449000000000001 -2.5603069678975
line 0.449000000000001 -2.5603069678975 0.450000000000001 -2.47525396535937
line 0.450000000000001 -2.47525396535937 0.451000000000001 -2.38624108450268
line 0.451000000000001 -2.38624108450268 0.452000000000001 -2.29341072694839
line 0.452000000000001 -2.29341072694839 0.453000000000001 -2.19691140146586
line 0.453000000000001 -2.19691140146586 0.454000000000001 -2.09689748639041
line 0.454000000000001 -2.09689748639041 0.455000000000001 -1.99352898265102
line 0.455000000000001 -1.99352898265102 0.456000000000001 -1.88697125780288
line 0.456000000000001 -1.88697125780288 0.457000000000001 -1.77739478147466
line 0.457000000000001 -1.77739478147466 0.458000000000001 -1.66497485265341
line 0.458000000000001 -1.66497485265341 0.459000000000001 -1.54989131924361
line 0.459000000000001 -1.54989131924361 0.460000000000001 -1.43232829034886
line 0.460000000000001 -1.43232829034886 0.461000000000001 -1.31247384173663
line 0.461000000000001 -1.31247384173663 0.462000000000001 -1.19051971495711
line 0.462000000000001 -1.19051971495711 0.463000000000001 -1.06666101059765
line 0.463000000000001 -1.06666101059765 0.464000000000001 -0.941095876163438
line 0.464000000000001 -0.941095876163438 0.465000000000001 -0.814025189083789
line 0.465000000000001 -0.814025189083789 0.466000000000001 -0.685652235351051
line 0.466000000000001 -0.685652235351051 0.467000000000001 -0.556182384306428
line 0.467000000000001 -0.556182384306428 0.468000000000001 -0.425822760092817
line 0.468000000000001 -0.425822760092817 0.469000000000001 -0.294781910300413
line 0.469000000000001 -0.294781910300413 0.470000000000001 -0.163269472334982
line 0.470000000000001 -0.163269472334982 0.471000000000001 -0.0314958380427783
line 0.471000000000001 -0.0314958380427783 0.472000000000001 0.100328182871552
line 0.472000000000001 0.100328182871552 0.473000000000001 0.23199170009548
line 0.473000000000001 0.23199170009548 0.474000000000001 0.363284080088179
line 0.474000000000001 0.363284080088179 0.475000000000001 0.493995283049207
line 0.475000000000001 0.493995283049207 0.476000000000001 0.623916198937407
line 0.476000000000001 0.623916198937407 0.477000000000001 0.752838982002321
line 0.477000000000001 0.752838982002321 0.478000000000001 0.880557383293115
line 0.478000000000001 0.880557383293115 0.479000000000001 1.00686708061286
line 0.479000000000001 1.00686708061286 0.480000000000001 1.1315660053905
line 0.480000000000001 1.1315660053905 0.481000000000001 1.25445466594737
line 0.481000000000001 1.25445466594737 0.482000000000001 1.37533646664145
line 0.482000000000001 1.37533646664145 0.483000000000001 1.49401802237836
line 0.483000000000001 1.49401802237836 0.484000000000001 1.61030946798633
line 0.484000000000001 1.61030946798633 0.485000000000001 1.72402476195988
line 0.485000000000001 1.72402476195988 0.486000000000001 1.83498198408662
line 0.486000000000001 1.83498198408662 0.487000000000001 1.94300362648077
line 0.487000000000001 1.94300362648077 0.488000000000001 2.0479168775579
line 0.488000000000001 2.0479168775579 0.489000000000001 2.14955389849656
line 0.489000000000001 2.14955389849656 0.490000000000001 2.24775209174466
line 0.490000000000001 2.24775209174466 0.491000000000001 2.34235436114085
line 0.491000000000001 2.34235436114085 0.492000000000001 2.43320936323483
line 0.492000000000001 2.43320936323483 0.493000000000001 2.52017174940461
line 0.493000000000001 2.52017174940461 0.494000000000001 2.60310239838331
line 0.494000000000001 2.60310239838331 0.495000000000001 2.68186863882349
line 0.495000000000001 2.68186863882349 0.496000000000001 2.75634446154302
line 0.496000000000001 2.75634446154302 0.497000000000001 2.82641072111287
line 0.497000000000001 2.82641072111287 0.498000000000001 2.8919553264644
line 0.498000000000001 2.8919553264644 0.499000000000001 2.95287342021116
line 0.499000000000001 2.95287342021116 0.500000000000001 3.00906754639831
line 0.500000000000001 3.00906754639831 0.501000000000001 3.0604478064114
line 0.501000000000001 3.0604478064114 0.502000000000001 3.10693200279494
line 0.502000000000001 3.10693200279494 0.503000000000001 3.14844577075083
line 0.503000000000001 3.14844577075083 0.504000000000001 3.18492269710612
line 0.504000000000001 3.18492269710612 0.505000000000001 3.21630442655998
line 0.505000000000001 3.21630442655998 0.506000000000001 3.2425407550397
line 0.506000000000001 3.2425407550397 0.507000000000001 3.26358971001648
line 0.507000000000001 3.26358971001648 0.508000000000001 3.27941761765258
line 0.508000000000001 3.27941761765258 0.509000000000001 3.28999915667222
line 0.509000000000001 3.28999915667222 0.510000000000001 3.29531739887024
line 0.510000000000001 3.29531739887024 0.511000000000001 3.29536383619362
line 0.590000000000001 -3.29361367008232 0.591000000000001 -3.28596449468713
line 0.591000000000001 -3.28596449468713 0.592000000000001 -3.27305847706881
line 0.592000000000001 -3.27305847706881 0.593000000000001 -3.25491626410242
line 0.593000000000001 -3.25491626410242 0.594000000000001 -3.23156687945856
line 0.594000000000001 -3.23156687945856 0.595000000000001 -3.20304767717174
line 0.595000000000001 -3.20304767717174 0.596000000000001 -3.16940428188185
line 0.596000000000001 -3.16940428188185 0.597000000000001 -3.13069051584446
line 0.597000000000001 -3.13069051584446 0.598000000000001 -3.08696831282674
line 0.598000000000001 -3.08696831282674 0.599000000000001 -3.03830761902662
line 0.599000000000001 -3.03830761902662 0.600000000000001 -2.98478628117378
line 3.000000e-01 3.200000e+00 3.000000e-01 1.000000e+01
