2.000000e-03 -0.000000e+00
4.000000e-03 -1.687319e-06
6.000000e-03 -3.373985e-06
8.000000e-03 -5.058437e-06
1.000000e-02 -6.739116e-06
1.200000e-02 -8.414475e-06
1.400000e-02 -1.008298e-05
1.600000e-02 -1.174311e-05
1.800000e-02 -1.339337e-05
2.000000e-02 -1.503228e-05
2.200000e-02 -1.665841e-05
2.400000e-02 -1.827034e-05
2.600000e-02 -1.986669e-05
2.800000e-02 -2.144612e-05
3.000000e-02 -2.300734e-05
3.200000e-02 -2.454909e-05
3.400000e-02 -2.607017e-05
3.600000e-02 -2.756940e-05
3.800000e-02 -2.904570e-05
4.000000e-02 -3.049799e-05
4.200000e-02 -3.192527e-05
4.400000e-02 -3.332661e-05
4.600000e-02 -3.470112e-05
4.800000e-02 -3.604795e-05
5.000000e-02 -3.736635e-05
5.200000e-02 -3.865559e-05
5.400000e-02 -3.991503e-05
5.600000e-02 -4.114407e-05
5.800000e-02 -4.234218e-05
6.000000e-02 -4.350888e-05
6.200000e-02 -4.464376e-05
6.400000e-02 -4.574645e-05
6.600000e-02 -4.681667e-05
6.800000e-02 -4.785415e-05
7.000000e-02 -4.885872e-05
7.200000e-02 -4.983023e-05
7.400000e-02 -5.076861e-05
7.600000e-02 -5.167381e-05
7.800000e-02 -5.254585e-05
8.000000e-02 -5.338479e-05
8.200000e-02 -5.419074e-05
8.400000e-02 -5.496385e-05
8.600000e-02 -5.570432e-05
8.800000e-02 -5.641237e-05
9.000000e-02 -5.708826e-05
9.200000e-02 -5.773232e-05
9.400000e-02 -5.834486e-05
9.600000e-02 -5.892627e-05
9.800000e-02 -5.947693e-05
1.000000e-01 -5.999728e-05
1.020000e-01 -6.048776e-05
1.040000e-01 -6.094884e-05
1.060000e-01 -6.138102e-05
1.080000e-01 -6.178481e-05
1.100000e-01 -6.216074e-05
1.120000e-01 -6.250936e-05
1.140000e-01 -6.283122e-05
1.160000e-01 -6.312690e-05
1.180000e-01 -6.339699e-05
1.200000e-01 -6.364206e-05
1.220000e-01 -6.386271e-05
1.240000e-01 -6.405956e-05
1.260000e-01 -6.423321e-05
1.280000e-01 -6.438426e-05
1.300000e-01 -6.451333e-05
1.320000e-01 -6.462104e-05
1.340000e-01 -6.470799e-05
1.360000e-01 -6.477480e-05
1.380000e-01 -6.482208e-05
1.400000e-01 -6.485042e-05
1.420000e-01 -6.486043e-05
1.440000e-01 -6.485271e-05
1.460000e-01 -6.482784e-05
1.480000e-01 -6.478640e-05
1.500000e-01 -6.472898e-05
1.520000e-01 -6.465613e-05
1.540000e-01 -6.456842e-05
1.560000e-01 -6.446639e-05
1.580000e-01 -6.435059e-05
1.600000e-01 -6.422155e-05
1.620000e-01 -6.407979e-05
1.640000e-01 -6.392582e-05
1.660000e-01 -6.376015e-05
1.680000e-01 -6.358325e-05
1.700000e-01 -6.339562e-05
1.720000e-01 -6.319771e-05
1.740000e-01 -6.298999e-05
1.760000e-01 -6.277291e-05
1.780000e-01 -6.254689e-05
1.800000e-01 -6.231237e-05
1.820000e-01 -6.206975e-05
1.840000e-01 -6.181944e-05
1.860000e-01 -6.156182e-05
1.880000e-01 -6.129728e-05
1.900000e-01 -6.102619e-05
1.920000e-01 -6.074890e-05
1.940000e-01 -6.046576e-05
1.960000e-01 -6.017710e-05
1.980000e-01 -5.988326e-05
2.000000e-01 -5.958454e-05
2.020000e-01 -5.928126e-05
2.040000e-01 -5.897371e-05
2.060000e-01 -5.866217e-05
2.080000e-01 -5.834692e-05
2.100000e-01 -5.802822e-05
2.120000e-01 -5.770634e-05
2.140000e-01 -5.738152e-05
2.160000e-01 -5.705401e-05
2.180000e-01 -5.672402e-05
2.200000e-01 -5.639180e-05
2.220000e-01 -5.605753e-05
2.240000e-01 -5.572145e-05
2.260000e-01 -5.538373e-05
2.280000e-01 -5.504458e-05
2.300000e-01 -5.470418e-05
2.320000e-01 -5.436269e-05
2.340000e-01 -5.402030e-05
2.360000e-01 -5.367716e-05
2.380000e-01 -5.333343e-05
2.400000e-01 -5.298925e-05
2.420000e-01 -5.264477e-05
2.440000e-01 -5.230013e-05
2.460000e-01 -5.195545e-05
2.480000e-01 -5.161086e-05
2.500000e-01 -5.126648e-05
2.520000e-01 -5.092243e-05
2.540000e-01 -5.057881e-05
2.560000e-01 -5.023572e-05
2.580000e-01 -4.989327e-05
2.600000e-01 -4.955155e-05
2.620000e-01 -4.921065e-05
2.640000e-01 -4.887065e-05
2.660000e-01 -4.853164e-05
2.680000e-01 -4.819369e-05
2.700000e-01 -4.785688e-05
2.720000e-01 -4.752127e-05
2.740000e-01 -4.718694e-05
2.760000e-01 -4.685393e-05
2.780000e-01 -4.652232e-05
2.800000e-01 -4.619215e-05
2.820000e-01 -4.586349e-05
2.840000e-01 -4.553637e-05
2.860000e-01 -4.521085e-05
2.880000e-01 -4.488697e-05
2.900000e-01 -4.456477e-05
2.920000e-01 -4.424429e-05
2.940000e-01 -4.392556e-05
2.960000e-01 -4.360862e-05
2.980000e-01 -4.329350e-05
3.000000e-01 -4.298022e-05
3.020000e-01 -4.266882e-05
3.040000e-01 -4.235932e-05
3.060000e-01 -4.205175e-05
3.080000e-01 -4.174611e-05
3.100000e-01 -4.144244e-05
3.120000e-01 -4.114075e-05
3.140000e-01 -4.084105e-05
3.160000e-01 -4.054336e-05
3.180000e-01 -4.024770e-05
3.200000e-01 -3.995407e-05
3.220000e-01 -3.966249e-05
3.240000e-01 -3.937295e-05
3.260000e-01 -3.908548e-05
3.280000e-01 -3.880007e-05
3.300000e-01 -3.851674e-05
3.320000e-01 -3.823548e-05
3.340000e-01 -3.795630e-05
3.360000e-01 -3.767920e-05
3.380000e-01 -3.740417e-05
3.400000e-01 -3.713123e-05
3.420000e-01 -3.686037e-05
3.440000e-01 -3.659159e-05
3.460000e-01 -3.632489e-05
3.480000e-01 -3.606025e-05
3.500000e-01 -3.579769e-05
3.520000e-01 -3.553719e-05
3.540000e-01 -3.527874e-05
3.560000e-01 -3.502236e-05
3.580000e-01 -3.476801e-05
3.600000e-01 -3.451571e-05
3.620000e-01 -3.426544e-05
3.640000e-01 -3.401720e-05
3.660000e-01 -3.377097e-05
3.680000e-01 -3.352675e-05
3.700000e-01 -3.328453e-05
3.720000e-01 -3.304429e-05
3.740000e-01 -3.280604e-05
3.760000e-01 -3.256975e-05
3.780000e-01 -3.233542e-05
3.800000e-01 -3.210304e-05
3.820000e-01 -3.187259e-05
3.840000e-01 -3.164406e-05
3.860000e-01 -3.141745e-05
3.880000e-01 -3.119274e-05
3.900000e-01 -3.096992e-05
3.920000e-01 -3.074898e-05
3.940000e-01 -3.052990e-05
3.960000e-01 -3.031267e-05
3.980000e-01 -3.009727e-05
4.000000e-01 -2.988371e-05
4.020000e-01 -2.967195e-05
4.040000e-01 -2.946200e-05
4.060000e-01 -2.925383e-05
4.080000e-01 -2.904744e-05
4.100000e-01 -2.884280e-05
4.120000e-01 -2.863991e-05
4.140000e-01 -2.843875e-05
4.160000e-01 -2.823931e-05
4.180000e-01 -2.804157e-05
4.200000e-01 -2.784553e-05
4.220000e-01 -2.765116e-05
4.240000e-01 -2.745846e-05
4.260000e-01 -2.726741e-05
4.280000e-01 -2.707799e-05
4.300000e-01 -2.689020e-05
4.320000e-01 -2.670401e-05
4.340000e-01 -2.651942e-05
4.360000e-01 -2.633641e-05
4.380000e-01 -2.615497e-05
4.400000e-01 -2.597509e-05
4.420000e-01 -2.579674e-05
4.440000e-01 -2.561992e-05
4.460000e-01 -2.544462e-05
4.480000e-01 -2.527081e-05
4.500000e-01 -2.509849e-05
4.520000e-01 -2.492764e-05
4.540000e-01 -2.475826e-05
4.560000e-01 -2.459032e-05
4.580000e-01 -2.442381e-05
4.600000e-01 -2.425872e-05
4.620000e-01 -2.409504e-05
4.640000e-01 -2.393276e-05
4.660000e-01 -2.377185e-05
4.680000e-01 -2.361232e-05
4.700000e-01 -2.345414e-05
4.720000e-01 -2.329730e-05
4.740000e-01 -2.314179e-05
4.760000e-01 -2.298760e-05
4.780000e-01 -2.283472e-05
4.800000e-01 -2.268312e-05
4.820000e-01 -2.253281e-05
4.840000e-01 -2.238377e-05
4.860000e-01 -2.223598e-05
4.880000e-01 -2.208944e-05
4.900000e-01 -2.194413e-05
4.920000e-01 -2.180004e-05
4.940000e-01 -2.165716e-05
4.960000e-01 -2.151547e-05
4.980000e-01 -2.137497e-05
5.000000e-01 -2.123565e-05
5.020000e-01 -2.109749e-05
5.040000e-01 -2.096048e-05
5.060000e-01 -2.082461e-05
5.080000e-01 -2.068987e-05
5.100000e-01 -2.055624e-05
5.120000e-01 -2.042373e-05
5.140000e-01 -2.029231e-05
5.160000e-01 -2.016198e-05
5.180000e-01 -2.003272e-05
5.200000e-01 -1.990453e-05
5.220000e-01 -1.977739e-05
5.240000e-01 -1.965129e-05
5.260000e-01 -1.952623e-05
5.280000e-01 -1.940220e-05
5.300000e-01 -1.927917e-05
5.320000e-01 -1.915715e-05
5.340000e-01 -1.903613e-05
5.360000e-01 -1.891609e-05
5.380000e-01 -1.879702e-05
5.400000e-01 -1.867892e-05
5.420000e-01 -1.856177e-05
5.440000e-01 -1.844557e-05
5.460000e-01 -1.833030e-05
5.480000e-01 -1.821597e-05
5.500000e-01 -1.810255e-05
5.520000e-01 -1.799004e-05
5.540000e-01 -1.787843e-05
5.560000e-01 -1.776771e-05
5.580000e-01 -1.765788e-05
5.600000e-01 -1.754892e-05
5.620000e-01 -1.744082e-05
5.640000e-01 -1.733359e-05
5.660000e-01 -1.722720e-05
5.680000e-01 -1.712165e-05
5.700000e-01 -1.701694e-05
5.720000e-01 -1.691304e-05
5.740000e-01 -1.680997e-05
5.760000e-01 -1.670770e-05
5.780000e-01 -1.660623e-05
5.800000e-01 -1.650556e-05
5.820000e-01 -1.640567e-05
5.840000e-01 -1.630655e-05
5.860000e-01 -1.620821e-05
5.880000e-01 -1.611063e-05
5.900000e-01 -1.601380e-05
5.920000e-01 -1.591772e-05
5.940000e-01 -1.582238e-05
5.960000e-01 -1.572777e-05
5.980000e-01 -1.563388e-05
6.000000e-01 -1.554072e-05
6.020000e-01 -1.544826e-05
6.040000e-01 -1.535652e-05
6.060000e-01 -1.526546e-05
6.080000e-01 -1.517510e-05
6.100000e-01 -1.508543e-05
6.120000e-01 -1.499643e-05
6.140000e-01 -1.490810e-05
6.160000e-01 -1.482044e-05
6.180000e-01 -1.473344e-05
6.200000e-01 -1.464708e-05
6.220000e-01 -1.456138e-05
6.240000e-01 -1.447631e-05
6.260000e-01 -1.439188e-05
6.280000e-01 -1.430807e-05
6.300000e-01 -1.422488e-05
6.320000e-01 -1.414231e-05
6.340000e-01 -1.406035e-05
6.360000e-01 -1.397900e-05
6.380000e-01 -1.389824e-05
6.400000e-01 -1.381807e-05
6.420000e-01 -1.373849e-05
6.440000e-01 -1.365949e-05
6.460000e-01 -1.358107e-05
6.480000e-01 -1.350321e-05
6.500000e-01 -1.342592e-05
6.520000e-01 -1.334919e-05
6.540000e-01 -1.327301e-05
6.560000e-01 -1.319739e-05
6.580000e-01 -1.312230e-05
6.600000e-01 -1.304776e-05
6.620000e-01 -1.297374e-05
6.640000e-01 -1.290026e-05
6.660000e-01 -1.282730e-05
6.680000e-01 -1.275486e-05
6.700000e-01 -1.268293e-05
6.720000e-01 -1.261151e-05
6.740000e-01 -1.254059e-05
6.760000e-01 -1.247018e-05
6.780000e-01 -1.240026e-05
6.800000e-01 -1.233083e-05
6.820000e-01 -1.226188e-05
6.840000e-01 -1.219342e-05
6.860000e-01 -1.212543e-05
6.880000e-01 -1.205791e-05
6.900000e-01 -1.199086e-05
6.920000e-01 -1.192428e-05
6.940000e-01 -1.185815e-05
6.960000e-01 -1.179248e-05
6.980000e-01 -1.172726e-05
7.000000e-01 -1.166249e-05
7.020000e-01 -1.159816e-05
7.040000e-01 -1.153427e-05
7.060000e-01 -1.147081e-05
7.080000e-01 -1.140779e-05
7.100000e-01 -1.134519e-05
7.120000e-01 -1.128301e-05
7.140000e-01 -1.122125e-05
7.160000e-01 -1.115991e-05
7.180000e-01 -1.109898e-05
7.200000e-01 -1.103845e-05
7.220000e-01 -1.097833e-05
7.240000e-01 -1.091861e-05
7.260000e-01 -1.085929e-05
7.280000e-01 -1.080036e-05
7.300000e-01 -1.074182e-05
7.320000e-01 -1.068367e-05
7.340000e-01 -1.062590e-05
7.360000e-01 -1.056850e-05
7.380000e-01 -1.051149e-05
7.400000e-01 -1.045484e-05
7.420000e-01 -1.039857e-05
7.440000e-01 -1.034266e-05
7.460000e-01 -1.028711e-05
7.480000e-01 -1.023192e-05
7.500000e-01 -1.017709e-05
7.520000e-01 -1.012261e-05
7.540000e-01 -1.006849e-05
7.560000e-01 -1.001470e-05
7.580000e-01 -9.961266e-06
7.600000e-01 -9.908169e-06
7.620000e-01 -9.855409e-06
7.640000e-01 -9.802984e-06
7.660000e-01 -9.750891e-06
7.680000e-01 -9.699127e-06
7.700000e-01 -9.647689e-06
7.720000e-01 -9.596574e-06
7.740000e-01 -9.545780e-06
7.760000e-01 -9.495303e-06
7.780000e-01 -9.445140e-06
7.800000e-01 -9.395290e-06
7.820000e-01 -9.345749e-06
7.840000e-01 -9.296515e-06
7.860000e-01 -9.247585e-06
7.880000e-01 -9.198956e-06
7.900000e-01 -9.150626e-06
7.920000e-01 -9.102592e-06
7.940000e-01 -9.054851e-06
7.960000e-01 -9.007402e-06
7.980000e-01 -8.960242e-06
8.000000e-01 -8.913367e-06
8.020000e-01 -8.866777e-06
8.040000e-01 -8.820467e-06
8.060000e-01 -8.774437e-06
8.080000e-01 -8.728683e-06
8.100000e-01 -8.683203e-06
8.120000e-01 -8.637995e-06
8.140000e-01 -8.593056e-06
8.160000e-01 -8.548385e-06
8.180000e-01 -8.503979e-06
8.200000e-01 -8.459835e-06
8.220000e-01 -8.415952e-06
8.240000e-01 -8.372327e-06
8.260000e-01 -8.328958e-06
8.280000e-01 -8.285844e-06
8.300000e-01 -8.242981e-06
8.320000e-01 -8.200368e-06
8.340000e-01 -8.158002e-06
8.360000e-01 -8.115882e-06
8.380000e-01 -8.074006e-06
8.400000e-01 -8.032371e-06
8.420000e-01 -7.990975e-06
8.440000e-01 -7.949817e-06
8.460000e-01 -7.908895e-06
8.480000e-01 -7.868206e-06
8.500000e-01 -7.827748e-06
8.520000e-01 -7.787521e-06
8.540000e-01 -7.747521e-06
8.560000e-01 -7.707747e-06
8.580000e-01 -7.668197e-06
8.600000e-01 -7.628869e-06
8.620000e-01 -7.589762e-06
8.640000e-01 -7.550873e-06
8.660000e-01 -7.512201e-06
8.680000e-01 -7.473744e-06
8.700000e-01 -7.435500e-06
8.720000e-01 -7.397468e-06
8.740000e-01 -7.359645e-06
8.760000e-01 -7.322031e-06
8.780000e-01 -7.284623e-06
8.800000e-01 -7.247419e-06
8.820000e-01 -7.210419e-06
8.840000e-01 -7.173620e-06
8.860000e-01 -7.137021e-06
8.880000e-01 -7.100619e-06
8.900000e-01 -7.064415e-06
8.920000e-01 -7.028405e-06
8.940000e-01 -6.992588e-06
8.960000e-01 -6.956964e-06
8.980000e-01 -6.921529e-06
9.000000e-01 -6.886284e-06
9.020000e-01 -6.851225e-06
9.040000e-01 -6.816353e-06
9.060000e-01 -6.781664e-06
9.080000e-01 -6.747158e-06
9.100000e-01 -6.712834e-06
9.120000e-01 -6.678689e-06
9.140000e-01 -6.644723e-06
9.160000e-01 -6.610934e-06
9.180000e-01 -6.577320e-06
9.200000e-01 -6.543881e-06
9.220000e-01 -6.510614e-06
9.240000e-01 -6.477519e-06
9.260000e-01 -6.444593e-06
9.280000e-01 -6.411837e-06
9.300000e-01 -6.379248e-06
9.320000e-01 -6.346825e-06
9.340000e-01 -6.314566e-06
9.360000e-01 -6.282472e-06
9.380000e-01 -6.250539e-06
9.400000e-01 -6.218767e-06
9.420000e-01 -6.187155e-06
9.440000e-01 -6.155701e-06
9.460000e-01 -6.124404e-06
9.480000e-01 -6.093264e-06
9.500000e-01 -6.062278e-06
9.520000e-01 -6.031445e-06
9.540000e-01 -6.000765e-06
9.560000e-01 -5.970236e-06
9.580000e-01 -5.939856e-06
9.600000e-01 -5.909626e-06
9.620000e-01 -5.879543e-06
9.640000e-01 -5.849606e-06
9.660000e-01 -5.819815e-06
9.680000e-01 -5.790168e-06
9.700000e-01 -5.760664e-06
9.720000e-01 -5.731302e-06
9.740000e-01 -5.702080e-06
9.760000e-01 -5.672999e-06
9.780000e-01 -5.644056e-06
9.800000e-01 -5.615251e-06
9.820000e-01 -5.586582e-06
9.840000e-01 -5.558049e-06
9.860000e-01 -5.529650e-06
9.880000e-01 -5.501385e-06
9.900000e-01 -5.473252e-06
9.920000e-01 -5.445251e-06
9.940000e-01 -5.417380e-06
9.960000e-01 -5.389638e-06
9.980000e-01 -5.362025e-06
1.000000e+00 -5.334539e-06
1.002000e+00 -5.307179e-06
1.004000e+00 -5.279945e-06
1.006000e+00 -5.252835e-06
1.008000e+00 -5.225849e-06
1.010000e+00 -5.198986e-06
1.012000e+00 -5.172244e-06
1.014000e+00 -5.145623e-06
1.016000e+00 -5.119121e-06
1.018000e+00 -5.092739e-06
1.020000e+00 -5.066475e-06
1.022000e+00 -5.040327e-06
1.024000e+00 -5.014296e-06
1.026000e+00 -4.988381e-06
1.028000e+00 -4.962579e-06
1.030000e+00 -4.936892e-06
1.032000e+00 -4.911317e-06
1.034000e+00 -4.885854e-06
1.036000e+00 -4.860502e-06
1.038000e+00 -4.835260e-06
1.040000e+00 -4.810127e-06
1.042000e+00 -4.785103e-06
1.044000e+00 -4.760187e-06
1.046000e+00 -4.735378e-06
1.048000e+00 -4.710675e-06
1.050000e+00 -4.686077e-06
1.052000e+00 -4.661583e-06
1.054000e+00 -4.637194e-06
1.056000e+00 -4.612907e-06
1.058000e+00 -4.588722e-06
1.060000e+00 -4.564639e-06
1.062000e+00 -4.540656e-06
1.064000e+00 -4.516773e-06
1.066000e+00 -4.492990e-06
1.068000e+00 -4.469305e-06
1.070000e+00 -4.445717e-06
1.072000e+00 -4.422226e-06
1.074000e+00 -4.398832e-06
1.076000e+00 -4.375532e-06
1.078000e+00 -4.352328e-06
1.080000e+00 -4.329218e-06
1.082000e+00 -4.306201e-06
1.084000e+00 -4.283276e-06
1.086000e+00 -4.260444e-06
1.088000e+00 -4.237702e-06
1.090000e+00 -4.215051e-06
1.092000e+00 -4.192491e-06
1.094000e+00 -4.170019e-06
1.096000e+00 -4.147636e-06
1.098000e+00 -4.125340e-06
1.100000e+00 -4.103132e-06
1.102000e+00 -4.081011e-06
1.104000e+00 -4.058975e-06
1.106000e+00 -4.037025e-06
1.108000e+00 -4.015159e-06
1.110000e+00 -3.993377e-06
1.112000e+00 -3.971679e-06
1.114000e+00 -3.950063e-06
1.116000e+00 -3.928530e-06
1.118000e+00 -3.907077e-06
1.120000e+00 -3.885706e-06
1.122000e+00 -3.864415e-06
1.124000e+00 -3.843204e-06
1.126000e+00 -3.822072e-06
1.128000e+00 -3.801018e-06
1.130000e+00 -3.780043e-06
1.132000e+00 -3.759144e-06
1.134000e+00 -3.738322e-06
1.136000e+00 -3.717577e-06
1.138000e+00 -3.696907e-06
1.140000e+00 -3.676312e-06
1.142000e+00 -3.655791e-06
1.144000e+00 -3.635345e-06
1.146000e+00 -3.614971e-06
1.148000e+00 -3.594671e-06
1.150000e+00 -3.574443e-06
1.152000e+00 -3.554286e-06
1.154000e+00 -3.534201e-06
1.156000e+00 -3.514186e-06
1.158000e+00 -3.494241e-06
1.160000e+00 -3.474366e-06
1.162000e+00 -3.454560e-06
1.164000e+00 -3.434822e-06
1.166000e+00 -3.415153e-06
1.168000e+00 -3.395551e-06
1.170000e+00 -3.376016e-06
1.172000e+00 -3.356547e-06
1.174000e+00 -3.337144e-06
1.176000e+00 -3.317807e-06
1.178000e+00 -3.298534e-06
1.180000e+00 -3.279327e-06
1.182000e+00 -3.260183e-06
1.184000e+00 -3.241102e-06
1.186000e+00 -3.222085e-06
1.188000e+00 -3.203130e-06
1.190000e+00 -3.184237e-06
1.192000e+00 -3.165406e-06
1.194000e+00 -3.146636e-06
1.196000e+00 -3.127926e-06
1.198000e+00 -3.109277e-06
1.200000e+00 -3.090687e-06
1.202000e+00 -3.072157e-06
1.204000e+00 -3.053685e-06
1.206000e+00 -3.035272e-06
1.208000e+00 -3.016917e-06
1.210000e+00 -2.998619e-06
1.212000e+00 -2.980378e-06
1.214000e+00 -2.962194e-06
1.216000e+00 -2.944066e-06
1.218000e+00 -2.925993e-06
1.220000e+00 -2.907976e-06
1.222000e+00 -2.890014e-06
1.224000e+00 -2.872106e-06
1.226000e+00 -2.854252e-06
1.228000e+00 -2.836451e-06
1.230000e+00 -2.818704e-06
1.232000e+00 -2.801009e-06
1.234000e+00 -2.783367e-06
1.236000e+00 -2.765776e-06
1.238000e+00 -2.748237e-06
1.240000e+00 -2.730750e-06
1.242000e+00 -2.713312e-06
1.244000e+00 -2.695926e-06
1.246000e+00 -2.678589e-06
1.248000e+00 -2.661301e-06
1.250000e+00 -2.644063e-06
1.252000e+00 -2.626873e-06
1.254000e+00 -2.609732e-06
1.256000e+00 -2.592638e-06
1.258000e+00 -2.575592e-06
1.260000e+00 -2.558593e-06
1.262000e+00 -2.541641e-06
1.264000e+00 -2.524736e-06
1.266000e+00 -2.507876e-06
1.268000e+00 -2.491062e-06
1.270000e+00 -2.474294e-06
1.272000e+00 -2.457570e-06
1.274000e+00 -2.440891e-06
1.276000e+00 -2.424256e-06
1.278000e+00 -2.407664e-06
1.280000e+00 -2.391117e-06
1.282000e+00 -2.374612e-06
1.284000e+00 -2.358150e-06
1.286000e+00 -2.341731e-06
1.288000e+00 -2.325353e-06
1.290000e+00 -2.309017e-06
1.292000e+00 -2.292723e-06
1.294000e+00 -2.276469e-06
1.296000e+00 -2.260257e-06
1.298000e+00 -2.244084e-06
1.300000e+00 -2.227951e-06
1.302000e+00 -2.211859e-06
1.304000e+00 -2.195805e-06
1.306000e+00 -2.179790e-06
1.308000e+00 -2.163814e-06
1.310000e+00 -2.147876e-06
1.312000e+00 -2.131977e-06
1.314000e+00 -2.116114e-06
1.316000e+00 -2.100289e-06
1.318000e+00 -2.084502e-06
1.320000e+00 -2.068750e-06
1.322000e+00 -2.053035e-06
1.324000e+00 -2.037356e-06
1.326000e+00 -2.021713e-06
1.328000e+00 -2.006105e-06
1.330000e+00 -1.990533e-06
1.332000e+00 -1.974995e-06
1.334000e+00 -1.959491e-06
1.336000e+00 -1.944021e-06
1.338000e+00 -1.928586e-06
1.340000e+00 -1.913184e-06
1.342000e+00 -1.897815e-06
1.344000e+00 -1.882479e-06
1.346000e+00 -1.867175e-06
1.348000e+00 -1.851904e-06
1.350000e+00 -1.836665e-06
1.352000e+00 -1.821458e-06
1.354000e+00 -1.806282e-06
1.356000e+00 -1.791137e-06
1.358000e+00 -1.776023e-06
1.360000e+00 -1.760939e-06
1.362000e+00 -1.745886e-06
1.364000e+00 -1.730862e-06
1.366000e+00 -1.715869e-06
1.368000e+00 -1.700904e-06
1.370000e+00 -1.685969e-06
1.372000e+00 -1.671062e-06
1.374000e+00 -1.656184e-06
1.376000e+00 -1.641335e-06
1.378000e+00 -1.626513e-06
1.380000e+00 -1.611719e-06
1.382000e+00 -1.596952e-06
1.384000e+00 -1.582212e-06
1.386000e+00 -1.567499e-06
1.388000e+00 -1.552813e-06
1.390000e+00 -1.538153e-06
1.392000e+00 -1.523519e-06
1.394000e+00 -1.508911e-06
1.396000e+00 -1.494328e-06
1.398000e+00 -1.479770e-06
1.400000e+00 -1.465238e-06
1.402000e+00 -1.450730e-06
1.404000e+00 -1.436246e-06
1.406000e+00 -1.421787e-06
1.408000e+00 -1.407351e-06
1.410000e+00 -1.392939e-06
1.412000e+00 -1.378551e-06
1.414000e+00 -1.364185e-06
1.416000e+00 -1.349842e-06
1.418000e+00 -1.335522e-06
1.420000e+00 -1.321224e-06
1.422000e+00 -1.306948e-06
1.424000e+00 -1.292694e-06
1.426000e+00 -1.278462e-06
1.428000e+00 -1.264251e-06
1.430000e+00 -1.250061e-06
1.432000e+00 -1.235891e-06
1.434000e+00 -1.221742e-06
1.436000e+00 -1.207614e-06
1.438000e+00 -1.193505e-06
1.440000e+00 -1.179416e-06
1.442000e+00 -1.165347e-06
1.444000e+00 -1.151297e-06
1.446000e+00 -1.137266e-06
1.448000e+00 -1.123254e-06
1.450000e+00 -1.109260e-06
1.452000e+00 -1.095285e-06
1.454000e+00 -1.081328e-06
1.456000e+00 -1.067388e-06
1.458000e+00 -1.053466e-06
1.460000e+00 -1.039561e-06
1.462000e+00 -1.025674e-06
1.464000e+00 -1.011803e-06
1.466000e+00 -9.979492e-07
1.468000e+00 -9.841115e-07
1.470000e+00 -9.702899e-07
1.472000e+00 -9.564842e-07
1.474000e+00 -9.426942e-07
1.476000e+00 -9.289196e-07
1.478000e+00 -9.151602e-07
1.480000e+00 -9.014157e-07
1.482000e+00 -8.876859e-07
1.484000e+00 -8.739707e-07
1.486000e+00 -8.602697e-07
1.488000e+00 -8.465826e-07
1.490000e+00 -8.329094e-07
1.492000e+00 -8.192498e-07
1.494000e+00 -8.056034e-07
1.496000e+00 -7.919702e-07
1.498000e+00 -7.783498e-07
1.500000e+00 -7.647421e-07
1.502000e+00 -7.511467e-07
1.504000e+00 -7.375636e-07
1.506000e+00 -7.239924e-07
1.508000e+00 -7.104329e-07
1.510000e+00 -6.968850e-07
1.512000e+00 -6.833483e-07
1.514000e+00 -6.698226e-07
1.516000e+00 -6.563078e-07
1.518000e+00 -6.428036e-07
1.520000e+00 -6.293098e-07
1.522000e+00 -6.158261e-07
1.524000e+00 -6.023523e-07
1.526000e+00 -5.888883e-07
1.528000e+00 -5.754337e-07
1.530000e+00 -5.619884e-07
1.532000e+00 -5.485522e-07
1.534000e+00 -5.351247e-07
1.536000e+00 -5.217059e-07
1.538000e+00 -5.082954e-07
1.540000e+00 -4.948931e-07
1.542000e+00 -4.814988e-07
1.544000e+00 -4.681121e-07
1.546000e+00 -4.547330e-07
1.548000e+00 -4.413611e-07
1.550000e+00 -4.279963e-07
1.552000e+00 -4.146384e-07
1.554000e+00 -4.012870e-07
1.556000e+00 -3.879421e-07
1.558000e+00 -3.746034e-07
1.560000e+00 -3.612706e-07
1.562000e+00 -3.479436e-07
1.564000e+00 -3.346222e-07
1.566000e+00 -3.213060e-07
1.568000e+00 -3.079950e-07
1.570000e+00 -2.946888e-07
1.572000e+00 -2.813874e-07
1.574000e+00 -2.680904e-07
1.576000e+00 -2.547976e-07
1.578000e+00 -2.415089e-07
1.580000e+00 -2.282240e-07
1.582000e+00 -2.149426e-07
1.584000e+00 -2.016647e-07
1.586000e+00 -1.883899e-07
1.588000e+00 -1.751181e-07
1.590000e+00 -1.618490e-07
1.592000e+00 -1.485825e-07
1.594000e+00 -1.353182e-07
1.596000e+00 -1.220561e-07
1.598000e+00 -1.087958e-07
1.600000e+00 -9.553725e-08
1.602000e+00 -8.228011e-08
1.604000e+00 -6.902421e-08
1.606000e+00 -5.576933e-08
1.608000e+00 -4.251527e-08
1.610000e+00 -2.926181e-08
1.612000e+00 -1.600873e-08
1.614000e+00 -2.755826e-09
1.616000e+00 1.049712e-08
1.618000e+00 2.375033e-08
1.620000e+00 3.700400e-08
1.622000e+00 5.025836e-08
1.624000e+00 6.351362e-08
1.626000e+00 7.676999e-08
1.628000e+00 9.002768e-08
1.630000e+00 1.032869e-07
1.632000e+00 1.165479e-07
1.634000e+00 1.298109e-07
1.636000e+00 1.430760e-07
1.638000e+00 1.563435e-07
1.640000e+00 1.696137e-07
1.642000e+00 1.828866e-07
1.644000e+00 1.961626e-07
1.646000e+00 2.094419e-07
1.648000e+00 2.227246e-07
1.650000e+00 2.360110e-07
1.652000e+00 2.493014e-07
1.654000e+00 2.625958e-07
1.656000e+00 2.758945e-07
1.658000e+00 2.891978e-07
1.660000e+00 3.025059e-07
1.662000e+00 3.158190e-07
1.664000e+00 3.291372e-07
1.666000e+00 3.424608e-07
1.668000e+00 3.557901e-07
1.670000e+00 3.691252e-07
1.672000e+00 3.824664e-07
1.674000e+00 3.958139e-07
1.676000e+00 4.091678e-07
1.678000e+00 4.225285e-07
1.680000e+00 4.358961e-07
1.682000e+00 4.492708e-07
1.684000e+00 4.626529e-07
1.686000e+00 4.760426e-07
1.688000e+00 4.894401e-07
1.690000e+00 5.028457e-07
1.692000e+00 5.162594e-07
1.694000e+00 5.296817e-07
1.696000e+00 5.431126e-07
1.698000e+00 5.565525e-07
1.700000e+00 5.700015e-07
1.702000e+00 5.834598e-07
1.704000e+00 5.969277e-07
1.706000e+00 6.104054e-07
1.708000e+00 6.238931e-07
1.710000e+00 6.373911e-07
1.712000e+00 6.508995e-07
1.714000e+00 6.644186e-07
1.716000e+00 6.779487e-07
1.718000e+00 6.914898e-07
1.720000e+00 7.050424e-07
1.722000e+00 7.186065e-07
1.724000e+00 7.321825e-07
1.726000e+00 7.457705e-07
1.728000e+00 7.593707e-07
1.730000e+00 7.729835e-07
1.732000e+00 7.866090e-07
1.734000e+00 8.002475e-07
1.736000e+00 8.138991e-07
1.738000e+00 8.275642e-07
1.740000e+00 8.412429e-07
1.742000e+00 8.549355e-07
1.744000e+00 8.686423e-07
1.746000e+00 8.823633e-07
1.748000e+00 8.960990e-07
1.750000e+00 9.098494e-07
1.752000e+00 9.236149e-07
1.754000e+00 9.373957e-07
1.756000e+00 9.511920e-07
1.758000e+00 9.650040e-07
1.760000e+00 9.788320e-07
1.762000e+00 9.926763e-07
1.764000e+00 1.006537e-06
1.766000e+00 1.020414e-06
1.768000e+00 1.034309e-06
1.770000e+00 1.048220e-06
1.772000e+00 1.062149e-06
1.774000e+00 1.076096e-06
1.776000e+00 1.090061e-06
1.778000e+00 1.104043e-06
1.780000e+00 1.118044e-06
1.782000e+00 1.132064e-06
1.784000e+00 1.146103e-06
1.786000e+00 1.160161e-06
1.788000e+00 1.174238e-06
1.790000e+00 1.188334e-06
1.792000e+00 1.202451e-06
1.794000e+00 1.216588e-06
1.796000e+00 1.230745e-06
1.798000e+00 1.244923e-06
1.800000e+00 1.259121e-06
1.802000e+00 1.273341e-06
1.804000e+00 1.287582e-06
1.806000e+00 1.301845e-06
1.808000e+00 1.316130e-06
1.810000e+00 1.330437e-06
1.812000e+00 1.344766e-06
1.814000e+00 1.359118e-06
1.816000e+00 1.373493e-06
1.818000e+00 1.387891e-06
1.820000e+00 1.402312e-06
1.822000e+00 1.416758e-06
1.824000e+00 1.431227e-06
1.826000e+00 1.445720e-06
1.828000e+00 1.460238e-06
1.830000e+00 1.474781e-06
1.832000e+00 1.489349e-06
1.834000e+00 1.503942e-06
1.836000e+00 1.518561e-06
1.838000e+00 1.533205e-06
1.840000e+00 1.547876e-06
1.842000e+00 1.562573e-06
1.844000e+00 1.577297e-06
1.846000e+00 1.592047e-06
1.848000e+00 1.606825e-06
1.850000e+00 1.621631e-06
1.852000e+00 1.636464e-06
1.854000e+00 1.651325e-06
1.856000e+00 1.666215e-06
1.858000e+00 1.681133e-06
1.860000e+00 1.696080e-06
1.862000e+00 1.711056e-06
1.864000e+00 1.726062e-06
1.866000e+00 1.741098e-06
1.868000e+00 1.756164e-06
1.870000e+00 1.771260e-06
1.872000e+00 1.786386e-06
1.874000e+00 1.801544e-06
1.876000e+00 1.816733e-06
1.878000e+00 1.831953e-06
1.880000e+00 1.847205e-06
1.882000e+00 1.862490e-06
1.884000e+00 1.877806e-06
1.886000e+00 1.893156e-06
1.888000e+00 1.908539e-06
1.890000e+00 1.923954e-06
1.892000e+00 1.939404e-06
1.894000e+00 1.954887e-06
1.896000e+00 1.970405e-06
1.898000e+00 1.985957e-06
1.900000e+00 2.001545e-06
1.902000e+00 2.017167e-06
1.904000e+00 2.032825e-06
1.906000e+00 2.048519e-06
1.908000e+00 2.064248e-06
1.910000e+00 2.080015e-06
1.912000e+00 2.095818e-06
1.914000e+00 2.111658e-06
1.916000e+00 2.127536e-06
1.918000e+00 2.143451e-06
1.920000e+00 2.159405e-06
1.922000e+00 2.175397e-06
1.924000e+00 2.191428e-06
1.926000e+00 2.207498e-06
1.928000e+00 2.223607e-06
1.930000e+00 2.239756e-06
1.932000e+00 2.255945e-06
1.934000e+00 2.272175e-06
1.936000e+00 2.288445e-06
1.938000e+00 2.304757e-06
1.940000e+00 2.321110e-06
1.942000e+00 2.337505e-06
1.944000e+00 2.353942e-06
1.946000e+00 2.370422e-06
1.948000e+00 2.386944e-06
1.950000e+00 2.403510e-06
1.952000e+00 2.420119e-06
1.954000e+00 2.436773e-06
1.956000e+00 2.453470e-06
1.958000e+00 2.470213e-06
1.960000e+00 2.487000e-06
1.962000e+00 2.503833e-06
1.964000e+00 2.520712e-06
1.966000e+00 2.537637e-06
1.968000e+00 2.554609e-06
1.970000e+00 2.571627e-06
1.972000e+00 2.588693e-06
1.974000e+00 2.605806e-06
1.976000e+00 2.622968e-06
1.978000e+00 2.640178e-06
1.980000e+00 2.657437e-06
1.982000e+00 2.674745e-06
1.984000e+00 2.692103e-06
1.986000e+00 2.709511e-06
1.988000e+00 2.726969e-06
1.990000e+00 2.744479e-06
1.992000e+00 2.762039e-06
1.994000e+00 2.779651e-06
1.996000e+00 2.797316e-06
1.998000e+00 2.815032e-06
2.000000e+00 2.832802e-06
2.002000e+00 2.850625e-06
2.004000e+00 2.868502e-06
2.006000e+00 2.886433e-06
2.008000e+00 2.904418e-06
2.010000e+00 2.922459e-06
2.012000e+00 2.940555e-06
2.014000e+00 2.958707e-06
2.016000e+00 2.976915e-06
2.018000e+00 2.995180e-06
2.020000e+00 3.013502e-06
2.022000e+00 3.031882e-06
2.024000e+00 3.050319e-06
2.026000e+00 3.068816e-06
2.028000e+00 3.087371e-06
2.030000e+00 3.105986e-06
2.032000e+00 3.124661e-06
2.034000e+00 3.143396e-06
2.036000e+00 3.162192e-06
2.038000e+00 3.181050e-06
2.040000e+00 3.199969e-06
2.042000e+00 3.218950e-06
2.044000e+00 3.237994e-06
2.046000e+00 3.257102e-06
2.048000e+00 3.276273e-06
2.050000e+00 3.295508e-06
2.052000e+00 3.314808e-06
2.054000e+00 3.334173e-06
2.056000e+00 3.353604e-06
2.058000e+00 3.373101e-06
2.060000e+00 3.392665e-06
2.062000e+00 3.412296e-06
2.064000e+00 3.431994e-06
2.066000e+00 3.451761e-06
2.068000e+00 3.471597e-06
2.070000e+00 3.491501e-06
2.072000e+00 3.511476e-06
2.074000e+00 3.531521e-06
2.076000e+00 3.551637e-06
2.078000e+00 3.571824e-06
2.080000e+00 3.592083e-06
2.082000e+00 3.612415e-06
2.084000e+00 3.632820e-06
2.086000e+00 3.653298e-06
2.088000e+00 3.673850e-06
2.090000e+00 3.694478e-06
2.092000e+00 3.715180e-06
2.094000e+00 3.735958e-06
2.096000e+00 3.756813e-06
2.098000e+00 3.777745e-06
2.100000e+00 3.798754e-06
2.102000e+00 3.819841e-06
2.104000e+00 3.841008e-06
2.106000e+00 3.862253e-06
2.108000e+00 3.883579e-06
2.110000e+00 3.904985e-06
2.112000e+00 3.926472e-06
2.114000e+00 3.948041e-06
2.116000e+00 3.969692e-06
2.118000e+00 3.991427e-06
2.120000e+00 4.013245e-06
2.122000e+00 4.035147e-06
2.124000e+00 4.057134e-06
2.126000e+00 4.079207e-06
2.128000e+00 4.101366e-06
2.130000e+00 4.123612e-06
2.132000e+00 4.145945e-06
2.134000e+00 4.168367e-06
2.136000e+00 4.190877e-06
2.138000e+00 4.213477e-06
2.140000e+00 4.236167e-06
2.142000e+00 4.258948e-06
2.144000e+00 4.281820e-06
2.146000e+00 4.304785e-06
2.148000e+00 4.327843e-06
2.150000e+00 4.350994e-06
2.152000e+00 4.374239e-06
2.154000e+00 4.397580e-06
2.156000e+00 4.421017e-06
2.158000e+00 4.444549e-06
2.160000e+00 4.468180e-06
2.162000e+00 4.491908e-06
2.164000e+00 4.515735e-06
2.166000e+00 4.539661e-06
2.168000e+00 4.563687e-06
2.170000e+00 4.587815e-06
2.172000e+00 4.612044e-06
2.174000e+00 4.636376e-06
2.176000e+00 4.660811e-06
2.178000e+00 4.685350e-06
2.180000e+00 4.709994e-06
2.182000e+00 4.734743e-06
2.184000e+00 4.759599e-06
2.186000e+00 4.784563e-06
2.188000e+00 4.809634e-06
2.190000e+00 4.834815e-06
2.192000e+00 4.860105e-06
2.194000e+00 4.885505e-06
2.196000e+00 4.911017e-06
2.198000e+00 4.936642e-06
2.200000e+00 4.962379e-06
2.202000e+00 4.988230e-06
2.204000e+00 5.014197e-06
2.206000e+00 5.040279e-06
2.208000e+00 5.066477e-06
2.210000e+00 5.092794e-06
2.212000e+00 5.119228e-06
2.214000e+00 5.145782e-06
2.216000e+00 5.172456e-06
2.218000e+00 5.199252e-06
2.220000e+00 5.226169e-06
2.222000e+00 5.253209e-06
2.224000e+00 5.280374e-06
2.226000e+00 5.307663e-06
2.228000e+00 5.335078e-06
2.230000e+00 5.362620e-06
2.232000e+00 5.390290e-06
2.234000e+00 5.418089e-06
2.236000e+00 5.446017e-06
2.238000e+00 5.474077e-06
2.240000e+00 5.502268e-06
2.242000e+00 5.530592e-06
2.244000e+00 5.559050e-06
2.246000e+00 5.587643e-06
2.248000e+00 5.616372e-06
2.250000e+00 5.645238e-06
2.252000e+00 5.674242e-06
2.254000e+00 5.703385e-06
2.256000e+00 5.732668e-06
2.258000e+00 5.762093e-06
2.260000e+00 5.791660e-06
2.262000e+00 5.821371e-06
2.264000e+00 5.851226e-06
2.266000e+00 5.881227e-06
2.268000e+00 5.911375e-06
2.270000e+00 5.941672e-06
2.272000e+00 5.972117e-06
2.274000e+00 6.002713e-06
2.276000e+00 6.033461e-06
2.278000e+00 6.064361e-06
2.280000e+00 6.095416e-06
2.282000e+00 6.126625e-06
2.284000e+00 6.157991e-06
2.286000e+00 6.189515e-06
2.288000e+00 6.221198e-06
2.290000e+00 6.253041e-06
2.292000e+00 6.285045e-06
2.294000e+00 6.317212e-06
2.296000e+00 6.349543e-06
2.298000e+00 6.382040e-06
2.300000e+00 6.414703e-06
2.302000e+00 6.447534e-06
2.304000e+00 6.480534e-06
2.306000e+00 6.513705e-06
2.308000e+00 6.547048e-06
2.310000e+00 6.580565e-06
2.312000e+00 6.614256e-06
2.314000e+00 6.648124e-06
2.316000e+00 6.682169e-06
2.318000e+00 6.716393e-06
2.320000e+00 6.750797e-06
2.322000e+00 6.785384e-06
2.324000e+00 6.820154e-06
2.326000e+00 6.855109e-06
2.328000e+00 6.890250e-06
2.330000e+00 6.925579e-06
2.332000e+00 6.961097e-06
2.334000e+00 6.996807e-06
2.336000e+00 7.032708e-06
2.338000e+00 7.068804e-06
2.340000e+00 7.105096e-06
2.342000e+00 7.141584e-06
2.344000e+00 7.178272e-06
2.346000e+00 7.215160e-06
2.348000e+00 7.252250e-06
2.350000e+00 7.289543e-06
2.352000e+00 7.327042e-06
2.354000e+00 7.364749e-06
2.356000e+00 7.402664e-06
2.358000e+00 7.440789e-06
2.360000e+00 7.479127e-06
2.362000e+00 7.517678e-06
2.364000e+00 7.556446e-06
2.366000e+00 7.595431e-06
2.368000e+00 7.634635e-06
2.370000e+00 7.674061e-06
2.372000e+00 7.713709e-06
2.374000e+00 7.753582e-06
2.376000e+00 7.793682e-06
2.378000e+00 7.834011e-06
2.380000e+00 7.874570e-06
2.382000e+00 7.915361e-06
2.384000e+00 7.956387e-06
2.386000e+00 7.997649e-06
2.388000e+00 8.039150e-06
2.390000e+00 8.080890e-06
2.392000e+00 8.122873e-06
2.394000e+00 8.165101e-06
2.396000e+00 8.207575e-06
2.398000e+00 8.250297e-06
2.400000e+00 8.293270e-06
2.402000e+00 8.336496e-06
2.404000e+00 8.379976e-06
2.406000e+00 8.423714e-06
2.408000e+00 8.467710e-06
2.410000e+00 8.511968e-06
2.412000e+00 8.556490e-06
2.414000e+00 8.601278e-06
2.416000e+00 8.646333e-06
2.418000e+00 8.691660e-06
2.420000e+00 8.737259e-06
2.422000e+00 8.783133e-06
2.424000e+00 8.829284e-06
2.426000e+00 8.875715e-06
2.428000e+00 8.922429e-06
2.430000e+00 8.969427e-06
2.432000e+00 9.016712e-06
2.434000e+00 9.064287e-06
2.436000e+00 9.112154e-06
2.438000e+00 9.160316e-06
2.440000e+00 9.208775e-06
2.442000e+00 9.257533e-06
2.444000e+00 9.306594e-06
2.446000e+00 9.355961e-06
2.448000e+00 9.405634e-06
2.450000e+00 9.455618e-06
2.452000e+00 9.505916e-06
2.454000e+00 9.556529e-06
2.456000e+00 9.607460e-06
2.458000e+00 9.658713e-06
2.460000e+00 9.710291e-06
2.462000e+00 9.762195e-06
2.464000e+00 9.814429e-06
2.466000e+00 9.866996e-06
2.468000e+00 9.919899e-06
2.470000e+00 9.973141e-06
2.472000e+00 1.002672e-05
2.474000e+00 1.008065e-05
2.476000e+00 1.013493e-05
2.478000e+00 1.018956e-05
2.480000e+00 1.024454e-05
2.482000e+00 1.029988e-05
2.484000e+00 1.035558e-05
2.486000e+00 1.041164e-05
2.488000e+00 1.046807e-05
2.490000e+00 1.052487e-05
2.492000e+00 1.058204e-05
2.494000e+00 1.063959e-05
2.496000e+00 1.069753e-05
2.498000e+00 1.075584e-05
2.500000e+00 1.081454e-05
2.502000e+00 1.087364e-05
2.504000e+00 1.093312e-05
2.506000e+00 1.099301e-05
2.508000e+00 1.105329e-05
2.510000e+00 1.111399e-05
2.512000e+00 1.117509e-05
2.514000e+00 1.123660e-05
2.516000e+00 1.129853e-05
2.518000e+00 1.136088e-05
2.520000e+00 1.142365e-05
2.522000e+00 1.148686e-05
2.524000e+00 1.155049e-05
2.526000e+00 1.161456e-05
2.528000e+00 1.167907e-05
2.530000e+00 1.174402e-05
2.532000e+00 1.180942e-05
2.534000e+00 1.187528e-05
2.536000e+00 1.194159e-05
2.538000e+00 1.200836e-05
2.540000e+00 1.207559e-05
2.542000e+00 1.214329e-05
2.544000e+00 1.221147e-05
2.546000e+00 1.228013e-05
2.548000e+00 1.234927e-05
2.550000e+00 1.241889e-05
2.552000e+00 1.248901e-05
2.554000e+00 1.255962e-05
2.556000e+00 1.263073e-05
2.558000e+00 1.270235e-05
2.560000e+00 1.277448e-05
2.562000e+00 1.284712e-05
2.564000e+00 1.292029e-05
2.566000e+00 1.299397e-05
2.568000e+00 1.306819e-05
2.570000e+00 1.314294e-05
2.572000e+00 1.321824e-05
2.574000e+00 1.329407e-05
2.576000e+00 1.337046e-05
2.578000e+00 1.344740e-05
2.580000e+00 1.352490e-05
2.582000e+00 1.360297e-05
2.584000e+00 1.368161e-05
2.586000e+00 1.376083e-05
2.588000e+00 1.384063e-05
2.590000e+00 1.392101e-05
2.592000e+00 1.400199e-05
2.594000e+00 1.408357e-05
2.596000e+00 1.416576e-05
2.598000e+00 1.424855e-05
2.600000e+00 1.433196e-05
2.602000e+00 1.441600e-05
2.604000e+00 1.450066e-05
2.606000e+00 1.458596e-05
2.608000e+00 1.467189e-05
2.610000e+00 1.475848e-05
2.612000e+00 1.484571e-05
2.614000e+00 1.493361e-05
2.616000e+00 1.502217e-05
2.618000e+00 1.511141e-05
2.620000e+00 1.520132e-05
2.622000e+00 1.529192e-05
2.624000e+00 1.538321e-05
2.626000e+00 1.547520e-05
2.628000e+00 1.556789e-05
2.630000e+00 1.566130e-05
2.632000e+00 1.575543e-05
2.634000e+00 1.585028e-05
2.636000e+00 1.594587e-05
2.638000e+00 1.604220e-05
2.640000e+00 1.613927e-05
2.642000e+00 1.623710e-05
2.644000e+00 1.633569e-05
2.646000e+00 1.643506e-05
2.648000e+00 1.653520e-05
2.650000e+00 1.663612e-05
2.652000e+00 1.673784e-05
2.654000e+00 1.684036e-05
2.656000e+00 1.694369e-05
2.658000e+00 1.704784e-05
2.660000e+00 1.715280e-05
2.662000e+00 1.725861e-05
2.664000e+00 1.736525e-05
2.666000e+00 1.747274e-05
2.668000e+00 1.758109e-05
2.670000e+00 1.769030e-05
2.672000e+00 1.780039e-05
2.674000e+00 1.791137e-05
2.676000e+00 1.802323e-05
2.678000e+00 1.813599e-05
2.680000e+00 1.824967e-05
2.682000e+00 1.836426e-05
2.684000e+00 1.847978e-05
2.686000e+00 1.859623e-05
2.688000e+00 1.871363e-05
2.690000e+00 1.883199e-05
2.692000e+00 1.895131e-05
2.694000e+00 1.907160e-05
2.696000e+00 1.919288e-05
2.698000e+00 1.931515e-05
2.700000e+00 1.943842e-05
2.702000e+00 1.956271e-05
2.704000e+00 1.968802e-05
2.706000e+00 1.981436e-05
2.708000e+00 1.994174e-05
2.710000e+00 2.007017e-05
2.712000e+00 2.019967e-05
2.714000e+00 2.033024e-05
2.716000e+00 2.046190e-05
2.718000e+00 2.059465e-05
2.720000e+00 2.072850e-05
2.722000e+00 2.086347e-05
2.724000e+00 2.099957e-05
2.726000e+00 2.113680e-05
2.728000e+00 2.127519e-05
2.730000e+00 2.141473e-05
2.732000e+00 2.155544e-05
2.734000e+00 2.169734e-05
2.736000e+00 2.184043e-05
2.738000e+00 2.198472e-05
2.740000e+00 2.213023e-05
2.742000e+00 2.227697e-05
2.744000e+00 2.242495e-05
2.746000e+00 2.257417e-05
2.748000e+00 2.272467e-05
2.750000e+00 2.287643e-05
2.752000e+00 2.302949e-05
2.754000e+00 2.318384e-05
2.756000e+00 2.333951e-05
2.758000e+00 2.349650e-05
2.760000e+00 2.365482e-05
2.762000e+00 2.381449e-05
2.764000e+00 2.397553e-05
2.766000e+00 2.413793e-05
2.768000e+00 2.430173e-05
2.770000e+00 2.446692e-05
2.772000e+00 2.463352e-05
2.774000e+00 2.480155e-05
2.776000e+00 2.497101e-05
2.778000e+00 2.514192e-05
2.780000e+00 2.531430e-05
2.782000e+00 2.548815e-05
2.784000e+00 2.566349e-05
2.786000e+00 2.584033e-05
2.788000e+00 2.601869e-05
2.790000e+00 2.619857e-05
2.792000e+00 2.637999e-05
2.794000e+00 2.656297e-05
2.796000e+00 2.674751e-05
2.798000e+00 2.693364e-05
2.800000e+00 2.712135e-05
2.802000e+00 2.731068e-05
2.804000e+00 2.750162e-05
2.806000e+00 2.769419e-05
2.808000e+00 2.788841e-05
2.810000e+00 2.808429e-05
2.812000e+00 2.828184e-05
2.814000e+00 2.848107e-05
2.816000e+00 2.868200e-05
2.818000e+00 2.888464e-05
2.820000e+00 2.908901e-05
2.822000e+00 2.929510e-05
2.824000e+00 2.950295e-05
2.826000e+00 2.971255e-05
2.828000e+00 2.992393e-05
2.830000e+00 3.013709e-05
2.832000e+00 3.035205e-05
2.834000e+00 3.056882e-05
2.836000e+00 3.078741e-05
2.838000e+00 3.100782e-05
2.840000e+00 3.123008e-05
2.842000e+00 3.145420e-05
2.844000e+00 3.168018e-05
2.846000e+00 3.190803e-05
2.848000e+00 3.213777e-05
2.850000e+00 3.236940e-05
2.852000e+00 3.260294e-05
2.854000e+00 3.283839e-05
2.856000e+00 3.307577e-05
2.858000e+00 3.331508e-05
2.860000e+00 3.355633e-05
2.862000e+00 3.379953e-05
2.864000e+00 3.404468e-05
2.866000e+00 3.429179e-05
2.868000e+00 3.454088e-05
2.870000e+00 3.479194e-05
2.872000e+00 3.504498e-05
2.874000e+00 3.530000e-05
2.876000e+00 3.555702e-05
2.878000e+00 3.581602e-05
2.880000e+00 3.607703e-05
2.882000e+00 3.634003e-05
2.884000e+00 3.660503e-05
2.886000e+00 3.687202e-05
2.888000e+00 3.714102e-05
2.890000e+00 3.741202e-05
2.892000e+00 3.768502e-05
2.894000e+00 3.796000e-05
2.896000e+00 3.823698e-05
2.898000e+00 3.851594e-05
2.900000e+00 3.879688e-05
2.902000e+00 3.907979e-05
2.904000e+00 3.936467e-05
2.906000e+00 3.965149e-05
2.908000e+00 3.994026e-05
2.910000e+00 4.023096e-05
2.912000e+00 4.052357e-05
2.914000e+00 4.081808e-05
2.916000e+00 4.111448e-05
2.918000e+00 4.141274e-05
2.920000e+00 4.171285e-05
2.922000e+00 4.201478e-05
2.924000e+00 4.231850e-05
2.926000e+00 4.262400e-05
2.928000e+00 4.293124e-05
2.930000e+00 4.324020e-05
2.932000e+00 4.355084e-05
2.934000e+00 4.386312e-05
2.936000e+00 4.417702e-05
2.938000e+00 4.449249e-05
2.940000e+00 4.480948e-05
2.942000e+00 4.512797e-05
2.944000e+00 4.544788e-05
2.946000e+00 4.576919e-05
2.948000e+00 4.609183e-05
2.950000e+00 4.641575e-05
2.952000e+00 4.674088e-05
2.954000e+00 4.706717e-05
2.956000e+00 4.739454e-05
2.958000e+00 4.772294e-05
2.960000e+00 4.805227e-05
2.962000e+00 4.838248e-05
2.964000e+00 4.871346e-05
2.966000e+00 4.904515e-05
2.968000e+00 4.937744e-05
2.970000e+00 4.971025e-05
2.972000e+00 5.004347e-05
2.974000e+00 5.037700e-05
2.976000e+00 5.071073e-05
2.978000e+00 5.104454e-05
2.980000e+00 5.137833e-05
2.982000e+00 5.171195e-05
2.984000e+00 5.204528e-05
2.986000e+00 5.237819e-05
2.988000e+00 5.271053e-05
2.990000e+00 5.304215e-05
2.992000e+00 5.337291e-05
2.994000e+00 5.370262e-05
2.996000e+00 5.403114e-05
2.998000e+00 5.435828e-05
3.000000e+00 5.468386e-05
3.002000e+00 5.500769e-05
3.004000e+00 5.532958e-05
3.006000e+00 5.564931e-05
3.008000e+00 5.596668e-05
3.010000e+00 5.628147e-05
3.012000e+00 5.659344e-05
3.014000e+00 5.690235e-05
3.016000e+00 5.720797e-05
3.018000e+00 5.751004e-05
3.020000e+00 5.780828e-05
3.022000e+00 5.810244e-05
3.024000e+00 5.839221e-05
3.026000e+00 5.867732e-05
3.028000e+00 5.895746e-05
3.030000e+00 5.923231e-05
3.032000e+00 5.950155e-05
3.034000e+00 5.976485e-05
3.036000e+00 6.002187e-05
3.038000e+00 6.027224e-05
3.040000e+00 6.051562e-05
3.042000e+00 6.075161e-05
3.044000e+00 6.097984e-05
3.046000e+00 6.119991e-05
3.048000e+00 6.141140e-05
3.050000e+00 6.161391e-05
3.052000e+00 6.180699e-05
3.054000e+00 6.199021e-05
3.056000e+00 6.216312e-05
3.058000e+00 6.232525e-05
3.060000e+00 6.247614e-05
3.062000e+00 6.261529e-05
3.064000e+00 6.274221e-05
3.066000e+00 6.285640e-05
3.068000e+00 6.295734e-05
3.070000e+00 6.304451e-05
3.072000e+00 6.311737e-05
3.074000e+00 6.317538e-05
3.076000e+00 6.321800e-05
3.078000e+00 6.324465e-05
3.080000e+00 6.325477e-05
3.082000e+00 6.324780e-05
3.084000e+00 6.322314e-05
3.086000e+00 6.318021e-05
3.088000e+00 6.311843e-05
3.090000e+00 6.303718e-05
3.092000e+00 6.293588e-05
3.094000e+00 6.281392e-05
3.096000e+00 6.267070e-05
3.098000e+00 6.250561e-05
3.100000e+00 6.231805e-05
3.102000e+00 6.210742e-05
3.104000e+00 6.187312e-05
3.106000e+00 6.161455e-05
3.108000e+00 6.133113e-05
3.110000e+00 6.102228e-05
3.112000e+00 6.068741e-05
3.114000e+00 6.032597e-05
3.116000e+00 5.993741e-05
3.118000e+00 5.952119e-05
3.120000e+00 5.907679e-05
3.122000e+00 5.860369e-05
3.124000e+00 5.810142e-05
3.126000e+00 5.756951e-05
3.128000e+00 5.700752e-05
3.130000e+00 5.641502e-05
3.132000e+00 5.579163e-05
3.134000e+00 5.513699e-05
3.136000e+00 5.445075e-05
3.138000e+00 5.373264e-05
3.140000e+00 5.298237e-05
3.142000e+00 5.219972e-05
3.144000e+00 5.138450e-05
3.146000e+00 5.053658e-05
3.148000e+00 4.965583e-05
3.150000e+00 4.874221e-05
3.152000e+00 4.779569e-05
3.154000e+00 4.681632e-05
3.156000e+00 4.580418e-05
3.158000e+00 4.475940e-05
3.160000e+00 4.368218e-05
3.162000e+00 4.257276e-05
3.164000e+00 4.143144e-05
3.166000e+00 4.025858e-05
3.168000e+00 3.905458e-05
3.170000e+00 3.781993e-05
3.172000e+00 3.655515e-05
3.174000e+00 3.526083e-05
3.176000e+00 3.393762e-05
3.178000e+00 3.258623e-05
3.180000e+00 3.120743e-05
3.182000e+00 2.980205e-05
3.184000e+00 2.837096e-05
3.186000e+00 2.691510e-05
3.188000e+00 2.543548e-05
3.190000e+00 2.393315e-05
3.192000e+00 2.240920e-05
3.194000e+00 2.086480e-05
3.196000e+00 1.930114e-05
3.198000e+00 1.771948e-05
3.200000e+00 1.612111e-05
3.202000e+00 1.450736e-05
3.204000e+00 1.287961e-05
3.206000e+00 1.123926e-05
3.208000e+00 9.587762e-06
3.210000e+00 7.926579e-06
3.212000e+00 6.257206e-06
3.214000e+00 4.581160e-06
3.216000e+00 2.899972e-06
3.218000e+00 1.215190e-06
3.220000e+00 -4.716284e-07
3.222000e+00 -2.158922e-06
3.224000e+00 -3.845127e-06
3.226000e+00 -5.528681e-06
3.228000e+00 -7.208028e-06
3.230000e+00 -8.881624e-06
3.232000e+00 -1.054794e-05
3.234000e+00 -1.220546e-05
3.236000e+00 -1.385269e-05
3.238000e+00 -1.548818e-05
3.240000e+00 -1.711048e-05
3.242000e+00 -1.871819e-05
3.244000e+00 -2.030995e-05
3.246000e+00 -2.188442e-05
3.248000e+00 -2.344032e-05
3.250000e+00 -2.497641e-05
3.252000e+00 -2.649149e-05
3.254000e+00 -2.798443e-05
3.256000e+00 -2.945411e-05
3.258000e+00 -3.089951e-05
3.260000e+00 -3.231964e-05
3.262000e+00 -3.371357e-05
3.264000e+00 -3.508042e-05
3.266000e+00 -3.641938e-05
3.268000e+00 -3.772969e-05
3.270000e+00 -3.901067e-05
3.272000e+00 -4.026167e-05
3.274000e+00 -4.148211e-05
3.276000e+00 -4.267149e-05
3.278000e+00 -4.382933e-05
3.280000e+00 -4.495525e-05
3.282000e+00 -4.604889e-05
3.284000e+00 -4.710998e-05
3.286000e+00 -4.813828e-05
3.288000e+00 -4.913362e-05
3.290000e+00 -5.009587e-05
3.292000e+00 -5.102498e-05
3.294000e+00 -5.192090e-05
3.296000e+00 -5.278368e-05
3.298000e+00 -5.361339e-05
3.300000e+00 -5.441015e-05
3.302000e+00 -5.517411e-05
3.304000e+00 -5.590549e-05
3.306000e+00 -5.660452e-05
3.308000e+00 -5.727149e-05
3.310000e+00 -5.790670e-05
3.312000e+00 -5.851050e-05
3.314000e+00 -5.908327e-05
3.316000e+00 -5.962542e-05
3.318000e+00 -6.013737e-05
3.320000e+00 -6.061958e-05
3.322000e+00 -6.107253e-05
3.324000e+00 -6.149672e-05
3.326000e+00 -6.189267e-05
3.328000e+00 -6.226091e-05
3.330000e+00 -6.260200e-05
3.332000e+00 -6.291649e-05
3.334000e+00 -6.320495e-05
3.336000e+00 -6.346798e-05
3.338000e+00 -6.370617e-05
3.340000e+00 -6.392011e-05
3.342000e+00 -6.411041e-05
3.344000e+00 -6.427768e-05
3.346000e+00 -6.442253e-05
3.348000e+00 -6.454557e-05
3.350000e+00 -6.464741e-05
3.352000e+00 -6.472867e-05
3.354000e+00 -6.478996e-05
3.356000e+00 -6.483188e-05
3.358000e+00 -6.485504e-05
3.360000e+00 -6.486003e-05
3.362000e+00 -6.484746e-05
3.364000e+00 -6.481790e-05
3.366000e+00 -6.477194e-05
3.368000e+00 -6.471014e-05
3.370000e+00 -6.463308e-05
3.372000e+00 -6.454131e-05
3.374000e+00 -6.443538e-05
3.376000e+00 -6.431583e-05
3.378000e+00 -6.418318e-05
3.380000e+00 -6.403796e-05
3.382000e+00 -6.388067e-05
3.384000e+00 -6.371181e-05
3.386000e+00 -6.353186e-05
3.388000e+00 -6.334131e-05
3.390000e+00 -6.314062e-05
3.392000e+00 -6.293024e-05
3.394000e+00 -6.271061e-05
3.396000e+00 -6.248218e-05
3.398000e+00 -6.224535e-05
3.400000e+00 -6.200054e-05
3.402000e+00 -6.174815e-05
3.404000e+00 -6.148856e-05
3.406000e+00 -6.122215e-05
3.408000e+00 -6.094929e-05
3.410000e+00 -6.067033e-05
3.412000e+00 -6.038561e-05
3.414000e+00 -6.009547e-05
3.416000e+00 -5.980024e-05
3.418000e+00 -5.950021e-05
3.420000e+00 -5.919571e-05
3.422000e+00 -5.888701e-05
3.424000e+00 -5.857441e-05
3.426000e+00 -5.825817e-05
3.428000e+00 -5.793856e-05
3.430000e+00 -5.761583e-05
3.432000e+00 -5.729024e-05
3.434000e+00 -5.696201e-05
3.436000e+00 -5.663137e-05
3.438000e+00 -5.629856e-05
3.440000e+00 -5.596376e-05
3.442000e+00 -5.562720e-05
3.444000e+00 -5.528907e-05
3.446000e+00 -5.494955e-05
3.448000e+00 -5.460882e-05
3.450000e+00 -5.426707e-05
3.452000e+00 -5.392445e-05
3.454000e+00 -5.358113e-05
3.456000e+00 -5.323726e-05
3.458000e+00 -5.289298e-05
3.460000e+00 -5.254844e-05
3.462000e+00 -5.220378e-05
3.464000e+00 -5.185911e-05
3.466000e+00 -5.151457e-05
3.468000e+00 -5.117027e-05
3.470000e+00 -5.082633e-05
3.472000e+00 -5.048285e-05
3.474000e+00 -5.013993e-05
3.476000e+00 -4.979767e-05
3.478000e+00 -4.945617e-05
3.480000e+00 -4.911552e-05
3.482000e+00 -4.877579e-05
3.484000e+00 -4.843706e-05
3.486000e+00 -4.809943e-05
3.488000e+00 -4.776294e-05
3.490000e+00 -4.742768e-05
3.492000e+00 -4.709371e-05
3.494000e+00 -4.676109e-05
3.496000e+00 -4.642988e-05
3.498000e+00 -4.610013e-05
3.500000e+00 -4.577189e-05
3.502000e+00 -4.544522e-05
3.504000e+00 -4.512015e-05
3.506000e+00 -4.479674e-05
3.508000e+00 -4.447501e-05
3.510000e+00 -4.415502e-05
3.512000e+00 -4.383678e-05
3.514000e+00 -4.352035e-05
3.516000e+00 -4.320574e-05
3.518000e+00 -4.289299e-05
3.520000e+00 -4.258212e-05
3.522000e+00 -4.227315e-05
3.524000e+00 -4.196612e-05
3.526000e+00 -4.166103e-05
3.528000e+00 -4.135791e-05
3.530000e+00 -4.105677e-05
3.532000e+00 -4.075764e-05
3.534000e+00 -4.046051e-05
3.536000e+00 -4.016542e-05
3.538000e+00 -3.987236e-05
3.540000e+00 -3.958135e-05
3.542000e+00 -3.929239e-05
3.544000e+00 -3.900549e-05
3.546000e+00 -3.872067e-05
3.548000e+00 -3.843791e-05
3.550000e+00 -3.815723e-05
3.552000e+00 -3.787863e-05
3.554000e+00 -3.760211e-05
3.556000e+00 -3.732767e-05
3.558000e+00 -3.705531e-05
3.560000e+00 -3.678503e-05
3.562000e+00 -3.651683e-05
3.564000e+00 -3.625070e-05
3.566000e+00 -3.598665e-05
3.568000e+00 -3.572466e-05
3.570000e+00 -3.546474e-05
3.572000e+00 -3.520687e-05
3.574000e+00 -3.495106e-05
3.576000e+00 -3.469728e-05
3.578000e+00 -3.444555e-05
3.580000e+00 -3.419585e-05
3.582000e+00 -3.394817e-05
3.584000e+00 -3.370250e-05
3.586000e+00 -3.345884e-05
3.588000e+00 -3.321717e-05
3.590000e+00 -3.297749e-05
3.592000e+00 -3.273979e-05
3.594000e+00 -3.250405e-05
3.596000e+00 -3.227027e-05
3.598000e+00 -3.203842e-05
3.600000e+00 -3.180852e-05
3.602000e+00 -3.158053e-05
3.604000e+00 -3.135445e-05
3.606000e+00 -3.113027e-05
3.608000e+00 -3.090797e-05
3.610000e+00 -3.068755e-05
3.612000e+00 -3.046899e-05
3.614000e+00 -3.025227e-05
3.616000e+00 -3.003739e-05
3.618000e+00 -2.982434e-05
3.620000e+00 -2.961309e-05
3.622000e+00 -2.940363e-05
3.624000e+00 -2.919596e-05
3.626000e+00 -2.899006e-05
3.628000e+00 -2.878591e-05
3.630000e+00 -2.858350e-05
3.632000e+00 -2.838283e-05
3.634000e+00 -2.818386e-05
3.636000e+00 -2.798660e-05
3.638000e+00 -2.779103e-05
3.640000e+00 -2.759713e-05
3.642000e+00 -2.740489e-05
3.644000e+00 -2.721430e-05
3.646000e+00 -2.702533e-05
3.648000e+00 -2.683799e-05
3.650000e+00 -2.665225e-05
3.652000e+00 -2.646811e-05
3.654000e+00 -2.628554e-05
3.656000e+00 -2.610453e-05
3.658000e+00 -2.592508e-05
3.660000e+00 -2.574716e-05
3.662000e+00 -2.557077e-05
3.664000e+00 -2.539588e-05
3.666000e+00 -2.522249e-05
3.668000e+00 -2.505059e-05
3.670000e+00 -2.488015e-05
3.672000e+00 -2.471117e-05
3.674000e+00 -2.454363e-05
3.676000e+00 -2.437752e-05
3.678000e+00 -2.421283e-05
3.680000e+00 -2.404954e-05
3.682000e+00 -2.388764e-05
3.684000e+00 -2.372712e-05
3.686000e+00 -2.356797e-05
3.688000e+00 -2.341016e-05
3.690000e+00 -2.325370e-05
3.692000e+00 -2.309856e-05
3.694000e+00 -2.294473e-05
3.696000e+00 -2.279221e-05
3.698000e+00 -2.264098e-05
3.700000e+00 -2.249102e-05
3.702000e+00 -2.234233e-05
3.704000e+00 -2.219489e-05
3.706000e+00 -2.204870e-05
3.708000e+00 -2.190373e-05
3.710000e+00 -2.175998e-05
3.712000e+00 -2.161743e-05
3.714000e+00 -2.147608e-05
3.716000e+00 -2.133591e-05
3.718000e+00 -2.119691e-05
3.720000e+00 -2.105908e-05
3.722000e+00 -2.092238e-05
3.724000e+00 -2.078683e-05
3.726000e+00 -2.065240e-05
3.728000e+00 -2.051909e-05
3.730000e+00 -2.038688e-05
3.732000e+00 -2.025577e-05
3.734000e+00 -2.012574e-05
3.736000e+00 -1.999678e-05
3.738000e+00 -1.986888e-05
3.740000e+00 -1.974204e-05
3.742000e+00 -1.961623e-05
3.744000e+00 -1.949146e-05
3.746000e+00 -1.936771e-05
3.748000e+00 -1.924496e-05
3.750000e+00 -1.912322e-05
3.752000e+00 -1.900247e-05
3.754000e+00 -1.888270e-05
3.756000e+00 -1.876391e-05
3.758000e+00 -1.864607e-05
3.760000e+00 -1.852919e-05
3.762000e+00 -1.841325e-05
3.764000e+00 -1.829825e-05
3.766000e+00 -1.818417e-05
3.768000e+00 -1.807101e-05
3.770000e+00 -1.795875e-05
3.772000e+00 -1.784739e-05
3.774000e+00 -1.773692e-05
3.776000e+00 -1.762733e-05
3.778000e+00 -1.751862e-05
3.780000e+00 -1.741076e-05
3.782000e+00 -1.730376e-05
3.784000e+00 -1.719761e-05
3.786000e+00 -1.709230e-05
3.788000e+00 -1.698781e-05
3.790000e+00 -1.688415e-05
3.792000e+00 -1.678130e-05
3.794000e+00 -1.667926e-05
3.796000e+00 -1.657801e-05
3.798000e+00 -1.647756e-05
3.800000e+00 -1.637788e-05
3.802000e+00 -1.627899e-05
3.804000e+00 -1.618086e-05
3.806000e+00 -1.608348e-05
3.808000e+00 -1.598687e-05
3.810000e+00 -1.589099e-05
3.812000e+00 -1.579586e-05
3.814000e+00 -1.570145e-05
3.816000e+00 -1.560777e-05
3.818000e+00 -1.551480e-05
3.820000e+00 -1.542255e-05
3.822000e+00 -1.533099e-05
3.824000e+00 -1.524014e-05
3.826000e+00 -1.514997e-05
3.828000e+00 -1.506048e-05
3.830000e+00 -1.497167e-05
3.832000e+00 -1.488353e-05
3.834000e+00 -1.479605e-05
3.836000e+00 -1.470923e-05
3.838000e+00 -1.462306e-05
3.840000e+00 -1.453753e-05
3.842000e+00 -1.445264e-05
3.844000e+00 -1.436839e-05
3.846000e+00 -1.428475e-05
3.848000e+00 -1.420174e-05
3.850000e+00 -1.411934e-05
3.852000e+00 -1.403755e-05
3.854000e+00 -1.395636e-05
3.856000e+00 -1.387577e-05
3.858000e+00 -1.379577e-05
3.860000e+00 -1.371635e-05
3.862000e+00 -1.363751e-05
3.864000e+00 -1.355925e-05
3.866000e+00 -1.348155e-05
3.868000e+00 -1.340442e-05
3.870000e+00 -1.332784e-05
3.872000e+00 -1.325182e-05
3.874000e+00 -1.317634e-05
3.876000e+00 -1.310141e-05
3.878000e+00 -1.302702e-05
3.880000e+00 -1.295315e-05
3.882000e+00 -1.287981e-05
3.884000e+00 -1.280700e-05
3.886000e+00 -1.273470e-05
3.888000e+00 -1.266291e-05
3.890000e+00 -1.259164e-05
3.892000e+00 -1.252086e-05
3.894000e+00 -1.245058e-05
3.896000e+00 -1.238080e-05
3.898000e+00 -1.231150e-05
3.900000e+00 -1.224269e-05
3.902000e+00 -1.217436e-05
3.904000e+00 -1.210651e-05
3.906000e+00 -1.203912e-05
3.908000e+00 -1.197220e-05
3.910000e+00 -1.190575e-05
3.912000e+00 -1.183975e-05
3.914000e+00 -1.177421e-05
3.916000e+00 -1.170911e-05
3.918000e+00 -1.164447e-05
3.920000e+00 -1.158026e-05
3.922000e+00 -1.151649e-05
3.924000e+00 -1.145315e-05
3.926000e+00 -1.139025e-05
3.928000e+00 -1.132776e-05
3.930000e+00 -1.126571e-05
3.932000e+00 -1.120406e-05
3.934000e+00 -1.114284e-05
3.936000e+00 -1.108202e-05
3.938000e+00 -1.102161e-05
3.940000e+00 -1.096160e-05
3.942000e+00 -1.090199e-05
3.944000e+00 -1.084278e-05
3.946000e+00 -1.078396e-05
3.948000e+00 -1.072553e-05
3.950000e+00 -1.066748e-05
3.952000e+00 -1.060981e-05
3.954000e+00 -1.055253e-05
3.956000e+00 -1.049562e-05
3.958000e+00 -1.043907e-05
3.960000e+00 -1.038290e-05
3.962000e+00 -1.032709e-05
3.964000e+00 -1.027165e-05
3.966000e+00 -1.021656e-05
3.968000e+00 -1.016183e-05
3.970000e+00 -1.010745e-05
3.972000e+00 -1.005342e-05
3.974000e+00 -9.999732e-06
3.976000e+00 -9.946390e-06
3.978000e+00 -9.893387e-06
3.980000e+00 -9.840721e-06
3.982000e+00 -9.788390e-06
3.984000e+00 -9.736389e-06
3.986000e+00 -9.684716e-06
3.988000e+00 -9.633369e-06
3.990000e+00 -9.582344e-06
3.992000e+00 -9.531638e-06
3.994000e+00 -9.481249e-06
3.996000e+00 -9.431174e-06
3.998000e+00 -9.381411e-06
4.000000e+00 -9.331956e-06
4.002000e+00 -9.282807e-06
4.004000e+00 -9.233961e-06
4.006000e+00 -9.185416e-06
4.008000e+00 -9.137169e-06
4.010000e+00 -9.089217e-06
4.012000e+00 -9.041559e-06
4.014000e+00 -8.994191e-06
4.016000e+00 -8.947110e-06
4.018000e+00 -8.900315e-06
4.020000e+00 -8.853804e-06
4.022000e+00 -8.807573e-06
4.024000e+00 -8.761620e-06
4.026000e+00 -8.715942e-06
4.028000e+00 -8.670539e-06
4.030000e+00 -8.625406e-06
4.032000e+00 -8.580543e-06
4.034000e+00 -8.535946e-06
4.036000e+00 -8.491613e-06
4.038000e+00 -8.447542e-06
4.040000e+00 -8.403732e-06
4.042000e+00 -8.360179e-06
4.044000e+00 -8.316881e-06
4.046000e+00 -8.273837e-06
4.048000e+00 -8.231044e-06
4.050000e+00 -8.188501e-06
4.052000e+00 -8.146204e-06
4.054000e+00 -8.104152e-06
4.056000e+00 -8.062343e-06
4.058000e+00 -8.020776e-06
4.060000e+00 -7.979447e-06
4.062000e+00 -7.938355e-06
4.064000e+00 -7.897498e-06
4.066000e+00 -7.856874e-06
4.068000e+00 -7.816481e-06
4.070000e+00 -7.776317e-06
4.072000e+00 -7.736380e-06
4.074000e+00 -7.696669e-06
4.076000e+00 -7.657181e-06
4.078000e+00 -7.617916e-06
4.080000e+00 -7.578869e-06
4.082000e+00 -7.540041e-06
4.084000e+00 -7.501430e-06
4.086000e+00 -7.463032e-06
4.088000e+00 -7.424848e-06
4.090000e+00 -7.386874e-06
4.092000e+00 -7.349110e-06
4.094000e+00 -7.311554e-06
4.096000e+00 -7.274203e-06
4.098000e+00 -7.237056e-06
4.100000e+00 -7.200112e-06
4.102000e+00 -7.163369e-06
4.104000e+00 -7.126825e-06
4.106000e+00 -7.090479e-06
4.108000e+00 -7.054329e-06
4.110000e+00 -7.018374e-06
4.112000e+00 -6.982611e-06
4.114000e+00 -6.947040e-06
4.116000e+00 -6.911658e-06
4.118000e+00 -6.876465e-06
4.120000e+00 -6.841459e-06
4.122000e+00 -6.806638e-06
4.124000e+00 -6.772000e-06
4.126000e+00 -6.737546e-06
4.128000e+00 -6.703271e-06
4.130000e+00 -6.669177e-06
4.132000e+00 -6.635260e-06
4.134000e+00 -6.601520e-06
4.136000e+00 -6.567955e-06
4.138000e+00 -6.534564e-06
4.140000e+00 -6.501346e-06
4.142000e+00 -6.468298e-06
4.144000e+00 -6.435420e-06
4.146000e+00 -6.402710e-06
4.148000e+00 -6.370168e-06
4.150000e+00 -6.337791e-06
4.152000e+00 -6.305579e-06
4.154000e+00 -6.273529e-06
4.156000e+00 -6.241642e-06
4.158000e+00 -6.209915e-06
4.160000e+00 -6.178347e-06
4.162000e+00 -6.146937e-06
4.164000e+00 -6.115684e-06
4.166000e+00 -6.084587e-06
4.168000e+00 -6.053644e-06
4.170000e+00 -6.022854e-06
4.172000e+00 -5.992216e-06
4.174000e+00 -5.961729e-06
4.176000e+00 -5.931391e-06
4.178000e+00 -5.901202e-06
4.180000e+00 -5.871160e-06
4.182000e+00 -5.841264e-06
4.184000e+00 -5.811513e-06
4.186000e+00 -5.781906e-06
4.188000e+00 -5.752442e-06
4.190000e+00 -5.723119e-06
4.192000e+00 -5.693937e-06
4.194000e+00 -5.664895e-06
4.196000e+00 -5.635990e-06
4.198000e+00 -5.607224e-06
4.200000e+00 -5.578593e-06
4.202000e+00 -5.550097e-06
4.204000e+00 -5.521736e-06
4.206000e+00 -5.493508e-06
4.208000e+00 -5.465412e-06
4.210000e+00 -5.437447e-06
4.212000e+00 -5.409612e-06
4.214000e+00 -5.381906e-06
4.216000e+00 -5.354329e-06
4.218000e+00 -5.326878e-06
4.220000e+00 -5.299554e-06
4.222000e+00 -5.272354e-06
4.224000e+00 -5.245279e-06
4.226000e+00 -5.218328e-06
4.228000e+00 -5.191498e-06
4.230000e+00 -5.164790e-06
4.232000e+00 -5.138203e-06
4.234000e+00 -5.111735e-06
4.236000e+00 -5.085385e-06
4.238000e+00 -5.059154e-06
4.240000e+00 -5.033039e-06
4.242000e+00 -5.007041e-06
4.244000e+00 -4.981157e-06
4.246000e+00 -4.955388e-06
4.248000e+00 -4.929731e-06
4.250000e+00 -4.904188e-06
4.252000e+00 -4.878756e-06
4.254000e+00 -4.853435e-06
4.256000e+00 -4.828224e-06
4.258000e+00 -4.803122e-06
4.260000e+00 -4.778128e-06
4.262000e+00 -4.753242e-06
4.264000e+00 -4.728462e-06
4.266000e+00 -4.703788e-06
4.268000e+00 -4.679220e-06
4.270000e+00 -4.654755e-06
4.272000e+00 -4.630394e-06
4.274000e+00 -4.606136e-06
4.276000e+00 -4.581980e-06
4.278000e+00 -4.557925e-06
4.280000e+00 -4.533970e-06
4.282000e+00 -4.510115e-06
4.284000e+00 -4.486359e-06
4.286000e+00 -4.462701e-06
4.288000e+00 -4.439141e-06
4.290000e+00 -4.415677e-06
4.292000e+00 -4.392309e-06
4.294000e+00 -4.369037e-06
4.296000e+00 -4.345859e-06
4.298000e+00 -4.322774e-06
4.300000e+00 -4.299783e-06
4.302000e+00 -4.276884e-06
4.304000e+00 -4.254078e-06
4.306000e+00 -4.231362e-06
4.308000e+00 -4.208736e-06
4.310000e+00 -4.186200e-06
4.312000e+00 -4.163753e-06
4.314000e+00 -4.141395e-06
4.316000e+00 -4.119124e-06
4.318000e+00 -4.096940e-06
4.320000e+00 -4.074843e-06
4.322000e+00 -4.052831e-06
4.324000e+00 -4.030904e-06
4.326000e+00 -4.009062e-06
4.328000e+00 -3.987304e-06
4.330000e+00 -3.965628e-06
4.332000e+00 -3.944036e-06
4.334000e+00 -3.922525e-06
4.336000e+00 -3.901095e-06
4.338000e+00 -3.879747e-06
4.340000e+00 -3.858478e-06
4.342000e+00 -3.837289e-06
4.344000e+00 -3.816179e-06
4.346000e+00 -3.795147e-06
4.348000e+00 -3.774193e-06
4.350000e+00 -3.753316e-06
4.352000e+00 -3.732516e-06
4.354000e+00 -3.711791e-06
4.356000e+00 -3.691142e-06
4.358000e+00 -3.670568e-06
4.360000e+00 -3.650068e-06
4.362000e+00 -3.629642e-06
4.364000e+00 -3.609290e-06
4.366000e+00 -3.589009e-06
4.368000e+00 -3.568801e-06
4.370000e+00 -3.548665e-06
4.372000e+00 -3.528599e-06
4.374000e+00 -3.508604e-06
4.376000e+00 -3.488679e-06
4.378000e+00 -3.468823e-06
4.380000e+00 -3.449036e-06
4.382000e+00 -3.429317e-06
4.384000e+00 -3.409667e-06
4.386000e+00 -3.390083e-06
4.388000e+00 -3.370567e-06
4.390000e+00 -3.351117e-06
4.392000e+00 -3.331732e-06
4.394000e+00 -3.312413e-06
4.396000e+00 -3.293159e-06
4.398000e+00 -3.273969e-06
4.400000e+00 -3.254843e-06
4.402000e+00 -3.235780e-06
4.404000e+00 -3.216780e-06
4.406000e+00 -3.197843e-06
4.408000e+00 -3.178967e-06
4.410000e+00 -3.160153e-06
4.412000e+00 -3.141400e-06
4.414000e+00 -3.122707e-06
4.416000e+00 -3.104075e-06
4.418000e+00 -3.085502e-06
4.420000e+00 -3.066988e-06
4.422000e+00 -3.048533e-06
4.424000e+00 -3.030136e-06
4.426000e+00 -3.011796e-06
4.428000e+00 -2.993514e-06
4.430000e+00 -2.975289e-06
4.432000e+00 -2.957121e-06
4.434000e+00 -2.939008e-06
4.436000e+00 -2.920951e-06
4.438000e+00 -2.902949e-06
4.440000e+00 -2.885002e-06
4.442000e+00 -2.867109e-06
4.444000e+00 -2.849270e-06
4.446000e+00 -2.831485e-06
4.448000e+00 -2.813752e-06
4.450000e+00 -2.796072e-06
4.452000e+00 -2.778445e-06
4.454000e+00 -2.760869e-06
4.456000e+00 -2.743344e-06
4.458000e+00 -2.725870e-06
4.460000e+00 -2.708447e-06
4.462000e+00 -2.691074e-06
4.464000e+00 -2.673751e-06
4.466000e+00 -2.656478e-06
4.468000e+00 -2.639253e-06
4.470000e+00 -2.622077e-06
4.472000e+00 -2.604949e-06
4.474000e+00 -2.587868e-06
4.476000e+00 -2.570836e-06
4.478000e+00 -2.553850e-06
4.480000e+00 -2.536911e-06
4.482000e+00 -2.520018e-06
4.484000e+00 -2.503172e-06
4.486000e+00 -2.486370e-06
4.488000e+00 -2.469614e-06
4.490000e+00 -2.452903e-06
4.492000e+00 -2.436236e-06
4.494000e+00 -2.419613e-06
4.496000e+00 -2.403034e-06
4.498000e+00 -2.386499e-06
4.500000e+00 -2.370006e-06
4.502000e+00 -2.353556e-06
4.504000e+00 -2.337148e-06
4.506000e+00 -2.320783e-06
4.508000e+00 -2.304458e-06
4.510000e+00 -2.288175e-06
4.512000e+00 -2.271933e-06
4.514000e+00 -2.255732e-06
4.516000e+00 -2.239570e-06
4.518000e+00 -2.223449e-06
4.520000e+00 -2.207367e-06
4.522000e+00 -2.191324e-06
4.524000e+00 -2.175321e-06
4.526000e+00 -2.159355e-06
4.528000e+00 -2.143428e-06
4.530000e+00 -2.127539e-06
4.532000e+00 -2.111687e-06
4.534000e+00 -2.095873e-06
4.536000e+00 -2.080095e-06
4.538000e+00 -2.064354e-06
4.540000e+00 -2.048649e-06
4.542000e+00 -2.032980e-06
4.544000e+00 -2.017347e-06
4.546000e+00 -2.001749e-06
4.548000e+00 -1.986186e-06
4.550000e+00 -1.970657e-06
4.552000e+00 -1.955163e-06
4.554000e+00 -1.939703e-06
4.556000e+00 -1.924277e-06
4.558000e+00 -1.908884e-06
4.560000e+00 -1.893525e-06
4.562000e+00 -1.878198e-06
4.564000e+00 -1.862903e-06
4.566000e+00 -1.847641e-06
4.568000e+00 -1.832411e-06
4.570000e+00 -1.817212e-06
4.572000e+00 -1.802045e-06
4.574000e+00 -1.786909e-06
4.576000e+00 -1.771803e-06
4.578000e+00 -1.756728e-06
4.580000e+00 -1.741683e-06
4.582000e+00 -1.726668e-06
4.584000e+00 -1.711683e-06
4.586000e+00 -1.696726e-06
4.588000e+00 -1.681799e-06
4.590000e+00 -1.666901e-06
4.592000e+00 -1.652031e-06
4.594000e+00 -1.637189e-06
4.596000e+00 -1.622375e-06
4.598000e+00 -1.607588e-06
4.600000e+00 -1.592829e-06
4.602000e+00 -1.578097e-06
4.604000e+00 -1.563391e-06
4.606000e+00 -1.548713e-06
4.608000e+00 -1.534060e-06
4.610000e+00 -1.519433e-06
4.612000e+00 -1.504832e-06
4.614000e+00 -1.490256e-06
4.616000e+00 -1.475706e-06
4.618000e+00 -1.461180e-06
4.620000e+00 -1.446679e-06
4.622000e+00 -1.432202e-06
4.624000e+00 -1.417749e-06
4.626000e+00 -1.403320e-06
4.628000e+00 -1.388915e-06
4.630000e+00 -1.374533e-06
4.632000e+00 -1.360174e-06
4.634000e+00 -1.345837e-06
4.636000e+00 -1.331523e-06
4.638000e+00 -1.317232e-06
4.640000e+00 -1.302962e-06
4.642000e+00 -1.288714e-06
4.644000e+00 -1.274487e-06
4.646000e+00 -1.260282e-06
4.648000e+00 -1.246098e-06
4.650000e+00 -1.231934e-06
4.652000e+00 -1.217791e-06
4.654000e+00 -1.203668e-06
4.656000e+00 -1.189565e-06
4.658000e+00 -1.175482e-06
4.660000e+00 -1.161418e-06
4.662000e+00 -1.147373e-06
4.664000e+00 -1.133347e-06
4.666000e+00 -1.119340e-06
4.668000e+00 -1.105352e-06
4.670000e+00 -1.091382e-06
4.672000e+00 -1.077429e-06
4.674000e+00 -1.063495e-06
4.676000e+00 -1.049578e-06
4.678000e+00 -1.035678e-06
4.680000e+00 -1.021795e-06
4.682000e+00 -1.007929e-06
4.684000e+00 -9.940795e-07
4.686000e+00 -9.802464e-07
4.688000e+00 -9.664292e-07
4.690000e+00 -9.526280e-07
4.692000e+00 -9.388423e-07
4.694000e+00 -9.250719e-07
4.696000e+00 -9.113167e-07
4.698000e+00 -8.975764e-07
4.700000e+00 -8.838507e-07
4.702000e+00 -8.701394e-07
4.704000e+00 -8.564423e-07
4.706000e+00 -8.427592e-07
4.708000e+00 -8.290898e-07
4.710000e+00 -8.154339e-07
4.712000e+00 -8.017912e-07
4.714000e+00 -7.881616e-07
4.716000e+00 -7.745448e-07
4.718000e+00 -7.609406e-07
4.720000e+00 -7.473487e-07
4.722000e+00 -7.337689e-07
4.724000e+00 -7.202010e-07
4.726000e+00 -7.066448e-07
4.728000e+00 -6.931000e-07
4.730000e+00 -6.795664e-07
4.732000e+00 -6.660438e-07
4.734000e+00 -6.525320e-07
4.736000e+00 -6.390307e-07
4.738000e+00 -6.255397e-07
4.740000e+00 -6.120588e-07
4.742000e+00 -5.985878e-07
4.744000e+00 -5.851264e-07
4.746000e+00 -5.716745e-07
4.748000e+00 -5.582317e-07
4.750000e+00 -5.447979e-07
4.752000e+00 -5.313729e-07
4.754000e+00 -5.179565e-07
4.756000e+00 -5.045483e-07
4.758000e+00 -4.911482e-07
4.760000e+00 -4.777561e-07
4.762000e+00 -4.643715e-07
4.764000e+00 -4.509944e-07
4.766000e+00 -4.376246e-07
4.768000e+00 -4.242617e-07
4.770000e+00 -4.109056e-07
4.772000e+00 -3.975561e-07
4.774000e+00 -3.842129e-07
4.776000e+00 -3.708759e-07
4.778000e+00 -3.575448e-07
4.780000e+00 -3.442193e-07
4.782000e+00 -3.308994e-07
4.784000e+00 -3.175847e-07
4.786000e+00 -3.042751e-07
4.788000e+00 -2.909702e-07
4.790000e+00 -2.776701e-07
4.792000e+00 -2.643743e-07
4.794000e+00 -2.510826e-07
4.796000e+00 -2.377950e-07
4.798000e+00 -2.245111e-07
4.800000e+00 -2.112308e-07
4.802000e+00 -1.979537e-07
4.804000e+00 -1.846798e-07
4.806000e+00 -1.714088e-07
4.808000e+00 -1.581404e-07
4.810000e+00 -1.448745e-07
4.812000e+00 -1.316109e-07
4.814000e+00 -1.183493e-07
4.816000e+00 -1.050895e-07
4.818000e+00 -9.183136e-08
4.820000e+00 -7.857459e-08
4.822000e+00 -6.531900e-08
4.824000e+00 -5.206438e-08
4.826000e+00 -3.881050e-08
4.828000e+00 -2.555717e-08
4.830000e+00 -1.230416e-08
4.832000e+00 9.487332e-10
4.834000e+00 1.420173e-08
4.836000e+00 2.745505e-08
4.838000e+00 4.070889e-08
4.840000e+00 5.396348e-08
4.842000e+00 6.721903e-08
4.844000e+00 8.047574e-08
4.846000e+00 9.373385e-08
4.848000e+00 1.069935e-07
4.850000e+00 1.202551e-07
4.852000e+00 1.335186e-07
4.854000e+00 1.467844e-07
4.856000e+00 1.600526e-07
4.858000e+00 1.733235e-07
4.860000e+00 1.865973e-07
4.862000e+00 1.998742e-07
4.864000e+00 2.131544e-07
4.866000e+00 2.264382e-07
4.868000e+00 2.397257e-07
4.870000e+00 2.530171e-07
4.872000e+00 2.663127e-07
4.874000e+00 2.796127e-07
4.876000e+00 2.929173e-07
4.878000e+00 3.062268e-07
4.880000e+00 3.195412e-07
4.882000e+00 3.328610e-07
4.884000e+00 3.461862e-07
4.886000e+00 3.595171e-07
4.888000e+00 3.728538e-07
4.890000e+00 3.861967e-07
4.892000e+00 3.995460e-07
4.894000e+00 4.129018e-07
4.896000e+00 4.262644e-07
4.898000e+00 4.396339e-07
4.900000e+00 4.530107e-07
4.902000e+00 4.663949e-07
4.904000e+00 4.797868e-07
4.906000e+00 4.931865e-07
4.908000e+00 5.065944e-07
4.910000e+00 5.200105e-07
4.912000e+00 5.334351e-07
4.914000e+00 5.468685e-07
4.916000e+00 5.603109e-07
4.918000e+00 5.737625e-07
4.920000e+00 5.872235e-07
4.922000e+00 6.006941e-07
4.924000e+00 6.141746e-07
4.926000e+00 6.276651e-07
4.928000e+00 6.411660e-07
4.930000e+00 6.546774e-07
4.932000e+00 6.681995e-07
4.934000e+00 6.817327e-07
4.936000e+00 6.952770e-07
4.938000e+00 7.088328e-07
4.940000e+00 7.224002e-07
4.942000e+00 7.359795e-07
4.944000e+00 7.495709e-07
4.946000e+00 7.631746e-07
4.948000e+00 7.767909e-07
4.950000e+00 7.904200e-07
4.952000e+00 8.040622e-07
4.954000e+00 8.177176e-07
4.956000e+00 8.313864e-07
4.958000e+00 8.450690e-07
4.960000e+00 8.587655e-07
4.962000e+00 8.724762e-07
4.964000e+00 8.862013e-07
4.966000e+00 8.999411e-07
4.968000e+00 9.136957e-07
4.970000e+00 9.274655e-07
4.972000e+00 9.412506e-07
4.974000e+00 9.550512e-07
4.976000e+00 9.688677e-07
4.978000e+00 9.827003e-07
4.980000e+00 9.965491e-07
4.982000e+00 1.010414e-06
4.984000e+00 1.024297e-06
4.986000e+00 1.038196e-06
4.988000e+00 1.052112e-06
4.990000e+00 1.066046e-06
4.992000e+00 1.079998e-06
4.994000e+00 1.093967e-06
4.996000e+00 1.107955e-06
4.998000e+00 1.121961e-06
5.000000e+00 1.135986e-06
5.002000e+00 1.150030e-06
5.004000e+00 1.164093e-06
5.006000e+00 1.178176e-06
5.008000e+00 1.192278e-06
5.010000e+00 1.206401e-06
5.012000e+00 1.220543e-06
5.014000e+00 1.234706e-06
5.016000e+00 1.248890e-06
5.018000e+00 1.263094e-06
5.020000e+00 1.277320e-06
5.022000e+00 1.291567e-06
5.024000e+00 1.305836e-06
5.026000e+00 1.320127e-06
5.028000e+00 1.334440e-06
5.030000e+00 1.348775e-06
5.032000e+00 1.363134e-06
5.034000e+00 1.377515e-06
5.036000e+00 1.391920e-06
5.038000e+00 1.406348e-06
5.040000e+00 1.420800e-06
5.042000e+00 1.435276e-06
5.044000e+00 1.449776e-06
5.046000e+00 1.464301e-06
5.048000e+00 1.478851e-06
5.050000e+00 1.493425e-06
5.052000e+00 1.508026e-06
5.054000e+00 1.522652e-06
5.056000e+00 1.537303e-06
5.058000e+00 1.551981e-06
5.060000e+00 1.566686e-06
5.062000e+00 1.581417e-06
5.064000e+00 1.596175e-06
5.066000e+00 1.610961e-06
5.068000e+00 1.625774e-06
5.070000e+00 1.640615e-06
5.072000e+00 1.655484e-06
5.074000e+00 1.670382e-06
5.076000e+00 1.685308e-06
5.078000e+00 1.700263e-06
5.080000e+00 1.715248e-06
5.082000e+00 1.730262e-06
5.084000e+00 1.745306e-06
5.086000e+00 1.760380e-06
5.088000e+00 1.775485e-06
5.090000e+00 1.790620e-06
5.092000e+00 1.805786e-06
5.094000e+00 1.820984e-06
5.096000e+00 1.836213e-06
5.098000e+00 1.851475e-06
5.100000e+00 1.866768e-06
5.102000e+00 1.882094e-06
5.104000e+00 1.897452e-06
5.106000e+00 1.912844e-06
5.108000e+00 1.928270e-06
5.110000e+00 1.943729e-06
5.112000e+00 1.959222e-06
5.114000e+00 1.974749e-06
5.116000e+00 1.990311e-06
5.118000e+00 2.005908e-06
5.120000e+00 2.021540e-06
5.122000e+00 2.037208e-06
5.124000e+00 2.052912e-06
5.126000e+00 2.068652e-06
5.128000e+00 2.084429e-06
5.130000e+00 2.100242e-06
5.132000e+00 2.116093e-06
5.134000e+00 2.131981e-06
5.136000e+00 2.147907e-06
5.138000e+00 2.163871e-06
5.140000e+00 2.179874e-06
5.142000e+00 2.195916e-06
5.144000e+00 2.211997e-06
5.146000e+00 2.228117e-06
5.148000e+00 2.244277e-06
5.150000e+00 2.260478e-06
5.152000e+00 2.276719e-06
5.154000e+00 2.293001e-06
5.156000e+00 2.309324e-06
5.158000e+00 2.325689e-06
5.160000e+00 2.342095e-06
5.162000e+00 2.358544e-06
5.164000e+00 2.375036e-06
5.166000e+00 2.391570e-06
5.168000e+00 2.408148e-06
5.170000e+00 2.424770e-06
5.172000e+00 2.441436e-06
5.174000e+00 2.458146e-06
5.176000e+00 2.474901e-06
5.178000e+00 2.491701e-06
5.180000e+00 2.508547e-06
5.182000e+00 2.525438e-06
5.184000e+00 2.542376e-06
5.186000e+00 2.559361e-06
5.188000e+00 2.576393e-06
5.190000e+00 2.593472e-06
5.192000e+00 2.610599e-06
5.194000e+00 2.627774e-06
5.196000e+00 2.644997e-06
5.198000e+00 2.662270e-06
5.200000e+00 2.679592e-06
5.202000e+00 2.696964e-06
5.204000e+00 2.714386e-06
5.206000e+00 2.731859e-06
5.208000e+00 2.749382e-06
5.210000e+00 2.766957e-06
5.212000e+00 2.784584e-06
5.214000e+00 2.802263e-06
5.216000e+00 2.819994e-06
5.218000e+00 2.837779e-06
5.220000e+00 2.855617e-06
5.222000e+00 2.873509e-06
5.224000e+00 2.891455e-06
5.226000e+00 2.909455e-06
5.228000e+00 2.927511e-06
5.230000e+00 2.945623e-06
5.232000e+00 2.963791e-06
5.234000e+00 2.982015e-06
5.236000e+00 3.000295e-06
5.238000e+00 3.018634e-06
5.240000e+00 3.037030e-06
5.242000e+00 3.055484e-06
5.244000e+00 3.073997e-06
5.246000e+00 3.092569e-06
5.248000e+00 3.111200e-06
5.250000e+00 3.129892e-06
5.252000e+00 3.148644e-06
5.254000e+00 3.167457e-06
5.256000e+00 3.186332e-06
5.258000e+00 3.205268e-06
5.260000e+00 3.224267e-06
5.262000e+00 3.243329e-06
5.264000e+00 3.262454e-06
5.266000e+00 3.281643e-06
5.268000e+00 3.300896e-06
5.270000e+00 3.320214e-06
5.272000e+00 3.339598e-06
5.274000e+00 3.359047e-06
5.276000e+00 3.378563e-06
5.278000e+00 3.398145e-06
5.280000e+00 3.417795e-06
5.282000e+00 3.437513e-06
5.284000e+00 3.457299e-06
5.286000e+00 3.477154e-06
5.288000e+00 3.497078e-06
5.290000e+00 3.517072e-06
5.292000e+00 3.537137e-06
5.294000e+00 3.557273e-06
5.296000e+00 3.577480e-06
5.298000e+00 3.597759e-06
5.300000e+00 3.618111e-06
5.302000e+00 3.638537e-06
5.304000e+00 3.659035e-06
5.306000e+00 3.679609e-06
5.308000e+00 3.700257e-06
5.310000e+00 3.720980e-06
5.312000e+00 3.741780e-06
5.314000e+00 3.762656e-06
5.316000e+00 3.783610e-06
5.318000e+00 3.804641e-06
5.320000e+00 3.825750e-06
5.322000e+00 3.846938e-06
5.324000e+00 3.868206e-06
5.326000e+00 3.889554e-06
5.328000e+00 3.910983e-06
5.330000e+00 3.932493e-06
5.332000e+00 3.954085e-06
5.334000e+00 3.975759e-06
5.336000e+00 3.997517e-06
5.338000e+00 4.019359e-06
5.340000e+00 4.041285e-06
5.342000e+00 4.063296e-06
5.344000e+00 4.085392e-06
5.346000e+00 4.107576e-06
5.348000e+00 4.129846e-06
5.350000e+00 4.152204e-06
5.352000e+00 4.174650e-06
5.354000e+00 4.197185e-06
5.356000e+00 4.219810e-06
5.358000e+00 4.242526e-06
5.360000e+00 4.265332e-06
5.362000e+00 4.288230e-06
5.364000e+00 4.311221e-06
5.366000e+00 4.334305e-06
5.368000e+00 4.357482e-06
5.370000e+00 4.380754e-06
5.372000e+00 4.404122e-06
5.374000e+00 4.427585e-06
5.376000e+00 4.451145e-06
5.378000e+00 4.474802e-06
5.380000e+00 4.498558e-06
5.382000e+00 4.522413e-06
5.384000e+00 4.546367e-06
5.386000e+00 4.570421e-06
5.388000e+00 4.594577e-06
5.390000e+00 4.618835e-06
5.392000e+00 4.643196e-06
5.394000e+00 4.667660e-06
5.396000e+00 4.692228e-06
5.398000e+00 4.716901e-06
5.400000e+00 4.741681e-06
5.402000e+00 4.766567e-06
5.404000e+00 4.791560e-06
5.406000e+00 4.816662e-06
5.408000e+00 4.841873e-06
5.410000e+00 4.867194e-06
5.412000e+00 4.892625e-06
5.414000e+00 4.918169e-06
5.416000e+00 4.943825e-06
5.418000e+00 4.969594e-06
5.420000e+00 4.995477e-06
5.422000e+00 5.021476e-06
5.424000e+00 5.047590e-06
5.426000e+00 5.073822e-06
5.428000e+00 5.100171e-06
5.430000e+00 5.126639e-06
5.432000e+00 5.153226e-06
5.434000e+00 5.179934e-06
5.436000e+00 5.206763e-06
5.438000e+00 5.233715e-06
5.440000e+00 5.260790e-06
5.442000e+00 5.287989e-06
5.444000e+00 5.315314e-06
5.446000e+00 5.342764e-06
5.448000e+00 5.370342e-06
5.450000e+00 5.398048e-06
5.452000e+00 5.425883e-06
5.454000e+00 5.453848e-06
5.456000e+00 5.481944e-06
5.458000e+00 5.510172e-06
5.460000e+00 5.538533e-06
5.462000e+00 5.567029e-06
5.464000e+00 5.595660e-06
5.466000e+00 5.624427e-06
5.468000e+00 5.653331e-06
5.470000e+00 5.682374e-06
5.472000e+00 5.711556e-06
5.474000e+00 5.740879e-06
5.476000e+00 5.770343e-06
5.478000e+00 5.799950e-06
5.480000e+00 5.829701e-06
5.482000e+00 5.859598e-06
5.484000e+00 5.889640e-06
5.486000e+00 5.919829e-06
5.488000e+00 5.950167e-06
5.490000e+00 5.980654e-06
5.492000e+00 6.011293e-06
5.494000e+00 6.042083e-06
5.496000e+00 6.073026e-06
5.498000e+00 6.104124e-06
5.500000e+00 6.135377e-06
5.502000e+00 6.166787e-06
5.504000e+00 6.198355e-06
5.506000e+00 6.230083e-06
5.508000e+00 6.261970e-06
5.510000e+00 6.294020e-06
5.512000e+00 6.326233e-06
5.514000e+00 6.358610e-06
5.516000e+00 6.391153e-06
5.518000e+00 6.423863e-06
5.520000e+00 6.456741e-06
5.522000e+00 6.489789e-06
5.524000e+00 6.523008e-06
5.526000e+00 6.556400e-06
5.528000e+00 6.589965e-06
5.530000e+00 6.623705e-06
5.532000e+00 6.657622e-06
5.534000e+00 6.691717e-06
5.536000e+00 6.725992e-06
5.538000e+00 6.760447e-06
5.540000e+00 6.795085e-06
5.542000e+00 6.829906e-06
5.544000e+00 6.864913e-06
5.546000e+00 6.900106e-06
5.548000e+00 6.935488e-06
5.550000e+00 6.971060e-06
5.552000e+00 7.006823e-06
5.554000e+00 7.042779e-06
5.556000e+00 7.078929e-06
5.558000e+00 7.115275e-06
5.560000e+00 7.151819e-06
5.562000e+00 7.188563e-06
5.564000e+00 7.225507e-06
5.566000e+00 7.262654e-06
5.568000e+00 7.300005e-06
5.570000e+00 7.337561e-06
5.572000e+00 7.375326e-06
5.574000e+00 7.413299e-06
5.576000e+00 7.451484e-06
5.578000e+00 7.489881e-06
5.580000e+00 7.528493e-06
5.582000e+00 7.567321e-06
5.584000e+00 7.606367e-06
5.586000e+00 7.645633e-06
5.588000e+00 7.685121e-06
5.590000e+00 7.724832e-06
5.592000e+00 7.764768e-06
5.594000e+00 7.804932e-06
5.596000e+00 7.845325e-06
5.598000e+00 7.885949e-06
5.600000e+00 7.926805e-06
5.602000e+00 7.967897e-06
5.604000e+00 8.009226e-06
5.606000e+00 8.050793e-06
5.608000e+00 8.092601e-06
5.610000e+00 8.134653e-06
5.612000e+00 8.176949e-06
5.614000e+00 8.219492e-06
5.616000e+00 8.262284e-06
5.618000e+00 8.305327e-06
5.620000e+00 8.348624e-06
5.622000e+00 8.392176e-06
5.624000e+00 8.435986e-06
5.626000e+00 8.480055e-06
5.628000e+00 8.524387e-06
5.630000e+00 8.568983e-06
5.632000e+00 8.613845e-06
5.634000e+00 8.658976e-06
5.636000e+00 8.704378e-06
5.638000e+00 8.750054e-06
5.640000e+00 8.796005e-06
5.642000e+00 8.842235e-06
5.644000e+00 8.888745e-06
5.646000e+00 8.935537e-06
5.648000e+00 8.982616e-06
5.650000e+00 9.029982e-06
5.652000e+00 9.077638e-06
5.654000e+00 9.125587e-06
5.656000e+00 9.173832e-06
5.658000e+00 9.222374e-06
5.660000e+00 9.271217e-06
5.662000e+00 9.320363e-06
5.664000e+00 9.369815e-06
5.666000e+00 9.419575e-06
5.668000e+00 9.469646e-06
5.670000e+00 9.520031e-06
5.672000e+00 9.570733e-06
5.674000e+00 9.621754e-06
5.676000e+00 9.673098e-06
5.678000e+00 9.724766e-06
5.680000e+00 9.776762e-06
5.682000e+00 9.829090e-06
5.684000e+00 9.881750e-06
5.686000e+00 9.934748e-06
5.688000e+00 9.988085e-06
5.690000e+00 1.004176e-05
5.692000e+00 1.009579e-05
5.694000e+00 1.015016e-05
5.696000e+00 1.020489e-05
5.698000e+00 1.025997e-05
5.700000e+00 1.031541e-05
5.702000e+00 1.037121e-05
5.704000e+00 1.042738e-05
5.706000e+00 1.048391e-05
5.708000e+00 1.054081e-05
5.710000e+00 1.059809e-05
5.712000e+00 1.065575e-05
5.714000e+00 1.071379e-05
5.716000e+00 1.077221e-05
5.718000e+00 1.083102e-05
5.720000e+00 1.089022e-05
5.722000e+00 1.094982e-05
5.724000e+00 1.100982e-05
5.726000e+00 1.107022e-05
5.728000e+00 1.113102e-05
5.730000e+00 1.119224e-05
5.732000e+00 1.125387e-05
5.734000e+00 1.131592e-05
5.736000e+00 1.137838e-05
5.738000e+00 1.144128e-05
5.740000e+00 1.150460e-05
5.742000e+00 1.156835e-05
5.744000e+00 1.163255e-05
5.746000e+00 1.169718e-05
5.748000e+00 1.176226e-05
5.750000e+00 1.182778e-05
5.752000e+00 1.189376e-05
5.754000e+00 1.196020e-05
5.756000e+00 1.202710e-05
5.758000e+00 1.209447e-05
5.760000e+00 1.216230e-05
5.762000e+00 1.223061e-05
5.764000e+00 1.229940e-05
5.766000e+00 1.236868e-05
5.768000e+00 1.243844e-05
5.770000e+00 1.250869e-05
5.772000e+00 1.257945e-05
5.774000e+00 1.265070e-05
5.776000e+00 1.272246e-05
5.778000e+00 1.279473e-05
5.780000e+00 1.286752e-05
5.782000e+00 1.294083e-05
5.784000e+00 1.301467e-05
5.786000e+00 1.308903e-05
5.788000e+00 1.316393e-05
5.790000e+00 1.323938e-05
5.792000e+00 1.331537e-05
5.794000e+00 1.339191e-05
5.796000e+00 1.346901e-05
5.798000e+00 1.354667e-05
5.800000e+00 1.362490e-05
5.802000e+00 1.370370e-05
5.804000e+00 1.378308e-05
5.806000e+00 1.386304e-05
5.808000e+00 1.394359e-05
5.810000e+00 1.402474e-05
5.812000e+00 1.410648e-05
5.814000e+00 1.418884e-05
5.816000e+00 1.427181e-05
5.818000e+00 1.435539e-05
5.820000e+00 1.443960e-05
5.822000e+00 1.452444e-05
5.824000e+00 1.460991e-05
5.826000e+00 1.469603e-05
5.828000e+00 1.478280e-05
5.830000e+00 1.487022e-05
5.832000e+00 1.495830e-05
5.834000e+00 1.504705e-05
5.836000e+00 1.513647e-05
5.838000e+00 1.522658e-05
5.840000e+00 1.531737e-05
5.842000e+00 1.540885e-05
5.844000e+00 1.550104e-05
5.846000e+00 1.559393e-05
5.848000e+00 1.568754e-05
5.850000e+00 1.578187e-05
5.852000e+00 1.587693e-05
5.854000e+00 1.597272e-05
5.856000e+00 1.606926e-05
5.858000e+00 1.616654e-05
5.860000e+00 1.626458e-05
5.862000e+00 1.636339e-05
5.864000e+00 1.646297e-05
5.866000e+00 1.656333e-05
5.868000e+00 1.666448e-05
5.870000e+00 1.676642e-05
5.872000e+00 1.686916e-05
5.874000e+00 1.697272e-05
5.876000e+00 1.707709e-05
5.878000e+00 1.718230e-05
5.880000e+00 1.728833e-05
5.882000e+00 1.739521e-05
5.884000e+00 1.750294e-05
5.886000e+00 1.761153e-05
5.888000e+00 1.772099e-05
5.890000e+00 1.783132e-05
5.892000e+00 1.794255e-05
5.894000e+00 1.805466e-05
5.896000e+00 1.816768e-05
5.898000e+00 1.828161e-05
5.900000e+00 1.839646e-05
5.902000e+00 1.851224e-05
5.904000e+00 1.862895e-05
5.906000e+00 1.874662e-05
5.908000e+00 1.886525e-05
5.910000e+00 1.898484e-05
5.912000e+00 1.910540e-05
5.914000e+00 1.922696e-05
5.916000e+00 1.934951e-05
5.918000e+00 1.947306e-05
5.920000e+00 1.959763e-05
5.922000e+00 1.972323e-05
5.924000e+00 1.984986e-05
5.926000e+00 1.997753e-05
5.928000e+00 2.010626e-05
5.930000e+00 2.023606e-05
5.932000e+00 2.036693e-05
5.934000e+00 2.049889e-05
5.936000e+00 2.063195e-05
5.938000e+00 2.076612e-05
5.940000e+00 2.090140e-05
5.942000e+00 2.103782e-05
5.944000e+00 2.117537e-05
5.946000e+00 2.131408e-05
5.948000e+00 2.145395e-05
5.950000e+00 2.159499e-05
5.952000e+00 2.173722e-05
5.954000e+00 2.188064e-05
5.956000e+00 2.202527e-05
5.958000e+00 2.217112e-05
5.960000e+00 2.231821e-05
5.962000e+00 2.246653e-05
5.964000e+00 2.261611e-05
5.966000e+00 2.276696e-05
5.968000e+00 2.291909e-05
5.970000e+00 2.307250e-05
5.972000e+00 2.322722e-05
5.974000e+00 2.338326e-05
5.976000e+00 2.354062e-05
5.978000e+00 2.369932e-05
5.980000e+00 2.385937e-05
5.982000e+00 2.402078e-05
5.984000e+00 2.418358e-05
5.986000e+00 2.434776e-05
5.988000e+00 2.451335e-05
5.990000e+00 2.468034e-05
5.992000e+00 2.484877e-05
5.994000e+00 2.501864e-05
5.996000e+00 2.518996e-05
5.998000e+00 2.536275e-05
6.000000e+00 2.553701e-05
6.002000e+00 2.571277e-05
6.004000e+00 2.589003e-05
6.006000e+00 2.606881e-05
6.008000e+00 2.624913e-05
6.010000e+00 2.643098e-05
6.012000e+00 2.661440e-05
6.014000e+00 2.679938e-05
6.016000e+00 2.698595e-05
6.018000e+00 2.717411e-05
6.020000e+00 2.736389e-05
6.022000e+00 2.755528e-05
6.024000e+00 2.774832e-05
6.026000e+00 2.794300e-05
6.028000e+00 2.813934e-05
6.030000e+00 2.833736e-05
6.032000e+00 2.853707e-05
6.034000e+00 2.873847e-05
6.036000e+00 2.894160e-05
6.038000e+00 2.914644e-05
6.040000e+00 2.935303e-05
6.042000e+00 2.956136e-05
6.044000e+00 2.977146e-05
6.046000e+00 2.998334e-05
6.048000e+00 3.019700e-05
6.050000e+00 3.041246e-05
6.052000e+00 3.062974e-05
6.054000e+00 3.084883e-05
6.056000e+00 3.106976e-05
6.058000e+00 3.129254e-05
6.060000e+00 3.151718e-05
6.062000e+00 3.174368e-05
6.064000e+00 3.197206e-05
6.066000e+00 3.220232e-05
6.068000e+00 3.243449e-05
6.070000e+00 3.266856e-05
6.072000e+00 3.290455e-05
6.074000e+00 3.314247e-05
6.076000e+00 3.338232e-05
6.078000e+00 3.362411e-05
6.080000e+00 3.386786e-05
6.082000e+00 3.411356e-05
6.084000e+00 3.436122e-05
6.086000e+00 3.461086e-05
6.088000e+00 3.486247e-05
6.090000e+00 3.511606e-05
6.092000e+00 3.537164e-05
6.094000e+00 3.562922e-05
6.096000e+00 3.588878e-05
6.098000e+00 3.615034e-05
6.100000e+00 3.641390e-05
6.102000e+00 3.667946e-05
6.104000e+00 3.694702e-05
6.106000e+00 3.721657e-05
6.108000e+00 3.748813e-05
6.110000e+00 3.776168e-05
6.112000e+00 3.803723e-05
6.114000e+00 3.831476e-05
6.116000e+00 3.859427e-05
6.118000e+00 3.887576e-05
6.120000e+00 3.915922e-05
6.122000e+00 3.944465e-05
6.124000e+00 3.973202e-05
6.126000e+00 4.002132e-05
6.128000e+00 4.031256e-05
6.130000e+00 4.060571e-05
6.132000e+00 4.090075e-05
6.134000e+00 4.119767e-05
6.136000e+00 4.149645e-05
6.138000e+00 4.179706e-05
6.140000e+00 4.209950e-05
6.142000e+00 4.240372e-05
6.144000e+00 4.270971e-05
6.146000e+00 4.301743e-05
6.148000e+00 4.332686e-05
6.150000e+00 4.363796e-05
6.152000e+00 4.395070e-05
6.154000e+00 4.426504e-05
6.156000e+00 4.458094e-05
6.158000e+00 4.489836e-05
6.160000e+00 4.521725e-05
6.162000e+00 4.553756e-05
6.164000e+00 4.585924e-05
6.166000e+00 4.618225e-05
6.168000e+00 4.650651e-05
6.170000e+00 4.683197e-05
6.172000e+00 4.715857e-05
6.174000e+00 4.748624e-05
6.176000e+00 4.781490e-05
6.178000e+00 4.814449e-05
6.180000e+00 4.847492e-05
6.182000e+00 4.880611e-05
6.184000e+00 4.913798e-05
6.186000e+00 4.947042e-05
6.188000e+00 4.980336e-05
6.190000e+00 5.013667e-05
6.192000e+00 5.047027e-05
6.194000e+00 5.080404e-05
6.196000e+00 5.113785e-05
6.198000e+00 5.147160e-05
6.200000e+00 5.180516e-05
6.202000e+00 5.213839e-05
6.204000e+00 5.247115e-05
6.206000e+00 5.280331e-05
6.208000e+00 5.313470e-05
6.210000e+00 5.346518e-05
6.212000e+00 5.379458e-05
6.214000e+00 5.412273e-05
6.216000e+00 5.444945e-05
6.218000e+00 5.477457e-05
6.220000e+00 5.509787e-05
6.222000e+00 5.541918e-05
6.224000e+00 5.573827e-05
6.226000e+00 5.605494e-05
6.228000e+00 5.636896e-05
6.230000e+00 5.668011e-05
6.232000e+00 5.698813e-05
6.234000e+00 5.729278e-05
6.236000e+00 5.759380e-05
6.238000e+00 5.789093e-05
6.240000e+00 5.818389e-05
6.242000e+00 5.847239e-05
6.244000e+00 5.875614e-05
6.246000e+00 5.903483e-05
6.248000e+00 5.930815e-05
6.250000e+00 5.957576e-05
6.252000e+00 5.983734e-05
6.254000e+00 6.009254e-05
6.256000e+00 6.034099e-05
6.258000e+00 6.058234e-05
6.260000e+00 6.081621e-05
6.262000e+00 6.104219e-05
6.264000e+00 6.125991e-05
6.266000e+00 6.146893e-05
6.268000e+00 6.166885e-05
6.270000e+00 6.185922e-05
6.272000e+00 6.203960e-05
6.274000e+00 6.220955e-05
6.276000e+00 6.236858e-05
6.278000e+00 6.251624e-05
6.280000e+00 6.265202e-05
6.282000e+00 6.277543e-05
6.284000e+00 6.288597e-05
6.286000e+00 6.298311e-05
6.288000e+00 6.306634e-05
6.290000e+00 6.313510e-05
6.292000e+00 6.318887e-05
6.294000e+00 6.322708e-05
6.296000e+00 6.324917e-05
6.298000e+00 6.325457e-05
6.300000e+00 6.324271e-05
6.302000e+00 6.321301e-05
6.304000e+00 6.316487e-05
6.306000e+00 6.309770e-05
6.308000e+00 6.301091e-05
6.310000e+00 6.290390e-05
6.312000e+00 6.277605e-05
6.314000e+00 6.262678e-05
6.316000e+00 6.245547e-05
6.318000e+00 6.226152e-05
6.320000e+00 6.204434e-05
6.322000e+00 6.180331e-05
6.324000e+00 6.153786e-05
6.326000e+00 6.124739e-05
6.328000e+00 6.093132e-05
6.330000e+00 6.058908e-05
6.332000e+00 6.022011e-05
6.334000e+00 5.982388e-05
6.336000e+00 5.939983e-05
6.338000e+00 5.894745e-05
6.340000e+00 5.846625e-05
6.342000e+00 5.795574e-05
6.344000e+00 5.741547e-05
6.346000e+00 5.684499e-05
6.348000e+00 5.624389e-05
6.350000e+00 5.561180e-05
6.352000e+00 5.494836e-05
6.354000e+00 5.425324e-05
6.356000e+00 5.352616e-05
6.358000e+00 5.276686e-05
6.360000e+00 5.197513e-05
6.362000e+00 5.115078e-05
6.364000e+00 5.029369e-05
6.366000e+00 4.940376e-05
6.368000e+00 4.848094e-05
6.370000e+00 4.752524e-05
6.372000e+00 4.653669e-05
6.374000e+00 4.551541e-05
6.376000e+00 4.446155e-05
6.378000e+00 4.337530e-05
6.380000e+00 4.225693e-05
6.382000e+00 4.110676e-05
6.384000e+00 3.992514e-05
6.386000e+00 3.871253e-05
6.388000e+00 3.746940e-05
6.390000e+00 3.619630e-05
6.392000e+00 3.489384e-05
6.394000e+00 3.356268e-05
6.396000e+00 3.220355e-05
6.398000e+00 3.081723e-05
6.400000e+00 2.940456e-05
6.402000e+00 2.796645e-05
6.404000e+00 2.650386e-05
6.406000e+00 2.501778e-05
6.408000e+00 2.350929e-05
6.410000e+00 2.197951e-05
6.412000e+00 2.042960e-05
6.414000e+00 1.886078e-05
6.416000e+00 1.727432e-05
6.418000e+00 1.567151e-05
6.420000e+00 1.405371e-05
6.422000e+00 1.242229e-05
6.424000e+00 1.077868e-05
6.426000e+00 9.124326e-06
6.428000e+00 7.460702e-06
6.430000e+00 5.789310e-06
6.432000e+00 4.111672e-06
6.434000e+00 2.429323e-06
6.436000e+00 7.438151e-07
6.438000e+00 -9.432939e-07
6.440000e+00 -2.630441e-06
6.442000e+00 -4.316061e-06
6.444000e+00 -5.998596e-06
6.446000e+00 -7.676490e-06
6.448000e+00 -9.348205e-06
6.450000e+00 -1.101221e-05
6.452000e+00 -1.266701e-05
6.454000e+00 -1.431110e-05
6.456000e+00 -1.594305e-05
6.458000e+00 -1.756141e-05
6.460000e+00 -1.916479e-05
6.462000e+00 -2.075185e-05
6.464000e+00 -2.232126e-05
6.466000e+00 -2.387175e-05
6.468000e+00 -2.540208e-05
6.470000e+00 -2.691109e-05
6.472000e+00 -2.839763e-05
6.474000e+00 -2.986063e-05
6.476000e+00 -3.129906e-05
6.478000e+00 -3.271196e-05
6.480000e+00 -3.409840e-05
6.482000e+00 -3.545753e-05
6.484000e+00 -3.678856e-05
6.486000e+00 -3.809074e-05
6.488000e+00 -3.936340e-05
6.490000e+00 -4.060592e-05
6.492000e+00 -4.181773e-05
6.494000e+00 -4.299833e-05
6.496000e+00 -4.414729e-05
6.498000e+00 -4.526421e-05
6.500000e+00 -4.634878e-05
6.502000e+00 -4.740073e-05
6.504000e+00 -4.841983e-05
6.506000e+00 -4.940593e-05
6.508000e+00 -5.035893e-05
6.510000e+00 -5.127875e-05
6.512000e+00 -5.216541e-05
6.514000e+00 -5.301894e-05
6.516000e+00 -5.383942e-05
6.518000e+00 -5.462699e-05
6.520000e+00 -5.538183e-05
6.522000e+00 -5.610414e-05
6.524000e+00 -5.679418e-05
6.526000e+00 -5.745223e-05
6.528000e+00 -5.807863e-05
6.530000e+00 -5.867371e-05
6.532000e+00 -5.923788e-05
6.534000e+00 -5.977154e-05
6.536000e+00 -6.027513e-05
6.538000e+00 -6.074912e-05
6.540000e+00 -6.119398e-05
6.542000e+00 -6.161022e-05
6.544000e+00 -6.199837e-05
6.546000e+00 -6.235897e-05
6.548000e+00 -6.269256e-05
6.550000e+00 -6.299972e-05
6.552000e+00 -6.328101e-05
6.554000e+00 -6.353704e-05
6.556000e+00 -6.376839e-05
6.558000e+00 -6.397566e-05
6.560000e+00 -6.415946e-05
6.562000e+00 -6.432040e-05
6.564000e+00 -6.445909e-05
6.566000e+00 -6.457614e-05
6.568000e+00 -6.467217e-05
6.570000e+00 -6.474779e-05
6.572000e+00 -6.480360e-05
6.574000e+00 -6.484022e-05
6.576000e+00 -6.485824e-05
6.578000e+00 -6.485826e-05
6.580000e+00 -6.484088e-05
6.582000e+00 -6.480668e-05
6.584000e+00 -6.475623e-05
6.586000e+00 -6.469011e-05
6.588000e+00 -6.460889e-05
6.590000e+00 -6.451311e-05
6.592000e+00 -6.440332e-05
6.594000e+00 -6.428005e-05
6.596000e+00 -6.414383e-05
6.598000e+00 -6.399519e-05
6.600000e+00 -6.383461e-05
6.602000e+00 -6.366260e-05
6.604000e+00 -6.347965e-05
6.606000e+00 -6.328621e-05
6.608000e+00 -6.308277e-05
6.610000e+00 -6.286976e-05
6.612000e+00 -6.264763e-05
6.614000e+00 -6.241680e-05
6.616000e+00 -6.217770e-05
6.618000e+00 -6.193073e-05
6.620000e+00 -6.167629e-05
6.622000e+00 -6.141476e-05
6.624000e+00 -6.114651e-05
6.626000e+00 -6.087191e-05
6.628000e+00 -6.059131e-05
6.630000e+00 -6.030504e-05
6.632000e+00 -6.001345e-05
6.634000e+00 -5.971684e-05
6.636000e+00 -5.941553e-05
6.638000e+00 -5.910983e-05
6.640000e+00 -5.880001e-05
6.642000e+00 -5.848636e-05
6.644000e+00 -5.816916e-05
6.646000e+00 -5.784865e-05
6.648000e+00 -5.752510e-05
6.650000e+00 -5.719874e-05
6.652000e+00 -5.686982e-05
6.654000e+00 -5.653855e-05
6.656000e+00 -5.620516e-05
6.658000e+00 -5.586986e-05
6.660000e+00 -5.553284e-05
6.662000e+00 -5.519429e-05
6.664000e+00 -5.485442e-05
6.666000e+00 -5.451339e-05
6.668000e+00 -5.417138e-05
6.670000e+00 -5.382855e-05
6.672000e+00 -5.348506e-05
6.674000e+00 -5.314106e-05
6.676000e+00 -5.279669e-05
6.678000e+00 -5.245211e-05
6.680000e+00 -5.210743e-05
6.682000e+00 -5.176279e-05
6.684000e+00 -5.141830e-05
6.686000e+00 -5.107409e-05
6.688000e+00 -5.073027e-05
6.690000e+00 -5.038693e-05
6.692000e+00 -5.004419e-05
6.694000e+00 -4.970214e-05
6.696000e+00 -4.936086e-05
6.698000e+00 -4.902046e-05
6.700000e+00 -4.868100e-05
6.702000e+00 -4.834257e-05
6.704000e+00 -4.800525e-05
6.706000e+00 -4.766910e-05
6.708000e+00 -4.733420e-05
6.710000e+00 -4.700060e-05
6.712000e+00 -4.666837e-05
6.714000e+00 -4.633756e-05
6.716000e+00 -4.600822e-05
6.718000e+00 -4.568042e-05
6.720000e+00 -4.535419e-05
6.722000e+00 -4.502958e-05
6.724000e+00 -4.470663e-05
6.726000e+00 -4.438539e-05
6.728000e+00 -4.406588e-05
6.730000e+00 -4.374815e-05
6.732000e+00 -4.343222e-05
6.734000e+00 -4.311813e-05
6.736000e+00 -4.280590e-05
6.738000e+00 -4.249556e-05
6.740000e+00 -4.218713e-05
6.742000e+00 -4.188064e-05
6.744000e+00 -4.157610e-05
6.746000e+00 -4.127353e-05
6.748000e+00 -4.097295e-05
6.750000e+00 -4.067438e-05
6.752000e+00 -4.037782e-05
6.754000e+00 -4.008329e-05
6.756000e+00 -3.979081e-05
6.758000e+00 -3.950037e-05
6.760000e+00 -3.921199e-05
6.762000e+00 -3.892567e-05
6.764000e+00 -3.864142e-05
6.766000e+00 -3.835924e-05
6.768000e+00 -3.807914e-05
6.770000e+00 -3.780113e-05
6.772000e+00 -3.752519e-05
6.774000e+00 -3.725133e-05
6.776000e+00 -3.697955e-05
6.778000e+00 -3.670985e-05
6.780000e+00 -3.644223e-05
6.782000e+00 -3.617669e-05
6.784000e+00 -3.591321e-05
6.786000e+00 -3.565180e-05
6.788000e+00 -3.539245e-05
6.790000e+00 -3.513516e-05
6.792000e+00 -3.487991e-05
6.794000e+00 -3.462671e-05
6.796000e+00 -3.437555e-05
6.798000e+00 -3.412641e-05
6.800000e+00 -3.387930e-05
6.802000e+00 -3.363419e-05
6.804000e+00 -3.339109e-05
6.806000e+00 -3.314998e-05
6.808000e+00 -3.291085e-05
6.810000e+00 -3.267370e-05
6.812000e+00 -3.243850e-05
6.814000e+00 -3.220526e-05
6.816000e+00 -3.197396e-05
6.818000e+00 -3.174459e-05
6.820000e+00 -3.151714e-05
6.822000e+00 -3.129160e-05
6.824000e+00 -3.106794e-05
6.826000e+00 -3.084617e-05
6.828000e+00 -3.062627e-05
6.830000e+00 -3.040823e-05
6.832000e+00 -3.019202e-05
6.834000e+00 -2.997766e-05
6.836000e+00 -2.976510e-05
6.838000e+00 -2.955436e-05
6.840000e+00 -2.934540e-05
6.842000e+00 -2.913823e-05
6.844000e+00 -2.893282e-05
6.846000e+00 -2.872916e-05
6.848000e+00 -2.852724e-05
6.850000e+00 -2.832704e-05
6.852000e+00 -2.812855e-05
6.854000e+00 -2.793177e-05
6.856000e+00 -2.773666e-05
6.858000e+00 -2.754323e-05
6.860000e+00 -2.735145e-05
6.862000e+00 -2.716131e-05
6.864000e+00 -2.697280e-05
6.866000e+00 -2.678591e-05
6.868000e+00 -2.660062e-05
6.870000e+00 -2.641692e-05
6.872000e+00 -2.623479e-05
6.874000e+00 -2.605422e-05
6.876000e+00 -2.587519e-05
6.878000e+00 -2.569770e-05
6.880000e+00 -2.552173e-05
6.882000e+00 -2.534726e-05
6.884000e+00 -2.517429e-05
6.886000e+00 -2.500280e-05
6.888000e+00 -2.483277e-05
6.890000e+00 -2.466419e-05
6.892000e+00 -2.449706e-05
6.894000e+00 -2.433134e-05
6.896000e+00 -2.416705e-05
6.898000e+00 -2.400415e-05
6.900000e+00 -2.384263e-05
6.902000e+00 -2.368250e-05
6.904000e+00 -2.352372e-05
6.906000e+00 -2.336629e-05
6.908000e+00 -2.321020e-05
6.910000e+00 -2.305543e-05
6.912000e+00 -2.290197e-05
6.914000e+00 -2.274981e-05
6.916000e+00 -2.259893e-05
6.918000e+00 -2.244933e-05
6.920000e+00 -2.230099e-05
6.922000e+00 -2.215390e-05
6.924000e+00 -2.200805e-05
6.926000e+00 -2.186342e-05
6.928000e+00 -2.172001e-05
6.930000e+00 -2.157780e-05
6.932000e+00 -2.143678e-05
6.934000e+00 -2.129694e-05
6.936000e+00 -2.115827e-05
6.938000e+00 -2.102075e-05
6.940000e+00 -2.088438e-05
6.942000e+00 -2.074914e-05
6.944000e+00 -2.061503e-05
6.946000e+00 -2.048203e-05
6.948000e+00 -2.035012e-05
6.950000e+00 -2.021931e-05
6.952000e+00 -2.008958e-05
6.954000e+00 -1.996092e-05
6.956000e+00 -1.983332e-05
6.958000e+00 -1.970677e-05
6.960000e+00 -1.958125e-05
6.962000e+00 -1.945676e-05
6.964000e+00 -1.933330e-05
6.966000e+00 -1.921083e-05
6.968000e+00 -1.908937e-05
6.970000e+00 -1.896890e-05
6.972000e+00 -1.884940e-05
6.974000e+00 -1.873087e-05
6.976000e+00 -1.861331e-05
6.978000e+00 -1.849669e-05
6.980000e+00 -1.838101e-05
6.982000e+00 -1.826627e-05
6.984000e+00 -1.815245e-05
6.986000e+00 -1.803954e-05
6.988000e+00 -1.792753e-05
6.990000e+00 -1.781642e-05
6.992000e+00 -1.770620e-05
6.994000e+00 -1.759686e-05
6.996000e+00 -1.748838e-05
6.998000e+00 -1.738077e-05
7.000000e+00 -1.727401e-05
7.002000e+00 -1.716809e-05
7.004000e+00 -1.706301e-05
7.006000e+00 -1.695875e-05
7.008000e+00 -1.685532e-05
7.010000e+00 -1.675270e-05
7.012000e+00 -1.665088e-05
7.014000e+00 -1.654985e-05
7.016000e+00 -1.644962e-05
7.018000e+00 -1.635016e-05
7.020000e+00 -1.625148e-05
7.022000e+00 -1.615356e-05
7.024000e+00 -1.605640e-05
7.026000e+00 -1.595999e-05
7.028000e+00 -1.586432e-05
7.030000e+00 -1.576939e-05
7.032000e+00 -1.567519e-05
7.034000e+00 -1.558171e-05
7.036000e+00 -1.548894e-05
7.038000e+00 -1.539689e-05
7.040000e+00 -1.530553e-05
7.042000e+00 -1.521486e-05
7.044000e+00 -1.512489e-05
7.046000e+00 -1.503559e-05
7.048000e+00 -1.494697e-05
7.050000e+00 -1.485901e-05
7.052000e+00 -1.477172e-05
7.054000e+00 -1.468508e-05
7.056000e+00 -1.459909e-05
7.058000e+00 -1.451374e-05
7.060000e+00 -1.442903e-05
7.062000e+00 -1.434495e-05
7.064000e+00 -1.426149e-05
7.066000e+00 -1.417865e-05
7.068000e+00 -1.409642e-05
7.070000e+00 -1.401480e-05
7.072000e+00 -1.393377e-05
7.074000e+00 -1.385335e-05
7.076000e+00 -1.377351e-05
7.078000e+00 -1.369425e-05
7.080000e+00 -1.361558e-05
7.082000e+00 -1.353747e-05
7.084000e+00 -1.345993e-05
7.086000e+00 -1.338296e-05
7.088000e+00 -1.330654e-05
7.090000e+00 -1.323067e-05
7.092000e+00 -1.315534e-05
7.094000e+00 -1.308056e-05
7.096000e+00 -1.300631e-05
