2.000000e-03 0.000000e+00
4.000000e-03 -3.374637e-09
6.000000e-03 -1.012261e-08
8.000000e-03 -2.023948e-08
1.000000e-02 -3.371771e-08
1.200000e-02 -5.054666e-08
1.400000e-02 -7.071262e-08
1.600000e-02 -9.419883e-08
1.800000e-02 -1.209856e-07
2.000000e-02 -1.510501e-07
2.200000e-02 -1.843669e-07
2.400000e-02 -2.209076e-07
2.600000e-02 -2.606410e-07
2.800000e-02 -3.035332e-07
3.000000e-02 -3.495479e-07
3.200000e-02 -3.986461e-07
3.400000e-02 -4.507864e-07
3.600000e-02 -5.059253e-07
3.800000e-02 -5.640167e-07
4.000000e-02 -6.250126e-07
4.200000e-02 -6.888632e-07
4.400000e-02 -7.555164e-07
4.600000e-02 -8.249186e-07
4.800000e-02 -8.970145e-07
5.000000e-02 -9.717472e-07
5.200000e-02 -1.049058e-06
5.400000e-02 -1.128888e-06
5.600000e-02 -1.211177e-06
5.800000e-02 -1.295861e-06
6.000000e-02 -1.382879e-06
6.200000e-02 -1.472166e-06
6.400000e-02 -1.563659e-06
6.600000e-02 -1.657293e-06
6.800000e-02 -1.753001e-06
7.000000e-02 -1.850718e-06
7.200000e-02 -1.950379e-06
7.400000e-02 -2.051916e-06
7.600000e-02 -2.155264e-06
7.800000e-02 -2.260355e-06
8.000000e-02 -2.367125e-06
8.200000e-02 -2.475506e-06
8.400000e-02 -2.585434e-06
8.600000e-02 -2.696843e-06
8.800000e-02 -2.809667e-06
9.000000e-02 -2.923844e-06
9.200000e-02 -3.039309e-06
9.400000e-02 -3.155998e-06
9.600000e-02 -3.273851e-06
9.800000e-02 -3.392805e-06
1.000000e-01 -3.512799e-06
1.020000e-01 -3.633775e-06
1.040000e-01 -3.755672e-06
1.060000e-01 -3.878434e-06
1.080000e-01 -4.002004e-06
1.100000e-01 -4.126326e-06
1.120000e-01 -4.251344e-06
1.140000e-01 -4.377007e-06
1.160000e-01 -4.503261e-06
1.180000e-01 -4.630054e-06
1.200000e-01 -4.757339e-06
1.220000e-01 -4.885064e-06
1.240000e-01 -5.013183e-06
1.260000e-01 -5.141650e-06
1.280000e-01 -5.270418e-06
1.300000e-01 -5.399445e-06
1.320000e-01 -5.528687e-06
1.340000e-01 -5.658103e-06
1.360000e-01 -5.787652e-06
1.380000e-01 -5.917297e-06
1.400000e-01 -6.046997e-06
1.420000e-01 -6.176718e-06
1.440000e-01 -6.306424e-06
1.460000e-01 -6.436079e-06
1.480000e-01 -6.565652e-06
1.500000e-01 -6.695110e-06
1.520000e-01 -6.824422e-06
1.540000e-01 -6.953559e-06
1.560000e-01 -7.082492e-06
1.580000e-01 -7.211193e-06
1.600000e-01 -7.339636e-06
1.620000e-01 -7.467796e-06
1.640000e-01 -7.595647e-06
1.660000e-01 -7.723168e-06
1.680000e-01 -7.850334e-06
1.700000e-01 -7.977126e-06
1.720000e-01 -8.103521e-06
1.740000e-01 -8.229501e-06
1.760000e-01 -8.355047e-06
1.780000e-01 -8.480141e-06
1.800000e-01 -8.604765e-06
1.820000e-01 -8.728905e-06
1.840000e-01 -8.852544e-06
1.860000e-01 -8.975667e-06
1.880000e-01 -9.098262e-06
1.900000e-01 -9.220314e-06
1.920000e-01 -9.341812e-06
1.940000e-01 -9.462744e-06
1.960000e-01 -9.583098e-06
1.980000e-01 -9.702864e-06
2.000000e-01 -9.822033e-06
2.020000e-01 -9.940596e-06
2.040000e-01 -1.005854e-05
2.060000e-01 -1.017587e-05
2.080000e-01 -1.029256e-05
2.100000e-01 -1.040862e-05
2.120000e-01 -1.052403e-05
2.140000e-01 -1.063879e-05
2.160000e-01 -1.075290e-05
2.180000e-01 -1.086635e-05
2.200000e-01 -1.097913e-05
2.220000e-01 -1.109125e-05
2.240000e-01 -1.120269e-05
2.260000e-01 -1.131346e-05
2.280000e-01 -1.142355e-05
2.300000e-01 -1.153296e-05
2.320000e-01 -1.164168e-05
2.340000e-01 -1.174972e-05
2.360000e-01 -1.185708e-05
2.380000e-01 -1.196374e-05
2.400000e-01 -1.206972e-05
2.420000e-01 -1.217501e-05
2.440000e-01 -1.227961e-05
2.460000e-01 -1.238352e-05
2.480000e-01 -1.248674e-05
2.500000e-01 -1.258928e-05
2.520000e-01 -1.269112e-05
2.540000e-01 -1.279228e-05
2.560000e-01 -1.289275e-05
2.580000e-01 -1.299254e-05
2.600000e-01 -1.309164e-05
2.620000e-01 -1.319006e-05
2.640000e-01 -1.328780e-05
2.660000e-01 -1.338487e-05
2.680000e-01 -1.348125e-05
2.700000e-01 -1.357697e-05
2.720000e-01 -1.367201e-05
2.740000e-01 -1.376638e-05
2.760000e-01 -1.386009e-05
2.780000e-01 -1.395314e-05
2.800000e-01 -1.404552e-05
2.820000e-01 -1.413725e-05
2.840000e-01 -1.422832e-05
2.860000e-01 -1.431874e-05
2.880000e-01 -1.440852e-05
2.900000e-01 -1.449765e-05
2.920000e-01 -1.458613e-05
2.940000e-01 -1.467399e-05
2.960000e-01 -1.476120e-05
2.980000e-01 -1.484779e-05
3.000000e-01 -1.493375e-05
3.020000e-01 -1.501909e-05
3.040000e-01 -1.510381e-05
3.060000e-01 -1.518791e-05
3.080000e-01 -1.527140e-05
3.100000e-01 -1.535429e-05
3.120000e-01 -1.543657e-05
3.140000e-01 -1.551825e-05
3.160000e-01 -1.559934e-05
3.180000e-01 -1.567983e-05
3.200000e-01 -1.575974e-05
3.220000e-01 -1.583907e-05
3.240000e-01 -1.591781e-05
3.260000e-01 -1.599598e-05
3.280000e-01 -1.607358e-05
3.300000e-01 -1.615062e-05
3.320000e-01 -1.622709e-05
3.340000e-01 -1.630300e-05
3.360000e-01 -1.637836e-05
3.380000e-01 -1.645317e-05
3.400000e-01 -1.652743e-05
3.420000e-01 -1.660115e-05
3.440000e-01 -1.667433e-05
3.460000e-01 -1.674698e-05
3.480000e-01 -1.681910e-05
3.500000e-01 -1.689070e-05
3.520000e-01 -1.696177e-05
3.540000e-01 -1.703233e-05
3.560000e-01 -1.710238e-05
3.580000e-01 -1.717191e-05
3.600000e-01 -1.724094e-05
3.620000e-01 -1.730947e-05
3.640000e-01 -1.737751e-05
3.660000e-01 -1.744505e-05
3.680000e-01 -1.751210e-05
3.700000e-01 -1.757867e-05
3.720000e-01 -1.764476e-05
3.740000e-01 -1.771037e-05
3.760000e-01 -1.777551e-05
3.780000e-01 -1.784018e-05
3.800000e-01 -1.790439e-05
3.820000e-01 -1.796813e-05
3.840000e-01 -1.803142e-05
3.860000e-01 -1.809426e-05
3.880000e-01 -1.815664e-05
3.900000e-01 -1.821858e-05
3.920000e-01 -1.828008e-05
3.940000e-01 -1.834114e-05
3.960000e-01 -1.840177e-05
3.980000e-01 -1.846196e-05
4.000000e-01 -1.852173e-05
4.020000e-01 -1.858107e-05
4.040000e-01 -1.864000e-05
4.060000e-01 -1.869850e-05
4.080000e-01 -1.875660e-05
4.100000e-01 -1.881428e-05
4.120000e-01 -1.887156e-05
4.140000e-01 -1.892844e-05
4.160000e-01 -1.898492e-05
4.180000e-01 -1.904100e-05
4.200000e-01 -1.909669e-05
4.220000e-01 -1.915200e-05
4.240000e-01 -1.920691e-05
4.260000e-01 -1.926145e-05
4.280000e-01 -1.931560e-05
4.300000e-01 -1.936939e-05
4.320000e-01 -1.942279e-05
4.340000e-01 -1.947583e-05
4.360000e-01 -1.952850e-05
4.380000e-01 -1.958081e-05
4.400000e-01 -1.963276e-05
4.420000e-01 -1.968436e-05
4.440000e-01 -1.973560e-05
4.460000e-01 -1.978649e-05
4.480000e-01 -1.983703e-05
4.500000e-01 -1.988723e-05
4.520000e-01 -1.993708e-05
4.540000e-01 -1.998660e-05
4.560000e-01 -2.003578e-05
4.580000e-01 -2.008463e-05
4.600000e-01 -2.013314e-05
4.620000e-01 -2.018133e-05
4.640000e-01 -2.022920e-05
4.660000e-01 -2.027674e-05
4.680000e-01 -2.032397e-05
4.700000e-01 -2.037088e-05
4.720000e-01 -2.041747e-05
4.740000e-01 -2.046375e-05
4.760000e-01 -2.050973e-05
4.780000e-01 -2.055540e-05
4.800000e-01 -2.060076e-05
4.820000e-01 -2.064583e-05
4.840000e-01 -2.069060e-05
4.860000e-01 -2.073507e-05
4.880000e-01 -2.077925e-05
4.900000e-01 -2.082314e-05
4.920000e-01 -2.086674e-05
4.940000e-01 -2.091005e-05
4.960000e-01 -2.095308e-05
4.980000e-01 -2.099583e-05
5.000000e-01 -2.103830e-05
5.020000e-01 -2.108050e-05
5.040000e-01 -2.112242e-05
5.060000e-01 -2.116407e-05
5.080000e-01 -2.120545e-05
5.100000e-01 -2.124656e-05
5.120000e-01 -2.128741e-05
5.140000e-01 -2.132799e-05
5.160000e-01 -2.136832e-05
5.180000e-01 -2.140838e-05
5.200000e-01 -2.144819e-05
5.220000e-01 -2.148775e-05
5.240000e-01 -2.152705e-05
5.260000e-01 -2.156610e-05
5.280000e-01 -2.160491e-05
5.300000e-01 -2.164346e-05
5.320000e-01 -2.168178e-05
5.340000e-01 -2.171985e-05
5.360000e-01 -2.175768e-05
5.380000e-01 -2.179528e-05
5.400000e-01 -2.183263e-05
5.420000e-01 -2.186976e-05
5.440000e-01 -2.190665e-05
5.460000e-01 -2.194331e-05
5.480000e-01 -2.197974e-05
5.500000e-01 -2.201595e-05
5.520000e-01 -2.205193e-05
5.540000e-01 -2.208768e-05
5.560000e-01 -2.212322e-05
5.580000e-01 -2.215854e-05
5.600000e-01 -2.219363e-05
5.620000e-01 -2.222851e-05
5.640000e-01 -2.226318e-05
5.660000e-01 -2.229764e-05
5.680000e-01 -2.233188e-05
5.700000e-01 -2.236591e-05
5.720000e-01 -2.239974e-05
5.740000e-01 -2.243336e-05
5.760000e-01 -2.246677e-05
5.780000e-01 -2.249999e-05
5.800000e-01 -2.253300e-05
5.820000e-01 -2.256581e-05
5.840000e-01 -2.259842e-05
5.860000e-01 -2.263084e-05
5.880000e-01 -2.266306e-05
5.900000e-01 -2.269509e-05
5.920000e-01 -2.272692e-05
5.940000e-01 -2.275857e-05
5.960000e-01 -2.279002e-05
5.980000e-01 -2.282129e-05
6.000000e-01 -2.285237e-05
6.020000e-01 -2.288327e-05
6.040000e-01 -2.291398e-05
6.060000e-01 -2.294451e-05
6.080000e-01 -2.297486e-05
6.100000e-01 -2.300503e-05
6.120000e-01 -2.303503e-05
6.140000e-01 -2.306484e-05
6.160000e-01 -2.309448e-05
6.180000e-01 -2.312395e-05
6.200000e-01 -2.315325e-05
6.220000e-01 -2.318237e-05
6.240000e-01 -2.321132e-05
6.260000e-01 -2.324010e-05
6.280000e-01 -2.326872e-05
6.300000e-01 -2.329717e-05
6.320000e-01 -2.332546e-05
6.340000e-01 -2.335358e-05
6.360000e-01 -2.338153e-05
6.380000e-01 -2.340933e-05
6.400000e-01 -2.343697e-05
6.420000e-01 -2.346444e-05
6.440000e-01 -2.349176e-05
6.460000e-01 -2.351892e-05
6.480000e-01 -2.354593e-05
6.500000e-01 -2.357278e-05
6.520000e-01 -2.359948e-05
6.540000e-01 -2.362603e-05
6.560000e-01 -2.365242e-05
6.580000e-01 -2.367867e-05
6.600000e-01 -2.370476e-05
6.620000e-01 -2.373071e-05
6.640000e-01 -2.375651e-05
6.660000e-01 -2.378216e-05
6.680000e-01 -2.380767e-05
6.700000e-01 -2.383304e-05
6.720000e-01 -2.385826e-05
6.740000e-01 -2.388334e-05
6.760000e-01 -2.390828e-05
6.780000e-01 -2.393309e-05
6.800000e-01 -2.395775e-05
6.820000e-01 -2.398227e-05
6.840000e-01 -2.400666e-05
6.860000e-01 -2.403091e-05
6.880000e-01 -2.405502e-05
6.900000e-01 -2.407901e-05
6.920000e-01 -2.410285e-05
6.940000e-01 -2.412657e-05
6.960000e-01 -2.415016e-05
6.980000e-01 -2.417361e-05
7.000000e-01 -2.419694e-05
7.020000e-01 -2.422013e-05
7.040000e-01 -2.424320e-05
7.060000e-01 -2.426614e-05
7.080000e-01 -2.428896e-05
7.100000e-01 -2.431165e-05
7.120000e-01 -2.433421e-05
7.140000e-01 -2.435666e-05
7.160000e-01 -2.437898e-05
7.180000e-01 -2.440117e-05
7.200000e-01 -2.442325e-05
7.220000e-01 -2.444521e-05
7.240000e-01 -2.446704e-05
7.260000e-01 -2.448876e-05
7.280000e-01 -2.451036e-05
7.300000e-01 -2.453185e-05
7.320000e-01 -2.455322e-05
7.340000e-01 -2.457447e-05
7.360000e-01 -2.459560e-05
7.380000e-01 -2.461663e-05
7.400000e-01 -2.463754e-05
7.420000e-01 -2.465833e-05
7.440000e-01 -2.467902e-05
7.460000e-01 -2.469959e-05
7.480000e-01 -2.472006e-05
7.500000e-01 -2.474041e-05
7.520000e-01 -2.476066e-05
7.540000e-01 -2.478079e-05
7.560000e-01 -2.480082e-05
7.580000e-01 -2.482075e-05
7.600000e-01 -2.484056e-05
7.620000e-01 -2.486027e-05
7.640000e-01 -2.487988e-05
7.660000e-01 -2.489938e-05
7.680000e-01 -2.491878e-05
7.700000e-01 -2.493807e-05
7.720000e-01 -2.495727e-05
7.740000e-01 -2.497636e-05
7.760000e-01 -2.499535e-05
7.780000e-01 -2.501424e-05
7.800000e-01 -2.503303e-05
7.820000e-01 -2.505172e-05
7.840000e-01 -2.507031e-05
7.860000e-01 -2.508881e-05
7.880000e-01 -2.510721e-05
7.900000e-01 -2.512551e-05
7.920000e-01 -2.514371e-05
7.940000e-01 -2.516182e-05
7.960000e-01 -2.517984e-05
7.980000e-01 -2.519776e-05
8.000000e-01 -2.521559e-05
8.020000e-01 -2.523332e-05
8.040000e-01 -2.525096e-05
8.060000e-01 -2.526851e-05
8.080000e-01 -2.528597e-05
8.100000e-01 -2.530333e-05
8.120000e-01 -2.532061e-05
8.140000e-01 -2.533780e-05
8.160000e-01 -2.535489e-05
8.180000e-01 -2.537190e-05
8.200000e-01 -2.538882e-05
8.220000e-01 -2.540565e-05
8.240000e-01 -2.542240e-05
8.260000e-01 -2.543905e-05
8.280000e-01 -2.545563e-05
8.300000e-01 -2.547211e-05
8.320000e-01 -2.548851e-05
8.340000e-01 -2.550483e-05
8.360000e-01 -2.552106e-05
8.380000e-01 -2.553721e-05
8.400000e-01 -2.555327e-05
8.420000e-01 -2.556925e-05
8.440000e-01 -2.558515e-05
8.460000e-01 -2.560097e-05
8.480000e-01 -2.561671e-05
8.500000e-01 -2.563236e-05
8.520000e-01 -2.564794e-05
8.540000e-01 -2.566343e-05
8.560000e-01 -2.567885e-05
8.580000e-01 -2.569419e-05
8.600000e-01 -2.570944e-05
8.620000e-01 -2.572462e-05
8.640000e-01 -2.573973e-05
8.660000e-01 -2.575475e-05
8.680000e-01 -2.576970e-05
8.700000e-01 -2.578457e-05
8.720000e-01 -2.579936e-05
8.740000e-01 -2.581408e-05
8.760000e-01 -2.582873e-05
8.780000e-01 -2.584330e-05
8.800000e-01 -2.585779e-05
8.820000e-01 -2.587221e-05
8.840000e-01 -2.588656e-05
8.860000e-01 -2.590083e-05
8.880000e-01 -2.591503e-05
8.900000e-01 -2.592916e-05
8.920000e-01 -2.594322e-05
8.940000e-01 -2.595720e-05
8.960000e-01 -2.597112e-05
8.980000e-01 -2.598496e-05
9.000000e-01 -2.599873e-05
9.020000e-01 -2.601244e-05
9.040000e-01 -2.602607e-05
9.060000e-01 -2.603963e-05
9.080000e-01 -2.605313e-05
9.100000e-01 -2.606655e-05
9.120000e-01 -2.607991e-05
9.140000e-01 -2.609320e-05
9.160000e-01 -2.610642e-05
9.180000e-01 -2.611958e-05
9.200000e-01 -2.613266e-05
9.220000e-01 -2.614569e-05
9.240000e-01 -2.615864e-05
9.260000e-01 -2.617153e-05
9.280000e-01 -2.618435e-05
9.300000e-01 -2.619711e-05
9.320000e-01 -2.620981e-05
9.340000e-01 -2.622243e-05
9.360000e-01 -2.623500e-05
9.380000e-01 -2.624750e-05
9.400000e-01 -2.625994e-05
9.420000e-01 -2.627231e-05
9.440000e-01 -2.628462e-05
9.460000e-01 -2.629687e-05
9.480000e-01 -2.630906e-05
9.500000e-01 -2.632118e-05
9.520000e-01 -2.633325e-05
9.540000e-01 -2.634525e-05
9.560000e-01 -2.635719e-05
9.580000e-01 -2.636907e-05
9.600000e-01 -2.638089e-05
9.620000e-01 -2.639265e-05
9.640000e-01 -2.640435e-05
9.660000e-01 -2.641599e-05
9.680000e-01 -2.642757e-05
9.700000e-01 -2.643909e-05
9.720000e-01 -2.645055e-05
9.740000e-01 -2.646195e-05
9.760000e-01 -2.647330e-05
9.780000e-01 -2.648459e-05
9.800000e-01 -2.649582e-05
9.820000e-01 -2.650699e-05
9.840000e-01 -2.651811e-05
9.860000e-01 -2.652917e-05
9.880000e-01 -2.654017e-05
9.900000e-01 -2.655112e-05
9.920000e-01 -2.656201e-05
9.940000e-01 -2.657284e-05
9.960000e-01 -2.658362e-05
9.980000e-01 -2.659434e-05
1.000000e+00 -2.660501e-05
1.002000e+00 -2.661563e-05
1.004000e+00 -2.662619e-05
1.006000e+00 -2.663669e-05
1.008000e+00 -2.664715e-05
1.010000e+00 -2.665754e-05
1.012000e+00 -2.666789e-05
1.014000e+00 -2.667818e-05
1.016000e+00 -2.668842e-05
1.018000e+00 -2.669860e-05
1.020000e+00 -2.670874e-05
1.022000e+00 -2.671882e-05
1.024000e+00 -2.672884e-05
1.026000e+00 -2.673882e-05
1.028000e+00 -2.674875e-05
1.030000e+00 -2.675862e-05
1.032000e+00 -2.676844e-05
1.034000e+00 -2.677822e-05
1.036000e+00 -2.678794e-05
1.038000e+00 -2.679761e-05
1.040000e+00 -2.680723e-05
1.042000e+00 -2.681680e-05
1.044000e+00 -2.682632e-05
1.046000e+00 -2.683579e-05
1.048000e+00 -2.684521e-05
1.050000e+00 -2.685458e-05
1.052000e+00 -2.686390e-05
1.054000e+00 -2.687318e-05
1.056000e+00 -2.688240e-05
1.058000e+00 -2.689158e-05
1.060000e+00 -2.690071e-05
1.062000e+00 -2.690979e-05
1.064000e+00 -2.691883e-05
1.066000e+00 -2.692781e-05
1.068000e+00 -2.693675e-05
1.070000e+00 -2.694564e-05
1.072000e+00 -2.695449e-05
1.074000e+00 -2.696328e-05
1.076000e+00 -2.697204e-05
1.078000e+00 -2.698074e-05
1.080000e+00 -2.698940e-05
1.082000e+00 -2.699801e-05
1.084000e+00 -2.700658e-05
1.086000e+00 -2.701510e-05
1.088000e+00 -2.702357e-05
1.090000e+00 -2.703200e-05
1.092000e+00 -2.704039e-05
1.094000e+00 -2.704873e-05
1.096000e+00 -2.705702e-05
1.098000e+00 -2.706528e-05
1.100000e+00 -2.707348e-05
1.102000e+00 -2.708164e-05
1.104000e+00 -2.708976e-05
1.106000e+00 -2.709784e-05
1.108000e+00 -2.710587e-05
1.110000e+00 -2.711385e-05
1.112000e+00 -2.712180e-05
1.114000e+00 -2.712970e-05
1.116000e+00 -2.713755e-05
1.118000e+00 -2.714537e-05
1.120000e+00 -2.715314e-05
1.122000e+00 -2.716087e-05
1.124000e+00 -2.716855e-05
1.126000e+00 -2.717620e-05
1.128000e+00 -2.718380e-05
1.130000e+00 -2.719136e-05
1.132000e+00 -2.719888e-05
1.134000e+00 -2.720636e-05
1.136000e+00 -2.721379e-05
1.138000e+00 -2.722118e-05
1.140000e+00 -2.722854e-05
1.142000e+00 -2.723585e-05
1.144000e+00 -2.724312e-05
1.146000e+00 -2.725035e-05
1.148000e+00 -2.725754e-05
1.150000e+00 -2.726469e-05
1.152000e+00 -2.727180e-05
1.154000e+00 -2.727886e-05
1.156000e+00 -2.728589e-05
1.158000e+00 -2.729288e-05
1.160000e+00 -2.729983e-05
1.162000e+00 -2.730674e-05
1.164000e+00 -2.731361e-05
1.166000e+00 -2.732044e-05
1.168000e+00 -2.732723e-05
1.170000e+00 -2.733398e-05
1.172000e+00 -2.734069e-05
1.174000e+00 -2.734737e-05
1.176000e+00 -2.735400e-05
1.178000e+00 -2.736060e-05
1.180000e+00 -2.736716e-05
1.182000e+00 -2.737368e-05
1.184000e+00 -2.738016e-05
1.186000e+00 -2.738661e-05
1.188000e+00 -2.739301e-05
1.190000e+00 -2.739938e-05
1.192000e+00 -2.740571e-05
1.194000e+00 -2.741201e-05
1.196000e+00 -2.741826e-05
1.198000e+00 -2.742448e-05
1.200000e+00 -2.743066e-05
1.202000e+00 -2.743681e-05
1.204000e+00 -2.744291e-05
1.206000e+00 -2.744898e-05
1.208000e+00 -2.745502e-05
1.210000e+00 -2.746102e-05
1.212000e+00 -2.746698e-05
1.214000e+00 -2.747290e-05
1.216000e+00 -2.747879e-05
1.218000e+00 -2.748464e-05
1.220000e+00 -2.749046e-05
1.222000e+00 -2.749624e-05
1.224000e+00 -2.750198e-05
1.226000e+00 -2.750769e-05
1.228000e+00 -2.751336e-05
1.230000e+00 -2.751900e-05
1.232000e+00 -2.752460e-05
1.234000e+00 -2.753017e-05
1.236000e+00 -2.753570e-05
1.238000e+00 -2.754120e-05
1.240000e+00 -2.754666e-05
1.242000e+00 -2.755208e-05
1.244000e+00 -2.755748e-05
1.246000e+00 -2.756283e-05
1.248000e+00 -2.756816e-05
1.250000e+00 -2.757344e-05
1.252000e+00 -2.757870e-05
1.254000e+00 -2.758392e-05
1.256000e+00 -2.758910e-05
1.258000e+00 -2.759425e-05
1.260000e+00 -2.759937e-05
1.262000e+00 -2.760445e-05
1.264000e+00 -2.760950e-05
1.266000e+00 -2.761452e-05
1.268000e+00 -2.761950e-05
1.270000e+00 -2.762445e-05
1.272000e+00 -2.762937e-05
1.274000e+00 -2.763425e-05
1.276000e+00 -2.763910e-05
1.278000e+00 -2.764391e-05
1.280000e+00 -2.764869e-05
1.282000e+00 -2.765344e-05
1.284000e+00 -2.765816e-05
1.286000e+00 -2.766284e-05
1.288000e+00 -2.766749e-05
1.290000e+00 -2.767211e-05
1.292000e+00 -2.767670e-05
1.294000e+00 -2.768125e-05
1.296000e+00 -2.768577e-05
1.298000e+00 -2.769026e-05
1.300000e+00 -2.769471e-05
1.302000e+00 -2.769914e-05
1.304000e+00 -2.770353e-05
1.306000e+00 -2.770789e-05
1.308000e+00 -2.771222e-05
1.310000e+00 -2.771651e-05
1.312000e+00 -2.772078e-05
1.314000e+00 -2.772501e-05
1.316000e+00 -2.772921e-05
1.318000e+00 -2.773338e-05
1.320000e+00 -2.773752e-05
1.322000e+00 -2.774162e-05
1.324000e+00 -2.774570e-05
1.326000e+00 -2.774974e-05
1.328000e+00 -2.775375e-05
1.330000e+00 -2.775773e-05
1.332000e+00 -2.776168e-05
1.334000e+00 -2.776560e-05
1.336000e+00 -2.776949e-05
1.338000e+00 -2.777335e-05
1.340000e+00 -2.777717e-05
1.342000e+00 -2.778097e-05
1.344000e+00 -2.778473e-05
1.346000e+00 -2.778847e-05
1.348000e+00 -2.779217e-05
1.350000e+00 -2.779585e-05
1.352000e+00 -2.779949e-05
1.354000e+00 -2.780310e-05
1.356000e+00 -2.780668e-05
1.358000e+00 -2.781024e-05
1.360000e+00 -2.781376e-05
1.362000e+00 -2.781725e-05
1.364000e+00 -2.782071e-05
1.366000e+00 -2.782414e-05
1.368000e+00 -2.782754e-05
1.370000e+00 -2.783092e-05
1.372000e+00 -2.783426e-05
1.374000e+00 -2.783757e-05
1.376000e+00 -2.784085e-05
1.378000e+00 -2.784411e-05
1.380000e+00 -2.784733e-05
1.382000e+00 -2.785052e-05
1.384000e+00 -2.785369e-05
1.386000e+00 -2.785682e-05
1.388000e+00 -2.785993e-05
1.390000e+00 -2.786301e-05
1.392000e+00 -2.786605e-05
1.394000e+00 -2.786907e-05
1.396000e+00 -2.787206e-05
1.398000e+00 -2.787502e-05
1.400000e+00 -2.787795e-05
1.402000e+00 -2.788085e-05
1.404000e+00 -2.788372e-05
1.406000e+00 -2.788657e-05
1.408000e+00 -2.788938e-05
1.410000e+00 -2.789217e-05
1.412000e+00 -2.789492e-05
1.414000e+00 -2.789765e-05
1.416000e+00 -2.790035e-05
1.418000e+00 -2.790302e-05
1.420000e+00 -2.790567e-05
1.422000e+00 -2.790828e-05
1.424000e+00 -2.791086e-05
1.426000e+00 -2.791342e-05
1.428000e+00 -2.791595e-05
1.430000e+00 -2.791845e-05
1.432000e+00 -2.792092e-05
1.434000e+00 -2.792337e-05
1.436000e+00 -2.792578e-05
1.438000e+00 -2.792817e-05
1.440000e+00 -2.793053e-05
1.442000e+00 -2.793286e-05
1.444000e+00 -2.793516e-05
1.446000e+00 -2.793743e-05
1.448000e+00 -2.793968e-05
1.450000e+00 -2.794190e-05
1.452000e+00 -2.794409e-05
1.454000e+00 -2.794625e-05
1.456000e+00 -2.794839e-05
1.458000e+00 -2.795049e-05
1.460000e+00 -2.795257e-05
1.462000e+00 -2.795462e-05
1.464000e+00 -2.795665e-05
1.466000e+00 -2.795864e-05
1.468000e+00 -2.796061e-05
1.470000e+00 -2.796255e-05
1.472000e+00 -2.796447e-05
1.474000e+00 -2.796635e-05
1.476000e+00 -2.796821e-05
1.478000e+00 -2.797004e-05
1.480000e+00 -2.797184e-05
1.482000e+00 -2.797362e-05
1.484000e+00 -2.797537e-05
1.486000e+00 -2.797709e-05
1.488000e+00 -2.797878e-05
1.490000e+00 -2.798045e-05
1.492000e+00 -2.798208e-05
1.494000e+00 -2.798370e-05
1.496000e+00 -2.798528e-05
1.498000e+00 -2.798684e-05
1.500000e+00 -2.798837e-05
1.502000e+00 -2.798987e-05
1.504000e+00 -2.799134e-05
1.506000e+00 -2.799279e-05
1.508000e+00 -2.799421e-05
1.510000e+00 -2.799561e-05
1.512000e+00 -2.799697e-05
1.514000e+00 -2.799831e-05
1.516000e+00 -2.799962e-05
1.518000e+00 -2.800091e-05
1.520000e+00 -2.800217e-05
1.522000e+00 -2.800340e-05
1.524000e+00 -2.800460e-05
1.526000e+00 -2.800578e-05
1.528000e+00 -2.800693e-05
1.530000e+00 -2.800806e-05
1.532000e+00 -2.800915e-05
1.534000e+00 -2.801022e-05
1.536000e+00 -2.801127e-05
1.538000e+00 -2.801228e-05
1.540000e+00 -2.801327e-05
1.542000e+00 -2.801424e-05
1.544000e+00 -2.801517e-05
1.546000e+00 -2.801608e-05
1.548000e+00 -2.801697e-05
1.550000e+00 -2.801782e-05
1.552000e+00 -2.801865e-05
1.554000e+00 -2.801945e-05
1.556000e+00 -2.802023e-05
1.558000e+00 -2.802098e-05
1.560000e+00 -2.802170e-05
1.562000e+00 -2.802240e-05
1.564000e+00 -2.802307e-05
1.566000e+00 -2.802371e-05
1.568000e+00 -2.802433e-05
1.570000e+00 -2.802491e-05
1.572000e+00 -2.802548e-05
1.574000e+00 -2.802601e-05
1.576000e+00 -2.802652e-05
1.578000e+00 -2.802701e-05
1.580000e+00 -2.802746e-05
1.582000e+00 -2.802789e-05
1.584000e+00 -2.802830e-05
1.586000e+00 -2.802867e-05
1.588000e+00 -2.802902e-05
1.590000e+00 -2.802935e-05
1.592000e+00 -2.802964e-05
1.594000e+00 -2.802991e-05
1.596000e+00 -2.803016e-05
1.598000e+00 -2.803038e-05
1.600000e+00 -2.803057e-05
1.602000e+00 -2.803073e-05
1.604000e+00 -2.803087e-05
1.606000e+00 -2.803098e-05
1.608000e+00 -2.803107e-05
1.610000e+00 -2.803112e-05
1.612000e+00 -2.803116e-05
1.614000e+00 -2.803116e-05
1.616000e+00 -2.803114e-05
1.618000e+00 -2.803109e-05
1.620000e+00 -2.803102e-05
1.622000e+00 -2.803092e-05
1.624000e+00 -2.803079e-05
1.626000e+00 -2.803064e-05
1.628000e+00 -2.803046e-05
1.630000e+00 -2.803025e-05
1.632000e+00 -2.803002e-05
1.634000e+00 -2.802976e-05
1.636000e+00 -2.802947e-05
1.638000e+00 -2.802916e-05
1.640000e+00 -2.802882e-05
1.642000e+00 -2.802846e-05
1.644000e+00 -2.802806e-05
1.646000e+00 -2.802764e-05
1.648000e+00 -2.802720e-05
1.650000e+00 -2.802673e-05
1.652000e+00 -2.802623e-05
1.654000e+00 -2.802570e-05
1.656000e+00 -2.802515e-05
1.658000e+00 -2.802457e-05
1.660000e+00 -2.802397e-05
1.662000e+00 -2.802334e-05
1.664000e+00 -2.802268e-05
1.666000e+00 -2.802199e-05
1.668000e+00 -2.802128e-05
1.670000e+00 -2.802054e-05
1.672000e+00 -2.801978e-05
1.674000e+00 -2.801899e-05
1.676000e+00 -2.801817e-05
1.678000e+00 -2.801732e-05
1.680000e+00 -2.801645e-05
1.682000e+00 -2.801555e-05
1.684000e+00 -2.801463e-05
1.686000e+00 -2.801368e-05
1.688000e+00 -2.801270e-05
1.690000e+00 -2.801169e-05
1.692000e+00 -2.801066e-05
1.694000e+00 -2.800960e-05
1.696000e+00 -2.800851e-05
1.698000e+00 -2.800740e-05
1.700000e+00 -2.800626e-05
1.702000e+00 -2.800509e-05
1.704000e+00 -2.800390e-05
1.706000e+00 -2.800268e-05
1.708000e+00 -2.800143e-05
1.710000e+00 -2.800016e-05
1.712000e+00 -2.799885e-05
1.714000e+00 -2.799752e-05
1.716000e+00 -2.799617e-05
1.718000e+00 -2.799479e-05
1.720000e+00 -2.799338e-05
1.722000e+00 -2.799194e-05
1.724000e+00 -2.799047e-05
1.726000e+00 -2.798898e-05
1.728000e+00 -2.798746e-05
1.730000e+00 -2.798592e-05
1.732000e+00 -2.798434e-05
1.734000e+00 -2.798274e-05
1.736000e+00 -2.798112e-05
1.738000e+00 -2.797946e-05
1.740000e+00 -2.797778e-05
1.742000e+00 -2.797607e-05
1.744000e+00 -2.797433e-05
1.746000e+00 -2.797257e-05
1.748000e+00 -2.797077e-05
1.750000e+00 -2.796896e-05
1.752000e+00 -2.796711e-05
1.754000e+00 -2.796523e-05
1.756000e+00 -2.796333e-05
1.758000e+00 -2.796140e-05
1.760000e+00 -2.795944e-05
1.762000e+00 -2.795746e-05
1.764000e+00 -2.795544e-05
1.766000e+00 -2.795340e-05
1.768000e+00 -2.795134e-05
1.770000e+00 -2.794924e-05
1.772000e+00 -2.794711e-05
1.774000e+00 -2.794496e-05
1.776000e+00 -2.794278e-05
1.778000e+00 -2.794057e-05
1.780000e+00 -2.793834e-05
1.782000e+00 -2.793607e-05
1.784000e+00 -2.793378e-05
1.786000e+00 -2.793146e-05
1.788000e+00 -2.792911e-05
1.790000e+00 -2.792674e-05
1.792000e+00 -2.792433e-05
1.794000e+00 -2.792190e-05
1.796000e+00 -2.791944e-05
1.798000e+00 -2.791695e-05
1.800000e+00 -2.791443e-05
1.802000e+00 -2.791188e-05
1.804000e+00 -2.790931e-05
1.806000e+00 -2.790670e-05
1.808000e+00 -2.790407e-05
1.810000e+00 -2.790141e-05
1.812000e+00 -2.789872e-05
1.814000e+00 -2.789600e-05
1.816000e+00 -2.789326e-05
1.818000e+00 -2.789048e-05
1.820000e+00 -2.788767e-05
1.822000e+00 -2.788484e-05
1.824000e+00 -2.788198e-05
1.826000e+00 -2.787909e-05
1.828000e+00 -2.787617e-05
1.830000e+00 -2.787322e-05
1.832000e+00 -2.787024e-05
1.834000e+00 -2.786723e-05
1.836000e+00 -2.786419e-05
1.838000e+00 -2.786113e-05
1.840000e+00 -2.785803e-05
1.842000e+00 -2.785491e-05
1.844000e+00 -2.785175e-05
1.846000e+00 -2.784857e-05
1.848000e+00 -2.784535e-05
1.850000e+00 -2.784211e-05
1.852000e+00 -2.783884e-05
1.854000e+00 -2.783554e-05
1.856000e+00 -2.783220e-05
1.858000e+00 -2.782884e-05
1.860000e+00 -2.782545e-05
1.862000e+00 -2.782203e-05
1.864000e+00 -2.781857e-05
1.866000e+00 -2.781509e-05
1.868000e+00 -2.781158e-05
1.870000e+00 -2.780804e-05
1.872000e+00 -2.780446e-05
1.874000e+00 -2.780086e-05
1.876000e+00 -2.779723e-05
1.878000e+00 -2.779356e-05
1.880000e+00 -2.778987e-05
1.882000e+00 -2.778614e-05
1.884000e+00 -2.778239e-05
1.886000e+00 -2.777860e-05
1.888000e+00 -2.777479e-05
1.890000e+00 -2.777094e-05
1.892000e+00 -2.776706e-05
1.894000e+00 -2.776315e-05
1.896000e+00 -2.775921e-05
1.898000e+00 -2.775524e-05
1.900000e+00 -2.775123e-05
1.902000e+00 -2.774720e-05
1.904000e+00 -2.774313e-05
1.906000e+00 -2.773904e-05
1.908000e+00 -2.773491e-05
1.910000e+00 -2.773075e-05
1.912000e+00 -2.772656e-05
1.914000e+00 -2.772233e-05
1.916000e+00 -2.771808e-05
1.918000e+00 -2.771379e-05
1.920000e+00 -2.770947e-05
1.922000e+00 -2.770512e-05
1.924000e+00 -2.770074e-05
1.926000e+00 -2.769632e-05
1.928000e+00 -2.769188e-05
1.930000e+00 -2.768740e-05
1.932000e+00 -2.768288e-05
1.934000e+00 -2.767834e-05
1.936000e+00 -2.767376e-05
1.938000e+00 -2.766915e-05
1.940000e+00 -2.766451e-05
1.942000e+00 -2.765984e-05
1.944000e+00 -2.765513e-05
1.946000e+00 -2.765039e-05
1.948000e+00 -2.764561e-05
1.950000e+00 -2.764081e-05
1.952000e+00 -2.763597e-05
1.954000e+00 -2.763109e-05
1.956000e+00 -2.762619e-05
1.958000e+00 -2.762125e-05
1.960000e+00 -2.761627e-05
1.962000e+00 -2.761126e-05
1.964000e+00 -2.760622e-05
1.966000e+00 -2.760115e-05
1.968000e+00 -2.759604e-05
1.970000e+00 -2.759089e-05
1.972000e+00 -2.758572e-05
1.974000e+00 -2.758051e-05
1.976000e+00 -2.757526e-05
1.978000e+00 -2.756998e-05
1.980000e+00 -2.756466e-05
1.982000e+00 -2.755932e-05
1.984000e+00 -2.755393e-05
1.986000e+00 -2.754851e-05
1.988000e+00 -2.754306e-05
1.990000e+00 -2.753757e-05
1.992000e+00 -2.753205e-05
1.994000e+00 -2.752649e-05
1.996000e+00 -2.752089e-05
1.998000e+00 -2.751526e-05
2.000000e+00 -2.750960e-05
2.002000e+00 -2.750389e-05
2.004000e+00 -2.749816e-05
2.006000e+00 -2.749238e-05
2.008000e+00 -2.748658e-05
2.010000e+00 -2.748073e-05
2.012000e+00 -2.747485e-05
2.014000e+00 -2.746893e-05
2.016000e+00 -2.746298e-05
2.018000e+00 -2.745699e-05
2.020000e+00 -2.745096e-05
2.022000e+00 -2.744490e-05
2.024000e+00 -2.743880e-05
2.026000e+00 -2.743266e-05
2.028000e+00 -2.742648e-05
2.030000e+00 -2.742027e-05
2.032000e+00 -2.741402e-05
2.034000e+00 -2.740774e-05
2.036000e+00 -2.740141e-05
2.038000e+00 -2.739505e-05
2.040000e+00 -2.738865e-05
2.042000e+00 -2.738221e-05
2.044000e+00 -2.737574e-05
2.046000e+00 -2.736922e-05
2.048000e+00 -2.736267e-05
2.050000e+00 -2.735608e-05
2.052000e+00 -2.734945e-05
2.054000e+00 -2.734278e-05
2.056000e+00 -2.733607e-05
2.058000e+00 -2.732933e-05
2.060000e+00 -2.732254e-05
2.062000e+00 -2.731572e-05
2.064000e+00 -2.730885e-05
2.066000e+00 -2.730195e-05
2.068000e+00 -2.729501e-05
2.070000e+00 -2.728802e-05
2.072000e+00 -2.728100e-05
2.074000e+00 -2.727394e-05
2.076000e+00 -2.726683e-05
2.078000e+00 -2.725969e-05
2.080000e+00 -2.725251e-05
2.082000e+00 -2.724528e-05
2.084000e+00 -2.723802e-05
2.086000e+00 -2.723071e-05
2.088000e+00 -2.722336e-05
2.090000e+00 -2.721597e-05
2.092000e+00 -2.720854e-05
2.094000e+00 -2.720107e-05
2.096000e+00 -2.719356e-05
2.098000e+00 -2.718600e-05
2.100000e+00 -2.717840e-05
2.102000e+00 -2.717076e-05
2.104000e+00 -2.716308e-05
2.106000e+00 -2.715536e-05
2.108000e+00 -2.714759e-05
2.110000e+00 -2.713978e-05
2.112000e+00 -2.713193e-05
2.114000e+00 -2.712403e-05
2.116000e+00 -2.711609e-05
2.118000e+00 -2.710811e-05
2.120000e+00 -2.710008e-05
2.122000e+00 -2.709201e-05
2.124000e+00 -2.708390e-05
2.126000e+00 -2.707574e-05
2.128000e+00 -2.706754e-05
2.130000e+00 -2.705929e-05
2.132000e+00 -2.705100e-05
2.134000e+00 -2.704266e-05
2.136000e+00 -2.703428e-05
2.138000e+00 -2.702585e-05
2.140000e+00 -2.701738e-05
2.142000e+00 -2.700886e-05
2.144000e+00 -2.700030e-05
2.146000e+00 -2.699169e-05
2.148000e+00 -2.698303e-05
2.150000e+00 -2.697433e-05
2.152000e+00 -2.696558e-05
2.154000e+00 -2.695679e-05
2.156000e+00 -2.694795e-05
2.158000e+00 -2.693906e-05
2.160000e+00 -2.693012e-05
2.162000e+00 -2.692114e-05
2.164000e+00 -2.691210e-05
2.166000e+00 -2.690303e-05
2.168000e+00 -2.689390e-05
2.170000e+00 -2.688472e-05
2.172000e+00 -2.687550e-05
2.174000e+00 -2.686623e-05
2.176000e+00 -2.685690e-05
2.178000e+00 -2.684753e-05
2.180000e+00 -2.683811e-05
2.182000e+00 -2.682864e-05
2.184000e+00 -2.681912e-05
2.186000e+00 -2.680956e-05
2.188000e+00 -2.679994e-05
2.190000e+00 -2.679027e-05
2.192000e+00 -2.678055e-05
2.194000e+00 -2.677077e-05
2.196000e+00 -2.676095e-05
2.198000e+00 -2.675108e-05
2.200000e+00 -2.674115e-05
2.202000e+00 -2.673118e-05
2.204000e+00 -2.672115e-05
2.206000e+00 -2.671107e-05
2.208000e+00 -2.670094e-05
2.210000e+00 -2.669075e-05
2.212000e+00 -2.668051e-05
2.214000e+00 -2.667022e-05
2.216000e+00 -2.665988e-05
2.218000e+00 -2.664948e-05
2.220000e+00 -2.663903e-05
2.222000e+00 -2.662852e-05
2.224000e+00 -2.661796e-05
2.226000e+00 -2.660734e-05
2.228000e+00 -2.659667e-05
2.230000e+00 -2.658595e-05
2.232000e+00 -2.657517e-05
2.234000e+00 -2.656433e-05
2.236000e+00 -2.655344e-05
2.238000e+00 -2.654249e-05
2.240000e+00 -2.653149e-05
2.242000e+00 -2.652042e-05
2.244000e+00 -2.650931e-05
2.246000e+00 -2.649813e-05
2.248000e+00 -2.648690e-05
2.250000e+00 -2.647561e-05
2.252000e+00 -2.646426e-05
2.254000e+00 -2.645285e-05
2.256000e+00 -2.644139e-05
2.258000e+00 -2.642986e-05
2.260000e+00 -2.641828e-05
2.262000e+00 -2.640664e-05
2.264000e+00 -2.639493e-05
2.266000e+00 -2.638317e-05
2.268000e+00 -2.637135e-05
2.270000e+00 -2.635947e-05
2.272000e+00 -2.634752e-05
2.274000e+00 -2.633552e-05
2.276000e+00 -2.632345e-05
2.278000e+00 -2.631132e-05
2.280000e+00 -2.629913e-05
2.282000e+00 -2.628688e-05
2.284000e+00 -2.627456e-05
2.286000e+00 -2.626218e-05
2.288000e+00 -2.624974e-05
2.290000e+00 -2.623723e-05
2.292000e+00 -2.622466e-05
2.294000e+00 -2.621203e-05
2.296000e+00 -2.619933e-05
2.298000e+00 -2.618657e-05
2.300000e+00 -2.617374e-05
2.302000e+00 -2.616084e-05
2.304000e+00 -2.614788e-05
2.306000e+00 -2.613485e-05
2.308000e+00 -2.612176e-05
2.310000e+00 -2.610860e-05
2.312000e+00 -2.609537e-05
2.314000e+00 -2.608207e-05
2.316000e+00 -2.606871e-05
2.318000e+00 -2.605528e-05
2.320000e+00 -2.604177e-05
2.322000e+00 -2.602820e-05
2.324000e+00 -2.601456e-05
2.326000e+00 -2.600085e-05
2.328000e+00 -2.598707e-05
2.330000e+00 -2.597322e-05
2.332000e+00 -2.595930e-05
2.334000e+00 -2.594531e-05
2.336000e+00 -2.593124e-05
2.338000e+00 -2.591710e-05
2.340000e+00 -2.590289e-05
2.342000e+00 -2.588861e-05
2.344000e+00 -2.587425e-05
2.346000e+00 -2.585982e-05
2.348000e+00 -2.584532e-05
2.350000e+00 -2.583074e-05
2.352000e+00 -2.581608e-05
2.354000e+00 -2.580135e-05
2.356000e+00 -2.578655e-05
2.358000e+00 -2.577167e-05
2.360000e+00 -2.575671e-05
2.362000e+00 -2.574167e-05
2.364000e+00 -2.572656e-05
2.366000e+00 -2.571137e-05
2.368000e+00 -2.569610e-05
2.370000e+00 -2.568075e-05
2.372000e+00 -2.566533e-05
2.374000e+00 -2.564982e-05
2.376000e+00 -2.563423e-05
2.378000e+00 -2.561856e-05
2.380000e+00 -2.560281e-05
2.382000e+00 -2.558698e-05
2.384000e+00 -2.557107e-05
2.386000e+00 -2.555508e-05
2.388000e+00 -2.553900e-05
2.390000e+00 -2.552284e-05
2.392000e+00 -2.550659e-05
2.394000e+00 -2.549026e-05
2.396000e+00 -2.547384e-05
2.398000e+00 -2.545734e-05
2.400000e+00 -2.544076e-05
2.402000e+00 -2.542408e-05
2.404000e+00 -2.540732e-05
2.406000e+00 -2.539048e-05
2.408000e+00 -2.537354e-05
2.410000e+00 -2.535652e-05
2.412000e+00 -2.533940e-05
2.414000e+00 -2.532220e-05
2.416000e+00 -2.530491e-05
2.418000e+00 -2.528753e-05
2.420000e+00 -2.527005e-05
2.422000e+00 -2.525248e-05
2.424000e+00 -2.523483e-05
2.426000e+00 -2.521707e-05
2.428000e+00 -2.519923e-05
2.430000e+00 -2.518129e-05
2.432000e+00 -2.516326e-05
2.434000e+00 -2.514513e-05
2.436000e+00 -2.512690e-05
2.438000e+00 -2.510858e-05
2.440000e+00 -2.509017e-05
2.442000e+00 -2.507165e-05
2.444000e+00 -2.505304e-05
2.446000e+00 -2.503433e-05
2.448000e+00 -2.501552e-05
2.450000e+00 -2.499660e-05
2.452000e+00 -2.497759e-05
2.454000e+00 -2.495848e-05
2.456000e+00 -2.493926e-05
2.458000e+00 -2.491995e-05
2.460000e+00 -2.490053e-05
2.462000e+00 -2.488100e-05
2.464000e+00 -2.486137e-05
2.466000e+00 -2.484164e-05
2.468000e+00 -2.482180e-05
2.470000e+00 -2.480185e-05
2.472000e+00 -2.478180e-05
2.474000e+00 -2.476164e-05
2.476000e+00 -2.474137e-05
2.478000e+00 -2.472099e-05
2.480000e+00 -2.470050e-05
2.482000e+00 -2.467990e-05
2.484000e+00 -2.465919e-05
2.486000e+00 -2.463837e-05
2.488000e+00 -2.461743e-05
2.490000e+00 -2.459638e-05
2.492000e+00 -2.457522e-05
2.494000e+00 -2.455394e-05
2.496000e+00 -2.453254e-05
2.498000e+00 -2.451103e-05
2.500000e+00 -2.448940e-05
2.502000e+00 -2.446765e-05
2.504000e+00 -2.444579e-05
2.506000e+00 -2.442380e-05
2.508000e+00 -2.440169e-05
2.510000e+00 -2.437947e-05
2.512000e+00 -2.435712e-05
2.514000e+00 -2.433464e-05
2.516000e+00 -2.431205e-05
2.518000e+00 -2.428932e-05
2.520000e+00 -2.426648e-05
2.522000e+00 -2.424350e-05
2.524000e+00 -2.422040e-05
2.526000e+00 -2.419717e-05
2.528000e+00 -2.417382e-05
2.530000e+00 -2.415033e-05
2.532000e+00 -2.412671e-05
2.534000e+00 -2.410296e-05
2.536000e+00 -2.407907e-05
2.538000e+00 -2.405506e-05
2.540000e+00 -2.403091e-05
2.542000e+00 -2.400662e-05
2.544000e+00 -2.398220e-05
2.546000e+00 -2.395764e-05
2.548000e+00 -2.393294e-05
2.550000e+00 -2.390810e-05
2.552000e+00 -2.388312e-05
2.554000e+00 -2.385800e-05
2.556000e+00 -2.383274e-05
2.558000e+00 -2.380734e-05
2.560000e+00 -2.378179e-05
2.562000e+00 -2.375609e-05
2.564000e+00 -2.373025e-05
2.566000e+00 -2.370427e-05
2.568000e+00 -2.367813e-05
2.570000e+00 -2.365184e-05
2.572000e+00 -2.362541e-05
2.574000e+00 -2.359882e-05
2.576000e+00 -2.357208e-05
2.578000e+00 -2.354518e-05
2.580000e+00 -2.351813e-05
2.582000e+00 -2.349093e-05
2.584000e+00 -2.346356e-05
2.586000e+00 -2.343604e-05
2.588000e+00 -2.340836e-05
2.590000e+00 -2.338052e-05
2.592000e+00 -2.335252e-05
2.594000e+00 -2.332435e-05
2.596000e+00 -2.329602e-05
2.598000e+00 -2.326752e-05
2.600000e+00 -2.323886e-05
2.602000e+00 -2.321002e-05
2.604000e+00 -2.318102e-05
2.606000e+00 -2.315185e-05
2.608000e+00 -2.312251e-05
2.610000e+00 -2.309299e-05
2.612000e+00 -2.306330e-05
2.614000e+00 -2.303343e-05
2.616000e+00 -2.300339e-05
2.618000e+00 -2.297316e-05
2.620000e+00 -2.294276e-05
2.622000e+00 -2.291218e-05
2.624000e+00 -2.288141e-05
2.626000e+00 -2.285046e-05
2.628000e+00 -2.281932e-05
2.630000e+00 -2.278800e-05
2.632000e+00 -2.275649e-05
2.634000e+00 -2.272479e-05
2.636000e+00 -2.269290e-05
2.638000e+00 -2.266081e-05
2.640000e+00 -2.262854e-05
2.642000e+00 -2.259606e-05
2.644000e+00 -2.256339e-05
2.646000e+00 -2.253052e-05
2.648000e+00 -2.249745e-05
2.650000e+00 -2.246418e-05
2.652000e+00 -2.243070e-05
2.654000e+00 -2.239702e-05
2.656000e+00 -2.236313e-05
2.658000e+00 -2.232904e-05
2.660000e+00 -2.229473e-05
2.662000e+00 -2.226022e-05
2.664000e+00 -2.222548e-05
2.666000e+00 -2.219054e-05
2.668000e+00 -2.215538e-05
2.670000e+00 -2.212000e-05
2.672000e+00 -2.208440e-05
2.674000e+00 -2.204857e-05
2.676000e+00 -2.201253e-05
2.678000e+00 -2.197625e-05
2.680000e+00 -2.193976e-05
2.682000e+00 -2.190303e-05
2.684000e+00 -2.186607e-05
2.686000e+00 -2.182887e-05
2.688000e+00 -2.179145e-05
2.690000e+00 -2.175378e-05
2.692000e+00 -2.171588e-05
2.694000e+00 -2.167774e-05
2.696000e+00 -2.163935e-05
2.698000e+00 -2.160072e-05
2.700000e+00 -2.156184e-05
2.702000e+00 -2.152272e-05
2.704000e+00 -2.148334e-05
2.706000e+00 -2.144371e-05
2.708000e+00 -2.140383e-05
2.710000e+00 -2.136369e-05
2.712000e+00 -2.132329e-05
2.714000e+00 -2.128263e-05
2.716000e+00 -2.124171e-05
2.718000e+00 -2.120052e-05
2.720000e+00 -2.115906e-05
2.722000e+00 -2.111733e-05
2.724000e+00 -2.107533e-05
2.726000e+00 -2.103306e-05
2.728000e+00 -2.099051e-05
2.730000e+00 -2.094768e-05
2.732000e+00 -2.090457e-05
2.734000e+00 -2.086118e-05
2.736000e+00 -2.081749e-05
2.738000e+00 -2.077353e-05
2.740000e+00 -2.072926e-05
2.742000e+00 -2.068471e-05
2.744000e+00 -2.063986e-05
2.746000e+00 -2.059471e-05
2.748000e+00 -2.054926e-05
2.750000e+00 -2.050351e-05
2.752000e+00 -2.045745e-05
2.754000e+00 -2.041108e-05
2.756000e+00 -2.036440e-05
2.758000e+00 -2.031741e-05
2.760000e+00 -2.027010e-05
2.762000e+00 -2.022247e-05
2.764000e+00 -2.017452e-05
2.766000e+00 -2.012625e-05
2.768000e+00 -2.007764e-05
2.770000e+00 -2.002871e-05
2.772000e+00 -1.997944e-05
2.774000e+00 -1.992984e-05
2.776000e+00 -1.987990e-05
2.778000e+00 -1.982961e-05
2.780000e+00 -1.977898e-05
2.782000e+00 -1.972801e-05
2.784000e+00 -1.967668e-05
2.786000e+00 -1.962500e-05
2.788000e+00 -1.957296e-05
2.790000e+00 -1.952057e-05
2.792000e+00 -1.946781e-05
2.794000e+00 -1.941468e-05
2.796000e+00 -1.936118e-05
2.798000e+00 -1.930732e-05
2.800000e+00 -1.925307e-05
2.802000e+00 -1.919845e-05
2.804000e+00 -1.914345e-05
2.806000e+00 -1.908806e-05
2.808000e+00 -1.903229e-05
2.810000e+00 -1.897612e-05
2.812000e+00 -1.891955e-05
2.814000e+00 -1.886259e-05
2.816000e+00 -1.880523e-05
2.818000e+00 -1.874746e-05
2.820000e+00 -1.868928e-05
2.822000e+00 -1.863069e-05
2.824000e+00 -1.857168e-05
2.826000e+00 -1.851226e-05
2.828000e+00 -1.845241e-05
2.830000e+00 -1.839214e-05
2.832000e+00 -1.833143e-05
2.834000e+00 -1.827029e-05
2.836000e+00 -1.820872e-05
2.838000e+00 -1.814670e-05
2.840000e+00 -1.808424e-05
2.842000e+00 -1.802134e-05
2.844000e+00 -1.795798e-05
2.846000e+00 -1.789416e-05
2.848000e+00 -1.782988e-05
2.850000e+00 -1.776514e-05
2.852000e+00 -1.769994e-05
2.854000e+00 -1.763426e-05
2.856000e+00 -1.756811e-05
2.858000e+00 -1.750148e-05
2.860000e+00 -1.743437e-05
2.862000e+00 -1.736677e-05
2.864000e+00 -1.729868e-05
2.866000e+00 -1.723010e-05
2.868000e+00 -1.716101e-05
2.870000e+00 -1.709143e-05
2.872000e+00 -1.702134e-05
2.874000e+00 -1.695074e-05
2.876000e+00 -1.687963e-05
2.878000e+00 -1.680799e-05
2.880000e+00 -1.673584e-05
2.882000e+00 -1.666316e-05
2.884000e+00 -1.658995e-05
2.886000e+00 -1.651621e-05
2.888000e+00 -1.644192e-05
2.890000e+00 -1.636710e-05
2.892000e+00 -1.629173e-05
2.894000e+00 -1.621581e-05
2.896000e+00 -1.613934e-05
2.898000e+00 -1.606230e-05
2.900000e+00 -1.598471e-05
2.902000e+00 -1.590655e-05
2.904000e+00 -1.582782e-05
2.906000e+00 -1.574852e-05
2.908000e+00 -1.566864e-05
2.910000e+00 -1.558818e-05
2.912000e+00 -1.550713e-05
2.914000e+00 -1.542549e-05
2.916000e+00 -1.534326e-05
2.918000e+00 -1.526044e-05
2.920000e+00 -1.517701e-05
2.922000e+00 -1.509298e-05
2.924000e+00 -1.500835e-05
2.926000e+00 -1.492310e-05
2.928000e+00 -1.483724e-05
2.930000e+00 -1.475075e-05
2.932000e+00 -1.466365e-05
2.934000e+00 -1.457593e-05
2.936000e+00 -1.448757e-05
2.938000e+00 -1.439859e-05
2.940000e+00 -1.430897e-05
2.942000e+00 -1.421871e-05
2.944000e+00 -1.412782e-05
2.946000e+00 -1.403628e-05
2.948000e+00 -1.394410e-05
2.950000e+00 -1.385126e-05
2.952000e+00 -1.375778e-05
2.954000e+00 -1.366365e-05
2.956000e+00 -1.356886e-05
2.958000e+00 -1.347341e-05
2.960000e+00 -1.337731e-05
2.962000e+00 -1.328054e-05
2.964000e+00 -1.318312e-05
2.966000e+00 -1.308503e-05
2.968000e+00 -1.298627e-05
2.970000e+00 -1.288685e-05
2.972000e+00 -1.278676e-05
2.974000e+00 -1.268601e-05
2.976000e+00 -1.258459e-05
2.978000e+00 -1.248250e-05
2.980000e+00 -1.237974e-05
2.982000e+00 -1.227632e-05
2.984000e+00 -1.217223e-05
2.986000e+00 -1.206747e-05
2.988000e+00 -1.196205e-05
2.990000e+00 -1.185597e-05
2.992000e+00 -1.174922e-05
2.994000e+00 -1.164182e-05
2.996000e+00 -1.153375e-05
2.998000e+00 -1.142504e-05
3.000000e+00 -1.131567e-05
3.002000e+00 -1.120565e-05
3.004000e+00 -1.109499e-05
3.006000e+00 -1.098370e-05
3.008000e+00 -1.087176e-05
3.010000e+00 -1.075920e-05
3.012000e+00 -1.064601e-05
3.014000e+00 -1.053221e-05
3.016000e+00 -1.041779e-05
3.018000e+00 -1.030277e-05
3.020000e+00 -1.018715e-05
3.022000e+00 -1.007095e-05
3.024000e+00 -9.954166e-06
3.026000e+00 -9.836811e-06
3.028000e+00 -9.718896e-06
3.030000e+00 -9.600431e-06
3.032000e+00 -9.481428e-06
3.034000e+00 -9.361899e-06
3.036000e+00 -9.241855e-06
3.038000e+00 -9.121310e-06
3.040000e+00 -9.000279e-06
3.042000e+00 -8.878776e-06
3.044000e+00 -8.756816e-06
3.046000e+00 -8.634417e-06
3.048000e+00 -8.511594e-06
3.050000e+00 -8.388366e-06
3.052000e+00 -8.264752e-06
3.054000e+00 -8.140771e-06
3.056000e+00 -8.016445e-06
3.058000e+00 -7.891795e-06
3.060000e+00 -7.766842e-06
3.062000e+00 -7.641612e-06
3.064000e+00 -7.516127e-06
3.066000e+00 -7.390415e-06
3.068000e+00 -7.264500e-06
3.070000e+00 -7.138411e-06
3.072000e+00 -7.012176e-06
3.074000e+00 -6.885825e-06
3.076000e+00 -6.759389e-06
3.078000e+00 -6.632900e-06
3.080000e+00 -6.506391e-06
3.082000e+00 -6.379895e-06
3.084000e+00 -6.253449e-06
3.086000e+00 -6.127088e-06
3.088000e+00 -6.000851e-06
3.090000e+00 -5.874777e-06
3.092000e+00 -5.748905e-06
3.094000e+00 -5.623278e-06
3.096000e+00 -5.497936e-06
3.098000e+00 -5.372925e-06
3.100000e+00 -5.248289e-06
3.102000e+00 -5.124074e-06
3.104000e+00 -5.000328e-06
3.106000e+00 -4.877099e-06
3.108000e+00 -4.754436e-06
3.110000e+00 -4.632392e-06
3.112000e+00 -4.511017e-06
3.114000e+00 -4.390365e-06
3.116000e+00 -4.270490e-06
3.118000e+00 -4.151448e-06
3.120000e+00 -4.033294e-06
3.122000e+00 -3.916087e-06
3.124000e+00 -3.799884e-06
3.126000e+00 -3.684745e-06
3.128000e+00 -3.570730e-06
3.130000e+00 -3.457900e-06
3.132000e+00 -3.346317e-06
3.134000e+00 -3.236043e-06
3.136000e+00 -3.127141e-06
3.138000e+00 -3.019676e-06
3.140000e+00 -2.913711e-06
3.142000e+00 -2.809312e-06
3.144000e+00 -2.706543e-06
3.146000e+00 -2.605470e-06
3.148000e+00 -2.506158e-06
3.150000e+00 -2.408674e-06
3.152000e+00 -2.313082e-06
3.154000e+00 -2.219449e-06
3.156000e+00 -2.127841e-06
3.158000e+00 -2.038322e-06
3.160000e+00 -1.950958e-06
3.162000e+00 -1.865812e-06
3.164000e+00 -1.782950e-06
3.166000e+00 -1.702432e-06
3.168000e+00 -1.624323e-06
3.170000e+00 -1.548683e-06
3.172000e+00 -1.475573e-06
3.174000e+00 -1.405051e-06
3.176000e+00 -1.337176e-06
3.178000e+00 -1.272004e-06
3.180000e+00 -1.209589e-06
3.182000e+00 -1.149985e-06
3.184000e+00 -1.093243e-06
3.186000e+00 -1.039413e-06
3.188000e+00 -9.885416e-07
3.190000e+00 -9.406753e-07
3.192000e+00 -8.958569e-07
3.194000e+00 -8.541273e-07
3.196000e+00 -8.155250e-07
3.198000e+00 -7.800861e-07
3.200000e+00 -7.478439e-07
3.202000e+00 -7.188292e-07
3.204000e+00 -6.930699e-07
3.206000e+00 -6.705914e-07
3.208000e+00 -6.514159e-07
3.210000e+00 -6.355627e-07
3.212000e+00 -6.230483e-07
3.214000e+00 -6.138860e-07
3.216000e+00 -6.080861e-07
3.218000e+00 -6.056557e-07
3.220000e+00 -6.065989e-07
3.222000e+00 -6.109168e-07
3.224000e+00 -6.186070e-07
3.226000e+00 -6.296644e-07
3.228000e+00 -6.440805e-07
3.230000e+00 -6.618437e-07
3.232000e+00 -6.829396e-07
3.234000e+00 -7.073505e-07
3.236000e+00 -7.350559e-07
3.238000e+00 -7.660322e-07
3.240000e+00 -8.002532e-07
3.242000e+00 -8.376896e-07
3.244000e+00 -8.783095e-07
3.246000e+00 -9.220783e-07
3.248000e+00 -9.689589e-07
3.250000e+00 -1.018912e-06
3.252000e+00 -1.071895e-06
3.254000e+00 -1.127864e-06
3.256000e+00 -1.186772e-06
3.258000e+00 -1.248571e-06
3.260000e+00 -1.313210e-06
3.262000e+00 -1.380637e-06
3.264000e+00 -1.450798e-06
3.266000e+00 -1.523637e-06
3.268000e+00 -1.599096e-06
3.270000e+00 -1.677118e-06
3.272000e+00 -1.757641e-06
3.274000e+00 -1.840605e-06
3.276000e+00 -1.925948e-06
3.278000e+00 -2.013607e-06
3.280000e+00 -2.103517e-06
3.282000e+00 -2.195615e-06
3.284000e+00 -2.289835e-06
3.286000e+00 -2.386112e-06
3.288000e+00 -2.484379e-06
3.290000e+00 -2.584571e-06
3.292000e+00 -2.686620e-06
3.294000e+00 -2.790462e-06
3.296000e+00 -2.896030e-06
3.298000e+00 -3.003256e-06
3.300000e+00 -3.112077e-06
3.302000e+00 -3.222425e-06
3.304000e+00 -3.334236e-06
3.306000e+00 -3.447445e-06
3.308000e+00 -3.561988e-06
3.310000e+00 -3.677801e-06
3.312000e+00 -3.794822e-06
3.314000e+00 -3.912989e-06
3.316000e+00 -4.032240e-06
3.318000e+00 -4.152515e-06
3.320000e+00 -4.273754e-06
3.322000e+00 -4.395899e-06
3.324000e+00 -4.518892e-06
3.326000e+00 -4.642678e-06
3.328000e+00 -4.767199e-06
3.330000e+00 -4.892403e-06
3.332000e+00 -5.018236e-06
3.334000e+00 -5.144646e-06
3.336000e+00 -5.271582e-06
3.338000e+00 -5.398995e-06
3.340000e+00 -5.526835e-06
3.342000e+00 -5.655056e-06
3.344000e+00 -5.783611e-06
3.346000e+00 -5.912456e-06
3.348000e+00 -6.041547e-06
3.350000e+00 -6.170842e-06
3.352000e+00 -6.300299e-06
3.354000e+00 -6.429879e-06
3.356000e+00 -6.559543e-06
3.358000e+00 -6.689253e-06
3.360000e+00 -6.818973e-06
3.362000e+00 -6.948668e-06
3.364000e+00 -7.078304e-06
3.366000e+00 -7.207848e-06
3.368000e+00 -7.337268e-06
3.370000e+00 -7.466534e-06
3.372000e+00 -7.595617e-06
3.374000e+00 -7.724488e-06
3.376000e+00 -7.853119e-06
3.378000e+00 -7.981486e-06
3.380000e+00 -8.109561e-06
3.382000e+00 -8.237323e-06
3.384000e+00 -8.364746e-06
3.386000e+00 -8.491810e-06
3.388000e+00 -8.618493e-06
3.390000e+00 -8.744774e-06
3.392000e+00 -8.870634e-06
3.394000e+00 -8.996056e-06
3.396000e+00 -9.121020e-06
3.398000e+00 -9.245511e-06
3.400000e+00 -9.369512e-06
3.402000e+00 -9.493008e-06
3.404000e+00 -9.615985e-06
3.406000e+00 -9.738430e-06
3.408000e+00 -9.860328e-06
3.410000e+00 -9.981669e-06
3.412000e+00 -1.010244e-05
3.414000e+00 -1.022263e-05
3.416000e+00 -1.034223e-05
3.418000e+00 -1.046123e-05
3.420000e+00 -1.057962e-05
3.422000e+00 -1.069740e-05
3.424000e+00 -1.081455e-05
3.426000e+00 -1.093106e-05
3.428000e+00 -1.104694e-05
3.430000e+00 -1.116217e-05
3.432000e+00 -1.127675e-05
3.434000e+00 -1.139068e-05
3.436000e+00 -1.150394e-05
3.438000e+00 -1.161654e-05
3.440000e+00 -1.172846e-05
3.442000e+00 -1.183972e-05
3.444000e+00 -1.195030e-05
3.446000e+00 -1.206019e-05
3.448000e+00 -1.216941e-05
3.450000e+00 -1.227795e-05
3.452000e+00 -1.238580e-05
3.454000e+00 -1.249296e-05
3.456000e+00 -1.259943e-05
3.458000e+00 -1.270522e-05
3.460000e+00 -1.281032e-05
3.462000e+00 -1.291472e-05
3.464000e+00 -1.301844e-05
3.466000e+00 -1.312147e-05
3.468000e+00 -1.322381e-05
3.470000e+00 -1.332546e-05
3.472000e+00 -1.342643e-05
3.474000e+00 -1.352671e-05
3.476000e+00 -1.362630e-05
3.478000e+00 -1.372522e-05
3.480000e+00 -1.382345e-05
3.482000e+00 -1.392100e-05
3.484000e+00 -1.401787e-05
3.486000e+00 -1.411407e-05
3.488000e+00 -1.420960e-05
3.490000e+00 -1.430445e-05
3.492000e+00 -1.439864e-05
3.494000e+00 -1.449216e-05
3.496000e+00 -1.458502e-05
3.498000e+00 -1.467722e-05
3.500000e+00 -1.476877e-05
3.502000e+00 -1.485966e-05
3.504000e+00 -1.494990e-05
3.506000e+00 -1.503949e-05
3.508000e+00 -1.512844e-05
3.510000e+00 -1.521675e-05
3.512000e+00 -1.530442e-05
3.514000e+00 -1.539147e-05
3.516000e+00 -1.547788e-05
3.518000e+00 -1.556366e-05
3.520000e+00 -1.564883e-05
3.522000e+00 -1.573337e-05
3.524000e+00 -1.581731e-05
3.526000e+00 -1.590063e-05
3.528000e+00 -1.598334e-05
3.530000e+00 -1.606546e-05
3.532000e+00 -1.614697e-05
3.534000e+00 -1.622789e-05
3.536000e+00 -1.630822e-05
3.538000e+00 -1.638797e-05
3.540000e+00 -1.646713e-05
3.542000e+00 -1.654572e-05
3.544000e+00 -1.662373e-05
3.546000e+00 -1.670117e-05
3.548000e+00 -1.677804e-05
3.550000e+00 -1.685436e-05
3.552000e+00 -1.693012e-05
3.554000e+00 -1.700532e-05
3.556000e+00 -1.707998e-05
3.558000e+00 -1.715409e-05
3.560000e+00 -1.722766e-05
3.562000e+00 -1.730069e-05
3.564000e+00 -1.737319e-05
3.566000e+00 -1.744516e-05
3.568000e+00 -1.751661e-05
3.570000e+00 -1.758754e-05
3.572000e+00 -1.765796e-05
3.574000e+00 -1.772786e-05
3.576000e+00 -1.779725e-05
3.578000e+00 -1.786614e-05
3.580000e+00 -1.793454e-05
3.582000e+00 -1.800243e-05
3.584000e+00 -1.806984e-05
3.586000e+00 -1.813676e-05
3.588000e+00 -1.820319e-05
3.590000e+00 -1.826915e-05
3.592000e+00 -1.833462e-05
3.594000e+00 -1.839963e-05
3.596000e+00 -1.846417e-05
3.598000e+00 -1.852825e-05
3.600000e+00 -1.859187e-05
3.602000e+00 -1.865503e-05
3.604000e+00 -1.871774e-05
3.606000e+00 -1.878000e-05
3.608000e+00 -1.884181e-05
3.610000e+00 -1.890319e-05
3.612000e+00 -1.896413e-05
3.614000e+00 -1.902463e-05
3.616000e+00 -1.908471e-05
3.618000e+00 -1.914435e-05
3.620000e+00 -1.920358e-05
3.622000e+00 -1.926239e-05
3.624000e+00 -1.932078e-05
3.626000e+00 -1.937876e-05
3.628000e+00 -1.943633e-05
3.630000e+00 -1.949350e-05
3.632000e+00 -1.955026e-05
3.634000e+00 -1.960663e-05
3.636000e+00 -1.966261e-05
3.638000e+00 -1.971819e-05
3.640000e+00 -1.977338e-05
3.642000e+00 -1.982819e-05
3.644000e+00 -1.988262e-05
3.646000e+00 -1.993667e-05
3.648000e+00 -1.999035e-05
3.650000e+00 -2.004365e-05
3.652000e+00 -2.009659e-05
3.654000e+00 -2.014916e-05
3.656000e+00 -2.020137e-05
3.658000e+00 -2.025322e-05
3.660000e+00 -2.030471e-05
3.662000e+00 -2.035585e-05
3.664000e+00 -2.040665e-05
3.666000e+00 -2.045709e-05
3.668000e+00 -2.050719e-05
3.670000e+00 -2.055695e-05
3.672000e+00 -2.060637e-05
3.674000e+00 -2.065546e-05
3.676000e+00 -2.070422e-05
3.678000e+00 -2.075264e-05
3.680000e+00 -2.080074e-05
3.682000e+00 -2.084852e-05
3.684000e+00 -2.089597e-05
3.686000e+00 -2.094311e-05
3.688000e+00 -2.098993e-05
3.690000e+00 -2.103643e-05
3.692000e+00 -2.108263e-05
3.694000e+00 -2.112852e-05
3.696000e+00 -2.117411e-05
3.698000e+00 -2.121939e-05
3.700000e+00 -2.126437e-05
3.702000e+00 -2.130905e-05
3.704000e+00 -2.135344e-05
3.706000e+00 -2.139754e-05
3.708000e+00 -2.144135e-05
3.710000e+00 -2.148487e-05
3.712000e+00 -2.152810e-05
3.714000e+00 -2.157106e-05
3.716000e+00 -2.161373e-05
3.718000e+00 -2.165612e-05
3.720000e+00 -2.169824e-05
3.722000e+00 -2.174008e-05
3.724000e+00 -2.178166e-05
3.726000e+00 -2.182296e-05
3.728000e+00 -2.186400e-05
3.730000e+00 -2.190477e-05
3.732000e+00 -2.194529e-05
3.734000e+00 -2.198554e-05
3.736000e+00 -2.202553e-05
3.738000e+00 -2.206527e-05
3.740000e+00 -2.210475e-05
3.742000e+00 -2.214399e-05
3.744000e+00 -2.218297e-05
3.746000e+00 -2.222170e-05
3.748000e+00 -2.226019e-05
3.750000e+00 -2.229844e-05
3.752000e+00 -2.233645e-05
3.754000e+00 -2.237421e-05
3.756000e+00 -2.241174e-05
3.758000e+00 -2.244903e-05
3.760000e+00 -2.248609e-05
3.762000e+00 -2.252292e-05
3.764000e+00 -2.255951e-05
3.766000e+00 -2.259588e-05
3.768000e+00 -2.263202e-05
3.770000e+00 -2.266794e-05
3.772000e+00 -2.270363e-05
3.774000e+00 -2.273911e-05
3.776000e+00 -2.277436e-05
3.778000e+00 -2.280940e-05
3.780000e+00 -2.284422e-05
3.782000e+00 -2.287883e-05
3.784000e+00 -2.291322e-05
3.786000e+00 -2.294741e-05
3.788000e+00 -2.298139e-05
3.790000e+00 -2.301515e-05
3.792000e+00 -2.304872e-05
3.794000e+00 -2.308207e-05
3.796000e+00 -2.311523e-05
3.798000e+00 -2.314819e-05
3.800000e+00 -2.318094e-05
3.802000e+00 -2.321350e-05
3.804000e+00 -2.324586e-05
3.806000e+00 -2.327803e-05
3.808000e+00 -2.331000e-05
3.810000e+00 -2.334178e-05
3.812000e+00 -2.337338e-05
3.814000e+00 -2.340478e-05
3.816000e+00 -2.343599e-05
3.818000e+00 -2.346702e-05
3.820000e+00 -2.349787e-05
3.822000e+00 -2.352853e-05
3.824000e+00 -2.355901e-05
3.826000e+00 -2.358931e-05
3.828000e+00 -2.361943e-05
3.830000e+00 -2.364938e-05
3.832000e+00 -2.367914e-05
3.834000e+00 -2.370873e-05
3.836000e+00 -2.373815e-05
3.838000e+00 -2.376740e-05
3.840000e+00 -2.379647e-05
3.842000e+00 -2.382538e-05
3.844000e+00 -2.385412e-05
3.846000e+00 -2.388269e-05
3.848000e+00 -2.391109e-05
3.850000e+00 -2.393933e-05
3.852000e+00 -2.396740e-05
3.854000e+00 -2.399532e-05
3.856000e+00 -2.402307e-05
3.858000e+00 -2.405066e-05
3.860000e+00 -2.407809e-05
3.862000e+00 -2.410537e-05
3.864000e+00 -2.413248e-05
3.866000e+00 -2.415945e-05
3.868000e+00 -2.418626e-05
3.870000e+00 -2.421291e-05
3.872000e+00 -2.423942e-05
3.874000e+00 -2.426577e-05
3.876000e+00 -2.429197e-05
3.878000e+00 -2.431803e-05
3.880000e+00 -2.434393e-05
3.882000e+00 -2.436969e-05
3.884000e+00 -2.439531e-05
3.886000e+00 -2.442077e-05
3.888000e+00 -2.444610e-05
3.890000e+00 -2.447128e-05
3.892000e+00 -2.449633e-05
3.894000e+00 -2.452123e-05
3.896000e+00 -2.454599e-05
3.898000e+00 -2.457061e-05
3.900000e+00 -2.459510e-05
3.902000e+00 -2.461945e-05
3.904000e+00 -2.464366e-05
3.906000e+00 -2.466774e-05
3.908000e+00 -2.469168e-05
3.910000e+00 -2.471549e-05
3.912000e+00 -2.473917e-05
3.914000e+00 -2.476272e-05
3.916000e+00 -2.478614e-05
3.918000e+00 -2.480943e-05
3.920000e+00 -2.483259e-05
3.922000e+00 -2.485562e-05
3.924000e+00 -2.487853e-05
3.926000e+00 -2.490131e-05
3.928000e+00 -2.492396e-05
3.930000e+00 -2.494650e-05
3.932000e+00 -2.496890e-05
3.934000e+00 -2.499119e-05
3.936000e+00 -2.501335e-05
3.938000e+00 -2.503540e-05
3.940000e+00 -2.505732e-05
3.942000e+00 -2.507912e-05
3.944000e+00 -2.510081e-05
3.946000e+00 -2.512238e-05
3.948000e+00 -2.514383e-05
3.950000e+00 -2.516516e-05
3.952000e+00 -2.518638e-05
3.954000e+00 -2.520749e-05
3.956000e+00 -2.522848e-05
3.958000e+00 -2.524936e-05
3.960000e+00 -2.527012e-05
3.962000e+00 -2.529078e-05
3.964000e+00 -2.531132e-05
3.966000e+00 -2.533175e-05
3.968000e+00 -2.535208e-05
3.970000e+00 -2.537229e-05
3.972000e+00 -2.539240e-05
3.974000e+00 -2.541240e-05
3.976000e+00 -2.543229e-05
3.978000e+00 -2.545208e-05
3.980000e+00 -2.547176e-05
3.982000e+00 -2.549134e-05
3.984000e+00 -2.551081e-05
3.986000e+00 -2.553018e-05
3.988000e+00 -2.554944e-05
3.990000e+00 -2.556861e-05
3.992000e+00 -2.558767e-05
3.994000e+00 -2.560664e-05
3.996000e+00 -2.562550e-05
3.998000e+00 -2.564426e-05
4.000000e+00 -2.566292e-05
4.002000e+00 -2.568149e-05
4.004000e+00 -2.569996e-05
4.006000e+00 -2.571833e-05
4.008000e+00 -2.573660e-05
4.010000e+00 -2.575478e-05
4.012000e+00 -2.577286e-05
4.014000e+00 -2.579085e-05
4.016000e+00 -2.580875e-05
4.018000e+00 -2.582655e-05
4.020000e+00 -2.584426e-05
4.022000e+00 -2.586187e-05
4.024000e+00 -2.587939e-05
4.026000e+00 -2.589683e-05
4.028000e+00 -2.591417e-05
4.030000e+00 -2.593142e-05
4.032000e+00 -2.594858e-05
4.034000e+00 -2.596565e-05
4.036000e+00 -2.598263e-05
4.038000e+00 -2.599953e-05
4.040000e+00 -2.601634e-05
4.042000e+00 -2.603306e-05
4.044000e+00 -2.604969e-05
4.046000e+00 -2.606624e-05
4.048000e+00 -2.608270e-05
4.050000e+00 -2.609908e-05
4.052000e+00 -2.611537e-05
4.054000e+00 -2.613158e-05
4.056000e+00 -2.614770e-05
4.058000e+00 -2.616374e-05
4.060000e+00 -2.617970e-05
4.062000e+00 -2.619558e-05
4.064000e+00 -2.621137e-05
4.066000e+00 -2.622709e-05
4.068000e+00 -2.624272e-05
4.070000e+00 -2.625827e-05
4.072000e+00 -2.627375e-05
4.074000e+00 -2.628914e-05
4.076000e+00 -2.630445e-05
4.078000e+00 -2.631969e-05
4.080000e+00 -2.633485e-05
4.082000e+00 -2.634993e-05
4.084000e+00 -2.636493e-05
4.086000e+00 -2.637986e-05
4.088000e+00 -2.639471e-05
4.090000e+00 -2.640948e-05
4.092000e+00 -2.642418e-05
4.094000e+00 -2.643880e-05
4.096000e+00 -2.645335e-05
4.098000e+00 -2.646782e-05
4.100000e+00 -2.648222e-05
4.102000e+00 -2.649655e-05
4.104000e+00 -2.651081e-05
4.106000e+00 -2.652499e-05
4.108000e+00 -2.653909e-05
4.110000e+00 -2.655313e-05
4.112000e+00 -2.656710e-05
4.114000e+00 -2.658099e-05
4.116000e+00 -2.659481e-05
4.118000e+00 -2.660857e-05
4.120000e+00 -2.662225e-05
4.122000e+00 -2.663586e-05
4.124000e+00 -2.664941e-05
4.126000e+00 -2.666288e-05
4.128000e+00 -2.667629e-05
4.130000e+00 -2.668963e-05
4.132000e+00 -2.670290e-05
4.134000e+00 -2.671610e-05
4.136000e+00 -2.672924e-05
4.138000e+00 -2.674231e-05
4.140000e+00 -2.675531e-05
4.142000e+00 -2.676825e-05
4.144000e+00 -2.678112e-05
4.146000e+00 -2.679392e-05
4.148000e+00 -2.680666e-05
4.150000e+00 -2.681934e-05
4.152000e+00 -2.683195e-05
4.154000e+00 -2.684450e-05
4.156000e+00 -2.685698e-05
4.158000e+00 -2.686940e-05
4.160000e+00 -2.688176e-05
4.162000e+00 -2.689405e-05
4.164000e+00 -2.690628e-05
4.166000e+00 -2.691845e-05
4.168000e+00 -2.693056e-05
4.170000e+00 -2.694260e-05
4.172000e+00 -2.695459e-05
4.174000e+00 -2.696651e-05
4.176000e+00 -2.697837e-05
4.178000e+00 -2.699018e-05
4.180000e+00 -2.700192e-05
4.182000e+00 -2.701360e-05
4.184000e+00 -2.702522e-05
4.186000e+00 -2.703679e-05
4.188000e+00 -2.704829e-05
4.190000e+00 -2.705974e-05
4.192000e+00 -2.707113e-05
4.194000e+00 -2.708246e-05
4.196000e+00 -2.709373e-05
4.198000e+00 -2.710494e-05
4.200000e+00 -2.711610e-05
4.202000e+00 -2.712720e-05
4.204000e+00 -2.713824e-05
4.206000e+00 -2.714923e-05
4.208000e+00 -2.716016e-05
4.210000e+00 -2.717104e-05
4.212000e+00 -2.718186e-05
4.214000e+00 -2.719262e-05
4.216000e+00 -2.720333e-05
4.218000e+00 -2.721398e-05
4.220000e+00 -2.722458e-05
4.222000e+00 -2.723513e-05
4.224000e+00 -2.724562e-05
4.226000e+00 -2.725605e-05
4.228000e+00 -2.726644e-05
4.230000e+00 -2.727677e-05
4.232000e+00 -2.728704e-05
4.234000e+00 -2.729727e-05
4.236000e+00 -2.730744e-05
4.238000e+00 -2.731755e-05
4.240000e+00 -2.732762e-05
4.242000e+00 -2.733763e-05
4.244000e+00 -2.734760e-05
4.246000e+00 -2.735751e-05
4.248000e+00 -2.736737e-05
4.250000e+00 -2.737718e-05
4.252000e+00 -2.738693e-05
4.254000e+00 -2.739664e-05
4.256000e+00 -2.740630e-05
4.258000e+00 -2.741590e-05
4.260000e+00 -2.742546e-05
4.262000e+00 -2.743497e-05
4.264000e+00 -2.744442e-05
4.266000e+00 -2.745383e-05
4.268000e+00 -2.746319e-05
4.270000e+00 -2.747250e-05
4.272000e+00 -2.748176e-05
4.274000e+00 -2.749097e-05
4.276000e+00 -2.750013e-05
4.278000e+00 -2.750925e-05
4.280000e+00 -2.751832e-05
4.282000e+00 -2.752734e-05
4.284000e+00 -2.753631e-05
4.286000e+00 -2.754524e-05
4.288000e+00 -2.755412e-05
4.290000e+00 -2.756295e-05
4.292000e+00 -2.757173e-05
4.294000e+00 -2.758047e-05
4.296000e+00 -2.758916e-05
4.298000e+00 -2.759781e-05
4.300000e+00 -2.760641e-05
4.302000e+00 -2.761496e-05
4.304000e+00 -2.762347e-05
4.306000e+00 -2.763193e-05
4.308000e+00 -2.764035e-05
4.310000e+00 -2.764872e-05
4.312000e+00 -2.765705e-05
4.314000e+00 -2.766533e-05
4.316000e+00 -2.767357e-05
4.318000e+00 -2.768176e-05
4.320000e+00 -2.768991e-05
4.322000e+00 -2.769802e-05
4.324000e+00 -2.770608e-05
4.326000e+00 -2.771410e-05
4.328000e+00 -2.772207e-05
4.330000e+00 -2.773000e-05
4.332000e+00 -2.773789e-05
4.334000e+00 -2.774574e-05
4.336000e+00 -2.775354e-05
4.338000e+00 -2.776130e-05
4.340000e+00 -2.776902e-05
4.342000e+00 -2.777669e-05
4.344000e+00 -2.778432e-05
4.346000e+00 -2.779191e-05
4.348000e+00 -2.779946e-05
4.350000e+00 -2.780697e-05
4.352000e+00 -2.781443e-05
4.354000e+00 -2.782186e-05
4.356000e+00 -2.782924e-05
4.358000e+00 -2.783658e-05
4.360000e+00 -2.784388e-05
4.362000e+00 -2.785114e-05
4.364000e+00 -2.785836e-05
4.366000e+00 -2.786554e-05
4.368000e+00 -2.787267e-05
4.370000e+00 -2.787977e-05
4.372000e+00 -2.788683e-05
4.374000e+00 -2.789385e-05
4.376000e+00 -2.790082e-05
4.378000e+00 -2.790776e-05
4.380000e+00 -2.791466e-05
4.382000e+00 -2.792152e-05
4.384000e+00 -2.792834e-05
4.386000e+00 -2.793512e-05
4.388000e+00 -2.794186e-05
4.390000e+00 -2.794856e-05
4.392000e+00 -2.795522e-05
4.394000e+00 -2.796185e-05
4.396000e+00 -2.796843e-05
4.398000e+00 -2.797498e-05
4.400000e+00 -2.798149e-05
4.402000e+00 -2.798796e-05
4.404000e+00 -2.799440e-05
4.406000e+00 -2.800079e-05
4.408000e+00 -2.800715e-05
4.410000e+00 -2.801347e-05
4.412000e+00 -2.801975e-05
4.414000e+00 -2.802600e-05
4.416000e+00 -2.803221e-05
4.418000e+00 -2.803838e-05
4.420000e+00 -2.804451e-05
4.422000e+00 -2.805061e-05
4.424000e+00 -2.805667e-05
4.426000e+00 -2.806269e-05
4.428000e+00 -2.806868e-05
4.430000e+00 -2.807463e-05
4.432000e+00 -2.808055e-05
4.434000e+00 -2.808642e-05
4.436000e+00 -2.809227e-05
4.438000e+00 -2.809807e-05
4.440000e+00 -2.810384e-05
4.442000e+00 -2.810958e-05
4.444000e+00 -2.811527e-05
4.446000e+00 -2.812094e-05
4.448000e+00 -2.812656e-05
4.450000e+00 -2.813216e-05
4.452000e+00 -2.813771e-05
4.454000e+00 -2.814324e-05
4.456000e+00 -2.814872e-05
4.458000e+00 -2.815417e-05
4.460000e+00 -2.815959e-05
4.462000e+00 -2.816497e-05
4.464000e+00 -2.817032e-05
4.466000e+00 -2.817563e-05
4.468000e+00 -2.818091e-05
4.470000e+00 -2.818616e-05
4.472000e+00 -2.819137e-05
4.474000e+00 -2.819654e-05
4.476000e+00 -2.820168e-05
4.478000e+00 -2.820679e-05
4.480000e+00 -2.821186e-05
4.482000e+00 -2.821690e-05
4.484000e+00 -2.822191e-05
4.486000e+00 -2.822688e-05
4.488000e+00 -2.823182e-05
4.490000e+00 -2.823673e-05
4.492000e+00 -2.824160e-05
4.494000e+00 -2.824644e-05
4.496000e+00 -2.825125e-05
4.498000e+00 -2.825602e-05
4.500000e+00 -2.826076e-05
4.502000e+00 -2.826547e-05
4.504000e+00 -2.827014e-05
4.506000e+00 -2.827478e-05
4.508000e+00 -2.827939e-05
4.510000e+00 -2.828397e-05
4.512000e+00 -2.828851e-05
4.514000e+00 -2.829302e-05
4.516000e+00 -2.829750e-05
4.518000e+00 -2.830195e-05
4.520000e+00 -2.830636e-05
4.522000e+00 -2.831075e-05
4.524000e+00 -2.831510e-05
4.526000e+00 -2.831942e-05
4.528000e+00 -2.832370e-05
4.530000e+00 -2.832796e-05
4.532000e+00 -2.833218e-05
4.534000e+00 -2.833637e-05
4.536000e+00 -2.834053e-05
4.538000e+00 -2.834466e-05
4.540000e+00 -2.834876e-05
4.542000e+00 -2.835283e-05
4.544000e+00 -2.835686e-05
4.546000e+00 -2.836086e-05
4.548000e+00 -2.836484e-05
4.550000e+00 -2.836878e-05
4.552000e+00 -2.837269e-05
4.554000e+00 -2.837657e-05
4.556000e+00 -2.838042e-05
4.558000e+00 -2.838423e-05
4.560000e+00 -2.838802e-05
4.562000e+00 -2.839178e-05
4.564000e+00 -2.839550e-05
4.566000e+00 -2.839920e-05
4.568000e+00 -2.840286e-05
4.570000e+00 -2.840650e-05
4.572000e+00 -2.841010e-05
4.574000e+00 -2.841367e-05
4.576000e+00 -2.841722e-05
4.578000e+00 -2.842073e-05
4.580000e+00 -2.842422e-05
4.582000e+00 -2.842767e-05
4.584000e+00 -2.843109e-05
4.586000e+00 -2.843449e-05
4.588000e+00 -2.843785e-05
4.590000e+00 -2.844118e-05
4.592000e+00 -2.844449e-05
4.594000e+00 -2.844776e-05
4.596000e+00 -2.845101e-05
4.598000e+00 -2.845422e-05
4.600000e+00 -2.845741e-05
4.602000e+00 -2.846056e-05
4.604000e+00 -2.846369e-05
4.606000e+00 -2.846679e-05
4.608000e+00 -2.846986e-05
4.610000e+00 -2.847289e-05
4.612000e+00 -2.847590e-05
4.614000e+00 -2.847888e-05
4.616000e+00 -2.848184e-05
4.618000e+00 -2.848476e-05
4.620000e+00 -2.848765e-05
4.622000e+00 -2.849052e-05
4.624000e+00 -2.849335e-05
4.626000e+00 -2.849616e-05
4.628000e+00 -2.849894e-05
4.630000e+00 -2.850168e-05
4.632000e+00 -2.850441e-05
4.634000e+00 -2.850710e-05
4.636000e+00 -2.850976e-05
4.638000e+00 -2.851239e-05
4.640000e+00 -2.851500e-05
4.642000e+00 -2.851758e-05
4.644000e+00 -2.852013e-05
4.646000e+00 -2.852265e-05
4.648000e+00 -2.852514e-05
4.650000e+00 -2.852760e-05
4.652000e+00 -2.853004e-05
4.654000e+00 -2.853245e-05
4.656000e+00 -2.853483e-05
4.658000e+00 -2.853718e-05
4.660000e+00 -2.853950e-05
4.662000e+00 -2.854179e-05
4.664000e+00 -2.854406e-05
4.666000e+00 -2.854630e-05
4.668000e+00 -2.854851e-05
4.670000e+00 -2.855069e-05
4.672000e+00 -2.855285e-05
4.674000e+00 -2.855497e-05
4.676000e+00 -2.855707e-05
4.678000e+00 -2.855915e-05
4.680000e+00 -2.856119e-05
4.682000e+00 -2.856320e-05
4.684000e+00 -2.856519e-05
4.686000e+00 -2.856715e-05
4.688000e+00 -2.856909e-05
4.690000e+00 -2.857099e-05
4.692000e+00 -2.857287e-05
4.694000e+00 -2.857472e-05
4.696000e+00 -2.857654e-05
4.698000e+00 -2.857834e-05
4.700000e+00 -2.858010e-05
4.702000e+00 -2.858184e-05
4.704000e+00 -2.858356e-05
4.706000e+00 -2.858524e-05
4.708000e+00 -2.858690e-05
4.710000e+00 -2.858853e-05
4.712000e+00 -2.859014e-05
4.714000e+00 -2.859171e-05
4.716000e+00 -2.859326e-05
4.718000e+00 -2.859478e-05
4.720000e+00 -2.859628e-05
4.722000e+00 -2.859775e-05
4.724000e+00 -2.859919e-05
4.726000e+00 -2.860060e-05
4.728000e+00 -2.860199e-05
4.730000e+00 -2.860334e-05
4.732000e+00 -2.860468e-05
4.734000e+00 -2.860598e-05
4.736000e+00 -2.860726e-05
4.738000e+00 -2.860851e-05
4.740000e+00 -2.860973e-05
4.742000e+00 -2.861093e-05
4.744000e+00 -2.861210e-05
4.746000e+00 -2.861325e-05
4.748000e+00 -2.861436e-05
4.750000e+00 -2.861545e-05
4.752000e+00 -2.861651e-05
4.754000e+00 -2.861755e-05
4.756000e+00 -2.861856e-05
4.758000e+00 -2.861954e-05
4.760000e+00 -2.862050e-05
4.762000e+00 -2.862143e-05
4.764000e+00 -2.862233e-05
4.766000e+00 -2.862320e-05
4.768000e+00 -2.862405e-05
4.770000e+00 -2.862487e-05
4.772000e+00 -2.862567e-05
4.774000e+00 -2.862644e-05
4.776000e+00 -2.862718e-05
4.778000e+00 -2.862789e-05
4.780000e+00 -2.862858e-05
4.782000e+00 -2.862924e-05
4.784000e+00 -2.862988e-05
4.786000e+00 -2.863049e-05
4.788000e+00 -2.863107e-05
4.790000e+00 -2.863163e-05
4.792000e+00 -2.863215e-05
4.794000e+00 -2.863266e-05
4.796000e+00 -2.863313e-05
4.798000e+00 -2.863358e-05
4.800000e+00 -2.863400e-05
4.802000e+00 -2.863440e-05
4.804000e+00 -2.863477e-05
4.806000e+00 -2.863511e-05
4.808000e+00 -2.863543e-05
4.810000e+00 -2.863572e-05
4.812000e+00 -2.863598e-05
4.814000e+00 -2.863622e-05
4.816000e+00 -2.863643e-05
4.818000e+00 -2.863661e-05
4.820000e+00 -2.863677e-05
4.822000e+00 -2.863690e-05
4.824000e+00 -2.863700e-05
4.826000e+00 -2.863708e-05
4.828000e+00 -2.863713e-05
4.830000e+00 -2.863716e-05
4.832000e+00 -2.863715e-05
4.834000e+00 -2.863713e-05
4.836000e+00 -2.863707e-05
4.838000e+00 -2.863699e-05
4.840000e+00 -2.863688e-05
4.842000e+00 -2.863675e-05
4.844000e+00 -2.863659e-05
4.846000e+00 -2.863640e-05
4.848000e+00 -2.863619e-05
4.850000e+00 -2.863594e-05
4.852000e+00 -2.863568e-05
4.854000e+00 -2.863538e-05
4.856000e+00 -2.863506e-05
4.858000e+00 -2.863472e-05
4.860000e+00 -2.863434e-05
4.862000e+00 -2.863394e-05
4.864000e+00 -2.863352e-05
4.866000e+00 -2.863307e-05
4.868000e+00 -2.863259e-05
4.870000e+00 -2.863208e-05
4.872000e+00 -2.863155e-05
4.874000e+00 -2.863099e-05
4.876000e+00 -2.863040e-05
4.878000e+00 -2.862979e-05
4.880000e+00 -2.862915e-05
4.882000e+00 -2.862848e-05
4.884000e+00 -2.862779e-05
4.886000e+00 -2.862707e-05
4.888000e+00 -2.862633e-05
4.890000e+00 -2.862556e-05
4.892000e+00 -2.862476e-05
4.894000e+00 -2.862393e-05
4.896000e+00 -2.862308e-05
4.898000e+00 -2.862220e-05
4.900000e+00 -2.862129e-05
4.902000e+00 -2.862036e-05
4.904000e+00 -2.861940e-05
4.906000e+00 -2.861841e-05
4.908000e+00 -2.861740e-05
4.910000e+00 -2.861636e-05
4.912000e+00 -2.861529e-05
4.914000e+00 -2.861420e-05
4.916000e+00 -2.861308e-05
4.918000e+00 -2.861193e-05
4.920000e+00 -2.861076e-05
4.922000e+00 -2.860956e-05
4.924000e+00 -2.860833e-05
4.926000e+00 -2.860707e-05
4.928000e+00 -2.860579e-05
4.930000e+00 -2.860448e-05
4.932000e+00 -2.860314e-05
4.934000e+00 -2.860178e-05
4.936000e+00 -2.860039e-05
4.938000e+00 -2.859897e-05
4.940000e+00 -2.859753e-05
4.942000e+00 -2.859606e-05
4.944000e+00 -2.859456e-05
4.946000e+00 -2.859303e-05
4.948000e+00 -2.859148e-05
4.950000e+00 -2.858990e-05
4.952000e+00 -2.858829e-05
4.954000e+00 -2.858665e-05
4.956000e+00 -2.858499e-05
4.958000e+00 -2.858330e-05
4.960000e+00 -2.858158e-05
4.962000e+00 -2.857984e-05
4.964000e+00 -2.857806e-05
4.966000e+00 -2.857626e-05
4.968000e+00 -2.857444e-05
4.970000e+00 -2.857258e-05
4.972000e+00 -2.857070e-05
4.974000e+00 -2.856879e-05
4.976000e+00 -2.856685e-05
4.978000e+00 -2.856489e-05
4.980000e+00 -2.856289e-05
4.982000e+00 -2.856087e-05
4.984000e+00 -2.855882e-05
4.986000e+00 -2.855675e-05
4.988000e+00 -2.855464e-05
4.990000e+00 -2.855251e-05
4.992000e+00 -2.855035e-05
4.994000e+00 -2.854816e-05
4.996000e+00 -2.854595e-05
4.998000e+00 -2.854370e-05
5.000000e+00 -2.854143e-05
5.002000e+00 -2.853913e-05
5.004000e+00 -2.853680e-05
5.006000e+00 -2.853445e-05
5.008000e+00 -2.853206e-05
5.010000e+00 -2.852965e-05
5.012000e+00 -2.852721e-05
5.014000e+00 -2.852474e-05
5.016000e+00 -2.852224e-05
5.018000e+00 -2.851972e-05
5.020000e+00 -2.851716e-05
5.022000e+00 -2.851458e-05
5.024000e+00 -2.851197e-05
5.026000e+00 -2.850933e-05
5.028000e+00 -2.850666e-05
5.030000e+00 -2.850396e-05
5.032000e+00 -2.850123e-05
5.034000e+00 -2.849848e-05
5.036000e+00 -2.849569e-05
5.038000e+00 -2.849288e-05
5.040000e+00 -2.849004e-05
5.042000e+00 -2.848717e-05
5.044000e+00 -2.848427e-05
5.046000e+00 -2.848134e-05
5.048000e+00 -2.847838e-05
5.050000e+00 -2.847540e-05
5.052000e+00 -2.847238e-05
5.054000e+00 -2.846933e-05
5.056000e+00 -2.846626e-05
5.058000e+00 -2.846316e-05
5.060000e+00 -2.846002e-05
5.062000e+00 -2.845686e-05
5.064000e+00 -2.845367e-05
5.066000e+00 -2.845045e-05
5.068000e+00 -2.844719e-05
5.070000e+00 -2.844391e-05
5.072000e+00 -2.844060e-05
5.074000e+00 -2.843726e-05
5.076000e+00 -2.843389e-05
5.078000e+00 -2.843049e-05
5.080000e+00 -2.842706e-05
5.082000e+00 -2.842360e-05
5.084000e+00 -2.842011e-05
5.086000e+00 -2.841659e-05
5.088000e+00 -2.841304e-05
5.090000e+00 -2.840946e-05
5.092000e+00 -2.840584e-05
5.094000e+00 -2.840220e-05
5.096000e+00 -2.839853e-05
5.098000e+00 -2.839483e-05
5.100000e+00 -2.839109e-05
5.102000e+00 -2.838733e-05
5.104000e+00 -2.838353e-05
5.106000e+00 -2.837971e-05
5.108000e+00 -2.837585e-05
5.110000e+00 -2.837196e-05
5.112000e+00 -2.836805e-05
5.114000e+00 -2.836410e-05
5.116000e+00 -2.836012e-05
5.118000e+00 -2.835610e-05
5.120000e+00 -2.835206e-05
5.122000e+00 -2.834799e-05
5.124000e+00 -2.834388e-05
5.126000e+00 -2.833974e-05
5.128000e+00 -2.833557e-05
5.130000e+00 -2.833137e-05
5.132000e+00 -2.832714e-05
5.134000e+00 -2.832288e-05
5.136000e+00 -2.831858e-05
5.138000e+00 -2.831425e-05
5.140000e+00 -2.830989e-05
5.142000e+00 -2.830550e-05
5.144000e+00 -2.830108e-05
5.146000e+00 -2.829662e-05
5.148000e+00 -2.829213e-05
5.150000e+00 -2.828761e-05
5.152000e+00 -2.828306e-05
5.154000e+00 -2.827847e-05
5.156000e+00 -2.827385e-05
5.158000e+00 -2.826920e-05
5.160000e+00 -2.826452e-05
5.162000e+00 -2.825980e-05
5.164000e+00 -2.825505e-05
5.166000e+00 -2.825027e-05
5.168000e+00 -2.824545e-05
5.170000e+00 -2.824060e-05
5.172000e+00 -2.823572e-05
5.174000e+00 -2.823080e-05
5.176000e+00 -2.822585e-05
5.178000e+00 -2.822087e-05
5.180000e+00 -2.821585e-05
5.182000e+00 -2.821080e-05
5.184000e+00 -2.820572e-05
5.186000e+00 -2.820060e-05
5.188000e+00 -2.819545e-05
5.190000e+00 -2.819026e-05
5.192000e+00 -2.818504e-05
5.194000e+00 -2.817978e-05
5.196000e+00 -2.817449e-05
5.198000e+00 -2.816917e-05
5.200000e+00 -2.816381e-05
5.202000e+00 -2.815842e-05
5.204000e+00 -2.815299e-05
5.206000e+00 -2.814752e-05
5.208000e+00 -2.814202e-05
5.210000e+00 -2.813649e-05
5.212000e+00 -2.813092e-05
5.214000e+00 -2.812532e-05
5.216000e+00 -2.811968e-05
5.218000e+00 -2.811400e-05
5.220000e+00 -2.810829e-05
5.222000e+00 -2.810254e-05
5.224000e+00 -2.809676e-05
5.226000e+00 -2.809094e-05
5.228000e+00 -2.808509e-05
5.230000e+00 -2.807919e-05
5.232000e+00 -2.807327e-05
5.234000e+00 -2.806730e-05
5.236000e+00 -2.806130e-05
5.238000e+00 -2.805527e-05
5.240000e+00 -2.804919e-05
5.242000e+00 -2.804308e-05
5.244000e+00 -2.803693e-05
5.246000e+00 -2.803075e-05
5.248000e+00 -2.802452e-05
5.250000e+00 -2.801826e-05
5.252000e+00 -2.801197e-05
5.254000e+00 -2.800563e-05
5.256000e+00 -2.799926e-05
5.258000e+00 -2.799285e-05
5.260000e+00 -2.798640e-05
5.262000e+00 -2.797991e-05
5.264000e+00 -2.797339e-05
5.266000e+00 -2.796683e-05
5.268000e+00 -2.796022e-05
5.270000e+00 -2.795358e-05
5.272000e+00 -2.794690e-05
5.274000e+00 -2.794019e-05
5.276000e+00 -2.793343e-05
5.278000e+00 -2.792663e-05
5.280000e+00 -2.791980e-05
5.282000e+00 -2.791292e-05
5.284000e+00 -2.790601e-05
5.286000e+00 -2.789905e-05
5.288000e+00 -2.789206e-05
5.290000e+00 -2.788503e-05
5.292000e+00 -2.787795e-05
5.294000e+00 -2.787084e-05
5.296000e+00 -2.786368e-05
5.298000e+00 -2.785649e-05
5.300000e+00 -2.784925e-05
5.302000e+00 -2.784197e-05
5.304000e+00 -2.783465e-05
5.306000e+00 -2.782730e-05
5.308000e+00 -2.781989e-05
5.310000e+00 -2.781245e-05
5.312000e+00 -2.780497e-05
5.314000e+00 -2.779744e-05
5.316000e+00 -2.778988e-05
5.318000e+00 -2.778227e-05
5.320000e+00 -2.777462e-05
5.322000e+00 -2.776692e-05
5.324000e+00 -2.775919e-05
5.326000e+00 -2.775141e-05
5.328000e+00 -2.774358e-05
5.330000e+00 -2.773572e-05
5.332000e+00 -2.772781e-05
5.334000e+00 -2.771986e-05
5.336000e+00 -2.771186e-05
5.338000e+00 -2.770383e-05
5.340000e+00 -2.769574e-05
5.342000e+00 -2.768762e-05
5.344000e+00 -2.767945e-05
5.346000e+00 -2.767123e-05
5.348000e+00 -2.766297e-05
5.350000e+00 -2.765467e-05
5.352000e+00 -2.764632e-05
5.354000e+00 -2.763792e-05
5.356000e+00 -2.762948e-05
5.358000e+00 -2.762100e-05
5.360000e+00 -2.761247e-05
5.362000e+00 -2.760389e-05
5.364000e+00 -2.759527e-05
5.366000e+00 -2.758660e-05
5.368000e+00 -2.757789e-05
5.370000e+00 -2.756912e-05
5.372000e+00 -2.756032e-05
5.374000e+00 -2.755146e-05
5.376000e+00 -2.754256e-05
5.378000e+00 -2.753361e-05
5.380000e+00 -2.752461e-05
5.382000e+00 -2.751557e-05
5.384000e+00 -2.750647e-05
5.386000e+00 -2.749733e-05
5.388000e+00 -2.748814e-05
5.390000e+00 -2.747891e-05
5.392000e+00 -2.746962e-05
5.394000e+00 -2.746028e-05
5.396000e+00 -2.745090e-05
5.398000e+00 -2.744147e-05
5.400000e+00 -2.743198e-05
5.402000e+00 -2.742245e-05
5.404000e+00 -2.741287e-05
5.406000e+00 -2.740323e-05
5.408000e+00 -2.739355e-05
5.410000e+00 -2.738382e-05
5.412000e+00 -2.737403e-05
5.414000e+00 -2.736419e-05
5.416000e+00 -2.735431e-05
5.418000e+00 -2.734437e-05
5.420000e+00 -2.733438e-05
5.422000e+00 -2.732433e-05
5.424000e+00 -2.731424e-05
5.426000e+00 -2.730409e-05
5.428000e+00 -2.729389e-05
5.430000e+00 -2.728364e-05
5.432000e+00 -2.727333e-05
5.434000e+00 -2.726297e-05
5.436000e+00 -2.725256e-05
5.438000e+00 -2.724209e-05
5.440000e+00 -2.723157e-05
5.442000e+00 -2.722099e-05
5.444000e+00 -2.721036e-05
5.446000e+00 -2.719968e-05
5.448000e+00 -2.718893e-05
5.450000e+00 -2.717814e-05
5.452000e+00 -2.716729e-05
5.454000e+00 -2.715638e-05
5.456000e+00 -2.714542e-05
5.458000e+00 -2.713440e-05
5.460000e+00 -2.712332e-05
5.462000e+00 -2.711218e-05
5.464000e+00 -2.710099e-05
5.466000e+00 -2.708974e-05
5.468000e+00 -2.707844e-05
5.470000e+00 -2.706707e-05
5.472000e+00 -2.705565e-05
5.474000e+00 -2.704417e-05
5.476000e+00 -2.703263e-05
5.478000e+00 -2.702103e-05
5.480000e+00 -2.700937e-05
5.482000e+00 -2.699765e-05
5.484000e+00 -2.698587e-05
5.486000e+00 -2.697403e-05
5.488000e+00 -2.696213e-05
5.490000e+00 -2.695017e-05
5.492000e+00 -2.693815e-05
5.494000e+00 -2.692606e-05
5.496000e+00 -2.691391e-05
5.498000e+00 -2.690171e-05
5.500000e+00 -2.688944e-05
5.502000e+00 -2.687710e-05
5.504000e+00 -2.686471e-05
5.506000e+00 -2.685225e-05
5.508000e+00 -2.683972e-05
5.510000e+00 -2.682713e-05
5.512000e+00 -2.681448e-05
5.514000e+00 -2.680176e-05
5.516000e+00 -2.678898e-05
5.518000e+00 -2.677613e-05
5.520000e+00 -2.676322e-05
5.522000e+00 -2.675024e-05
5.524000e+00 -2.673719e-05
5.526000e+00 -2.672408e-05
5.528000e+00 -2.671090e-05
5.530000e+00 -2.669765e-05
5.532000e+00 -2.668434e-05
5.534000e+00 -2.667096e-05
5.536000e+00 -2.665750e-05
5.538000e+00 -2.664398e-05
5.540000e+00 -2.663039e-05
5.542000e+00 -2.661673e-05
5.544000e+00 -2.660300e-05
5.546000e+00 -2.658920e-05
5.548000e+00 -2.657533e-05
5.550000e+00 -2.656139e-05
5.552000e+00 -2.654738e-05
5.554000e+00 -2.653329e-05
5.556000e+00 -2.651913e-05
5.558000e+00 -2.650490e-05
5.560000e+00 -2.649060e-05
5.562000e+00 -2.647622e-05
5.564000e+00 -2.646177e-05
5.566000e+00 -2.644725e-05
5.568000e+00 -2.643265e-05
5.570000e+00 -2.641797e-05
5.572000e+00 -2.640322e-05
5.574000e+00 -2.638839e-05
5.576000e+00 -2.637349e-05
5.578000e+00 -2.635851e-05
5.580000e+00 -2.634345e-05
5.582000e+00 -2.632832e-05
5.584000e+00 -2.631311e-05
5.586000e+00 -2.629781e-05
5.588000e+00 -2.628244e-05
5.590000e+00 -2.626699e-05
5.592000e+00 -2.625146e-05
5.594000e+00 -2.623586e-05
5.596000e+00 -2.622016e-05
5.598000e+00 -2.620439e-05
5.600000e+00 -2.618854e-05
5.602000e+00 -2.617260e-05
5.604000e+00 -2.615658e-05
5.606000e+00 -2.614048e-05
5.608000e+00 -2.612430e-05
5.610000e+00 -2.610803e-05
5.612000e+00 -2.609167e-05
5.614000e+00 -2.607524e-05
5.616000e+00 -2.605871e-05
5.618000e+00 -2.604210e-05
5.620000e+00 -2.602540e-05
5.622000e+00 -2.600862e-05
5.624000e+00 -2.599175e-05
5.626000e+00 -2.597479e-05
5.628000e+00 -2.595774e-05
5.630000e+00 -2.594060e-05
5.632000e+00 -2.592337e-05
5.634000e+00 -2.590605e-05
5.636000e+00 -2.588865e-05
5.638000e+00 -2.587115e-05
5.640000e+00 -2.585355e-05
5.642000e+00 -2.583587e-05
5.644000e+00 -2.581809e-05
5.646000e+00 -2.580022e-05
5.648000e+00 -2.578226e-05
5.650000e+00 -2.576420e-05
5.652000e+00 -2.574604e-05
5.654000e+00 -2.572779e-05
5.656000e+00 -2.570944e-05
5.658000e+00 -2.569100e-05
5.660000e+00 -2.567245e-05
5.662000e+00 -2.565381e-05
5.664000e+00 -2.563507e-05
5.666000e+00 -2.561623e-05
5.668000e+00 -2.559730e-05
5.670000e+00 -2.557826e-05
5.672000e+00 -2.555911e-05
5.674000e+00 -2.553987e-05
5.676000e+00 -2.552052e-05
5.678000e+00 -2.550107e-05
5.680000e+00 -2.548152e-05
5.682000e+00 -2.546186e-05
5.684000e+00 -2.544210e-05
5.686000e+00 -2.542223e-05
5.688000e+00 -2.540225e-05
5.690000e+00 -2.538217e-05
5.692000e+00 -2.536198e-05
5.694000e+00 -2.534168e-05
5.696000e+00 -2.532127e-05
5.698000e+00 -2.530075e-05
5.700000e+00 -2.528012e-05
5.702000e+00 -2.525938e-05
5.704000e+00 -2.523852e-05
5.706000e+00 -2.521755e-05
5.708000e+00 -2.519647e-05
5.710000e+00 -2.517527e-05
5.712000e+00 -2.515396e-05
5.714000e+00 -2.513254e-05
5.716000e+00 -2.511099e-05
5.718000e+00 -2.508933e-05
5.720000e+00 -2.506755e-05
5.722000e+00 -2.504565e-05
5.724000e+00 -2.502363e-05
5.726000e+00 -2.500149e-05
5.728000e+00 -2.497923e-05
5.730000e+00 -2.495684e-05
5.732000e+00 -2.493433e-05
5.734000e+00 -2.491170e-05
5.736000e+00 -2.488895e-05
5.738000e+00 -2.486606e-05
5.740000e+00 -2.484305e-05
5.742000e+00 -2.481992e-05
5.744000e+00 -2.479665e-05
5.746000e+00 -2.477326e-05
5.748000e+00 -2.474973e-05
5.750000e+00 -2.472608e-05
5.752000e+00 -2.470229e-05
5.754000e+00 -2.467837e-05
5.756000e+00 -2.465432e-05
5.758000e+00 -2.463013e-05
5.760000e+00 -2.460580e-05
5.762000e+00 -2.458134e-05
5.764000e+00 -2.455674e-05
5.766000e+00 -2.453201e-05
5.768000e+00 -2.450713e-05
5.770000e+00 -2.448211e-05
5.772000e+00 -2.445695e-05
5.774000e+00 -2.443165e-05
5.776000e+00 -2.440621e-05
5.778000e+00 -2.438062e-05
5.780000e+00 -2.435488e-05
5.782000e+00 -2.432900e-05
5.784000e+00 -2.430297e-05
5.786000e+00 -2.427679e-05
5.788000e+00 -2.425046e-05
5.790000e+00 -2.422399e-05
5.792000e+00 -2.419735e-05
5.794000e+00 -2.417057e-05
5.796000e+00 -2.414363e-05
5.798000e+00 -2.411654e-05
5.800000e+00 -2.408929e-05
5.802000e+00 -2.406188e-05
5.804000e+00 -2.403432e-05
5.806000e+00 -2.400659e-05
5.808000e+00 -2.397870e-05
5.810000e+00 -2.395065e-05
5.812000e+00 -2.392244e-05
5.814000e+00 -2.389406e-05
5.816000e+00 -2.386552e-05
5.818000e+00 -2.383681e-05
5.820000e+00 -2.380793e-05
5.822000e+00 -2.377888e-05
5.824000e+00 -2.374966e-05
5.826000e+00 -2.372027e-05
5.828000e+00 -2.369070e-05
5.830000e+00 -2.366096e-05
5.832000e+00 -2.363105e-05
5.834000e+00 -2.360095e-05
5.836000e+00 -2.357068e-05
5.838000e+00 -2.354023e-05
5.840000e+00 -2.350959e-05
5.842000e+00 -2.347877e-05
5.844000e+00 -2.344777e-05
5.846000e+00 -2.341658e-05
5.848000e+00 -2.338521e-05
5.850000e+00 -2.335364e-05
5.852000e+00 -2.332189e-05
5.854000e+00 -2.328995e-05
5.856000e+00 -2.325781e-05
5.858000e+00 -2.322547e-05
5.860000e+00 -2.319294e-05
5.862000e+00 -2.316022e-05
5.864000e+00 -2.312729e-05
5.866000e+00 -2.309417e-05
5.868000e+00 -2.306084e-05
5.870000e+00 -2.302730e-05
5.872000e+00 -2.299356e-05
5.874000e+00 -2.295962e-05
5.876000e+00 -2.292547e-05
5.878000e+00 -2.289110e-05
5.880000e+00 -2.285652e-05
5.882000e+00 -2.282173e-05
5.884000e+00 -2.278673e-05
5.886000e+00 -2.275150e-05
5.888000e+00 -2.271606e-05
5.890000e+00 -2.268040e-05
5.892000e+00 -2.264451e-05
5.894000e+00 -2.260841e-05
5.896000e+00 -2.257207e-05
5.898000e+00 -2.253551e-05
5.900000e+00 -2.249871e-05
5.902000e+00 -2.246169e-05
5.904000e+00 -2.242443e-05
5.906000e+00 -2.238694e-05
5.908000e+00 -2.234921e-05
5.910000e+00 -2.231124e-05
5.912000e+00 -2.227303e-05
5.914000e+00 -2.223457e-05
5.916000e+00 -2.219587e-05
5.918000e+00 -2.215693e-05
5.920000e+00 -2.211773e-05
5.922000e+00 -2.207829e-05
5.924000e+00 -2.203859e-05
5.926000e+00 -2.199863e-05
5.928000e+00 -2.195842e-05
5.930000e+00 -2.191795e-05
5.932000e+00 -2.187721e-05
5.934000e+00 -2.183622e-05
5.936000e+00 -2.179495e-05
5.938000e+00 -2.175342e-05
5.940000e+00 -2.171162e-05
5.942000e+00 -2.166954e-05
5.944000e+00 -2.162719e-05
5.946000e+00 -2.158456e-05
5.948000e+00 -2.154165e-05
5.950000e+00 -2.149846e-05
5.952000e+00 -2.145499e-05
5.954000e+00 -2.141123e-05
5.956000e+00 -2.136718e-05
5.958000e+00 -2.132284e-05
5.960000e+00 -2.127820e-05
5.962000e+00 -2.123327e-05
5.964000e+00 -2.118803e-05
5.966000e+00 -2.114250e-05
5.968000e+00 -2.109666e-05
5.970000e+00 -2.105052e-05
5.972000e+00 -2.100406e-05
5.974000e+00 -2.095730e-05
5.976000e+00 -2.091021e-05
5.978000e+00 -2.086282e-05
5.980000e+00 -2.081510e-05
5.982000e+00 -2.076706e-05
5.984000e+00 -2.071869e-05
5.986000e+00 -2.066999e-05
5.988000e+00 -2.062097e-05
5.990000e+00 -2.057161e-05
5.992000e+00 -2.052191e-05
5.994000e+00 -2.047187e-05
5.996000e+00 -2.042149e-05
5.998000e+00 -2.037077e-05
6.000000e+00 -2.031969e-05
6.002000e+00 -2.026827e-05
6.004000e+00 -2.021649e-05
6.006000e+00 -2.016435e-05
6.008000e+00 -2.011185e-05
6.010000e+00 -2.005899e-05
6.012000e+00 -2.000576e-05
6.014000e+00 -1.995216e-05
6.016000e+00 -1.989819e-05
6.018000e+00 -1.984384e-05
6.020000e+00 -1.978911e-05
6.022000e+00 -1.973400e-05
6.024000e+00 -1.967851e-05
6.026000e+00 -1.962262e-05
6.028000e+00 -1.956634e-05
6.030000e+00 -1.950967e-05
6.032000e+00 -1.945259e-05
6.034000e+00 -1.939512e-05
6.036000e+00 -1.933723e-05
6.038000e+00 -1.927894e-05
6.040000e+00 -1.922023e-05
6.042000e+00 -1.916111e-05
6.044000e+00 -1.910157e-05
6.046000e+00 -1.904160e-05
6.048000e+00 -1.898121e-05
6.050000e+00 -1.892038e-05
6.052000e+00 -1.885912e-05
6.054000e+00 -1.879742e-05
6.056000e+00 -1.873528e-05
6.058000e+00 -1.867270e-05
6.060000e+00 -1.860967e-05
6.062000e+00 -1.854618e-05
6.064000e+00 -1.848223e-05
6.066000e+00 -1.841783e-05
6.068000e+00 -1.835296e-05
6.070000e+00 -1.828762e-05
6.072000e+00 -1.822181e-05
6.074000e+00 -1.815553e-05
6.076000e+00 -1.808876e-05
6.078000e+00 -1.802152e-05
6.080000e+00 -1.795378e-05
6.082000e+00 -1.788555e-05
6.084000e+00 -1.781683e-05
6.086000e+00 -1.774761e-05
6.088000e+00 -1.767788e-05
6.090000e+00 -1.760765e-05
6.092000e+00 -1.753691e-05
6.094000e+00 -1.746565e-05
6.096000e+00 -1.739387e-05
6.098000e+00 -1.732157e-05
6.100000e+00 -1.724874e-05
6.102000e+00 -1.717539e-05
6.104000e+00 -1.710149e-05
6.106000e+00 -1.702706e-05
6.108000e+00 -1.695208e-05
6.110000e+00 -1.687656e-05
6.112000e+00 -1.680048e-05
6.114000e+00 -1.672385e-05
6.116000e+00 -1.664667e-05
6.118000e+00 -1.656891e-05
6.120000e+00 -1.649060e-05
6.122000e+00 -1.641171e-05
6.124000e+00 -1.633224e-05
6.126000e+00 -1.625220e-05
6.128000e+00 -1.617158e-05
6.130000e+00 -1.609036e-05
6.132000e+00 -1.600856e-05
6.134000e+00 -1.592617e-05
6.136000e+00 -1.584317e-05
6.138000e+00 -1.575958e-05
6.140000e+00 -1.567538e-05
6.142000e+00 -1.559057e-05
6.144000e+00 -1.550515e-05
6.146000e+00 -1.541912e-05
6.148000e+00 -1.533247e-05
6.150000e+00 -1.524519e-05
6.152000e+00 -1.515729e-05
6.154000e+00 -1.506876e-05
6.156000e+00 -1.497960e-05
6.158000e+00 -1.488980e-05
6.160000e+00 -1.479937e-05
6.162000e+00 -1.470829e-05
6.164000e+00 -1.461657e-05
6.166000e+00 -1.452421e-05
6.168000e+00 -1.443119e-05
6.170000e+00 -1.433753e-05
6.172000e+00 -1.424321e-05
6.174000e+00 -1.414824e-05
6.176000e+00 -1.405261e-05
6.178000e+00 -1.395632e-05
6.180000e+00 -1.385937e-05
6.182000e+00 -1.376176e-05
6.184000e+00 -1.366348e-05
6.186000e+00 -1.356454e-05
6.188000e+00 -1.346494e-05
6.190000e+00 -1.336466e-05
6.192000e+00 -1.326372e-05
6.194000e+00 -1.316211e-05
6.196000e+00 -1.305984e-05
6.198000e+00 -1.295690e-05
6.200000e+00 -1.285328e-05
6.202000e+00 -1.274901e-05
6.204000e+00 -1.264407e-05
6.206000e+00 -1.253846e-05
6.208000e+00 -1.243219e-05
6.210000e+00 -1.232526e-05
6.212000e+00 -1.221767e-05
6.214000e+00 -1.210942e-05
6.216000e+00 -1.200053e-05
6.218000e+00 -1.189098e-05
6.220000e+00 -1.178078e-05
6.222000e+00 -1.166994e-05
6.224000e+00 -1.155847e-05
6.226000e+00 -1.144636e-05
6.228000e+00 -1.133362e-05
6.230000e+00 -1.122026e-05
6.232000e+00 -1.110628e-05
6.234000e+00 -1.099170e-05
6.236000e+00 -1.087651e-05
6.238000e+00 -1.076073e-05
6.240000e+00 -1.064436e-05
6.242000e+00 -1.052741e-05
6.244000e+00 -1.040990e-05
6.246000e+00 -1.029183e-05
6.248000e+00 -1.017322e-05
6.250000e+00 -1.005406e-05
6.252000e+00 -9.934390e-06
6.254000e+00 -9.814205e-06
6.256000e+00 -9.693523e-06
6.258000e+00 -9.572358e-06
6.260000e+00 -9.450726e-06
6.262000e+00 -9.328641e-06
6.264000e+00 -9.206121e-06
6.266000e+00 -9.083184e-06
6.268000e+00 -8.959846e-06
6.270000e+00 -8.836127e-06
6.272000e+00 -8.712048e-06
6.274000e+00 -8.587629e-06
6.276000e+00 -8.462892e-06
6.278000e+00 -8.337859e-06
6.280000e+00 -8.212555e-06
6.282000e+00 -8.087005e-06
6.284000e+00 -7.961233e-06
6.286000e+00 -7.835266e-06
6.288000e+00 -7.709134e-06
6.290000e+00 -7.582863e-06
6.292000e+00 -7.456486e-06
6.294000e+00 -7.330032e-06
6.296000e+00 -7.203533e-06
6.298000e+00 -7.077024e-06
6.300000e+00 -6.950539e-06
6.302000e+00 -6.824113e-06
6.304000e+00 -6.697783e-06
6.306000e+00 -6.571588e-06
6.308000e+00 -6.445566e-06
6.310000e+00 -6.319758e-06
6.312000e+00 -6.194206e-06
6.314000e+00 -6.068952e-06
6.316000e+00 -5.944041e-06
6.318000e+00 -5.819518e-06
6.320000e+00 -5.695430e-06
6.322000e+00 -5.571823e-06
6.324000e+00 -5.448747e-06
6.326000e+00 -5.326252e-06
6.328000e+00 -5.204390e-06
6.330000e+00 -5.083212e-06
6.332000e+00 -4.962771e-06
6.334000e+00 -4.843124e-06
6.336000e+00 -4.724324e-06
6.338000e+00 -4.606429e-06
6.340000e+00 -4.489497e-06
6.342000e+00 -4.373585e-06
6.344000e+00 -4.258754e-06
6.346000e+00 -4.145064e-06
6.348000e+00 -4.032576e-06
6.350000e+00 -3.921353e-06
6.352000e+00 -3.811456e-06
6.354000e+00 -3.702950e-06
6.356000e+00 -3.595897e-06
6.358000e+00 -3.490364e-06
6.360000e+00 -3.386413e-06
6.362000e+00 -3.284112e-06
6.364000e+00 -3.183524e-06
6.366000e+00 -3.084717e-06
6.368000e+00 -2.987755e-06
6.370000e+00 -2.892705e-06
6.372000e+00 -2.799631e-06
6.374000e+00 -2.708600e-06
6.376000e+00 -2.619677e-06
6.378000e+00 -2.532927e-06
6.380000e+00 -2.448413e-06
6.382000e+00 -2.366199e-06
6.384000e+00 -2.286349e-06
6.386000e+00 -2.208924e-06
6.388000e+00 -2.133985e-06
6.390000e+00 -2.061593e-06
6.392000e+00 -1.991805e-06
6.394000e+00 -1.924679e-06
6.396000e+00 -1.860272e-06
6.398000e+00 -1.798638e-06
6.400000e+00 -1.739829e-06
6.402000e+00 -1.683896e-06
6.404000e+00 -1.630888e-06
6.406000e+00 -1.580853e-06
6.408000e+00 -1.533834e-06
6.410000e+00 -1.489875e-06
6.412000e+00 -1.449016e-06
6.414000e+00 -1.411294e-06
6.416000e+00 -1.376746e-06
6.418000e+00 -1.345403e-06
6.420000e+00 -1.317295e-06
6.422000e+00 -1.292451e-06
6.424000e+00 -1.270893e-06
6.426000e+00 -1.252645e-06
6.428000e+00 -1.237723e-06
6.430000e+00 -1.226145e-06
6.432000e+00 -1.217921e-06
6.434000e+00 -1.213063e-06
6.436000e+00 -1.211575e-06
6.438000e+00 -1.213462e-06
6.440000e+00 -1.218722e-06
6.442000e+00 -1.227355e-06
6.444000e+00 -1.239352e-06
6.446000e+00 -1.254705e-06
6.448000e+00 -1.273401e-06
6.450000e+00 -1.295426e-06
6.452000e+00 -1.320760e-06
6.454000e+00 -1.349382e-06
6.456000e+00 -1.381268e-06
6.458000e+00 -1.416391e-06
6.460000e+00 -1.454720e-06
6.462000e+00 -1.496224e-06
6.464000e+00 -1.540867e-06
6.466000e+00 -1.588610e-06
6.468000e+00 -1.639414e-06
6.470000e+00 -1.693236e-06
6.472000e+00 -1.750032e-06
6.474000e+00 -1.809753e-06
6.476000e+00 -1.872351e-06
6.478000e+00 -1.937775e-06
6.480000e+00 -2.005972e-06
6.482000e+00 -2.076887e-06
6.484000e+00 -2.150464e-06
6.486000e+00 -2.226645e-06
6.488000e+00 -2.305372e-06
6.490000e+00 -2.386584e-06
6.492000e+00 -2.470220e-06
6.494000e+00 -2.556216e-06
6.496000e+00 -2.644511e-06
6.498000e+00 -2.735039e-06
6.500000e+00 -2.827737e-06
6.502000e+00 -2.922538e-06
6.504000e+00 -3.019378e-06
6.506000e+00 -3.118190e-06
6.508000e+00 -3.218908e-06
6.510000e+00 -3.321465e-06
6.512000e+00 -3.425796e-06
6.514000e+00 -3.531834e-06
6.516000e+00 -3.639513e-06
6.518000e+00 -3.748767e-06
6.520000e+00 -3.859530e-06
6.522000e+00 -3.971739e-06
6.524000e+00 -4.085327e-06
6.526000e+00 -4.200231e-06
6.528000e+00 -4.316389e-06
6.530000e+00 -4.433736e-06
6.532000e+00 -4.552212e-06
6.534000e+00 -4.671755e-06
6.536000e+00 -4.792305e-06
6.538000e+00 -4.913803e-06
6.540000e+00 -5.036191e-06
6.542000e+00 -5.159412e-06
6.544000e+00 -5.283409e-06
6.546000e+00 -5.408126e-06
6.548000e+00 -5.533512e-06
6.550000e+00 -5.659511e-06
6.552000e+00 -5.786073e-06
6.554000e+00 -5.913147e-06
6.556000e+00 -6.040684e-06
6.558000e+00 -6.168635e-06
6.560000e+00 -6.296954e-06
6.562000e+00 -6.425595e-06
6.564000e+00 -6.554513e-06
6.566000e+00 -6.683665e-06
6.568000e+00 -6.813010e-06
6.570000e+00 -6.942505e-06
6.572000e+00 -7.072112e-06
6.574000e+00 -7.201793e-06
6.576000e+00 -7.331509e-06
6.578000e+00 -7.461226e-06
6.580000e+00 -7.590908e-06
6.582000e+00 -7.720521e-06
6.584000e+00 -7.850034e-06
6.586000e+00 -7.979414e-06
6.588000e+00 -8.108632e-06
6.590000e+00 -8.237658e-06
6.592000e+00 -8.366464e-06
6.594000e+00 -8.495024e-06
6.596000e+00 -8.623312e-06
6.598000e+00 -8.751303e-06
6.600000e+00 -8.878972e-06
6.602000e+00 -9.006297e-06
6.604000e+00 -9.133256e-06
6.606000e+00 -9.259829e-06
6.608000e+00 -9.385994e-06
6.610000e+00 -9.511734e-06
6.612000e+00 -9.637029e-06
6.614000e+00 -9.761863e-06
6.616000e+00 -9.886218e-06
6.618000e+00 -1.001008e-05
6.620000e+00 -1.013343e-05
6.622000e+00 -1.025626e-05
6.624000e+00 -1.037855e-05
6.626000e+00 -1.050030e-05
6.628000e+00 -1.062148e-05
6.630000e+00 -1.074209e-05
6.632000e+00 -1.086212e-05
6.634000e+00 -1.098155e-05
6.636000e+00 -1.110038e-05
6.638000e+00 -1.121860e-05
6.640000e+00 -1.133620e-05
6.642000e+00 -1.145318e-05
6.644000e+00 -1.156951e-05
6.646000e+00 -1.168521e-05
6.648000e+00 -1.180026e-05
6.650000e+00 -1.191466e-05
6.652000e+00 -1.202840e-05
6.654000e+00 -1.214148e-05
6.656000e+00 -1.225389e-05
6.658000e+00 -1.236563e-05
6.660000e+00 -1.247669e-05
6.662000e+00 -1.258708e-05
6.664000e+00 -1.269679e-05
6.666000e+00 -1.280582e-05
6.668000e+00 -1.291416e-05
6.670000e+00 -1.302181e-05
6.672000e+00 -1.312879e-05
6.674000e+00 -1.323507e-05
6.676000e+00 -1.334066e-05
6.678000e+00 -1.344556e-05
6.680000e+00 -1.354978e-05
6.682000e+00 -1.365331e-05
6.684000e+00 -1.375614e-05
6.686000e+00 -1.385829e-05
6.688000e+00 -1.395975e-05
6.690000e+00 -1.406052e-05
6.692000e+00 -1.416061e-05
6.694000e+00 -1.426002e-05
6.696000e+00 -1.435874e-05
6.698000e+00 -1.445678e-05
6.700000e+00 -1.455414e-05
6.702000e+00 -1.465083e-05
6.704000e+00 -1.474684e-05
6.706000e+00 -1.484218e-05
6.708000e+00 -1.493684e-05
6.710000e+00 -1.503085e-05
6.712000e+00 -1.512418e-05
6.714000e+00 -1.521686e-05
6.716000e+00 -1.530887e-05
6.718000e+00 -1.540023e-05
6.720000e+00 -1.549094e-05
6.722000e+00 -1.558100e-05
6.724000e+00 -1.567042e-05
6.726000e+00 -1.575919e-05
6.728000e+00 -1.584732e-05
6.730000e+00 -1.593481e-05
6.732000e+00 -1.602168e-05
6.734000e+00 -1.610791e-05
6.736000e+00 -1.619353e-05
6.738000e+00 -1.627852e-05
6.740000e+00 -1.636289e-05
6.742000e+00 -1.644665e-05
6.744000e+00 -1.652981e-05
6.746000e+00 -1.661235e-05
6.748000e+00 -1.669430e-05
6.750000e+00 -1.677565e-05
6.752000e+00 -1.685640e-05
6.754000e+00 -1.693657e-05
6.756000e+00 -1.701615e-05
6.758000e+00 -1.709515e-05
6.760000e+00 -1.717358e-05
6.762000e+00 -1.725143e-05
6.764000e+00 -1.732871e-05
6.766000e+00 -1.740543e-05
6.768000e+00 -1.748159e-05
6.770000e+00 -1.755719e-05
6.772000e+00 -1.763224e-05
6.774000e+00 -1.770674e-05
6.776000e+00 -1.778070e-05
6.778000e+00 -1.785412e-05
6.780000e+00 -1.792700e-05
6.782000e+00 -1.799936e-05
6.784000e+00 -1.807118e-05
6.786000e+00 -1.814249e-05
6.788000e+00 -1.821327e-05
6.790000e+00 -1.828354e-05
6.792000e+00 -1.835330e-05
6.794000e+00 -1.842256e-05
6.796000e+00 -1.849131e-05
6.798000e+00 -1.855956e-05
6.800000e+00 -1.862732e-05
6.802000e+00 -1.869459e-05
6.804000e+00 -1.876137e-05
6.806000e+00 -1.882767e-05
6.808000e+00 -1.889349e-05
6.810000e+00 -1.895884e-05
6.812000e+00 -1.902372e-05
6.814000e+00 -1.908813e-05
6.816000e+00 -1.915207e-05
6.818000e+00 -1.921556e-05
6.820000e+00 -1.927860e-05
6.822000e+00 -1.934118e-05
6.824000e+00 -1.940332e-05
6.826000e+00 -1.946501e-05
6.828000e+00 -1.952626e-05
6.830000e+00 -1.958708e-05
6.832000e+00 -1.964746e-05
6.834000e+00 -1.970742e-05
6.836000e+00 -1.976695e-05
6.838000e+00 -1.982606e-05
6.840000e+00 -1.988475e-05
6.842000e+00 -1.994302e-05
6.844000e+00 -2.000089e-05
6.846000e+00 -2.005835e-05
6.848000e+00 -2.011540e-05
6.850000e+00 -2.017206e-05
6.852000e+00 -2.022831e-05
6.854000e+00 -2.028418e-05
6.856000e+00 -2.033965e-05
6.858000e+00 -2.039474e-05
6.860000e+00 -2.044944e-05
6.862000e+00 -2.050376e-05
6.864000e+00 -2.055771e-05
6.866000e+00 -2.061128e-05
6.868000e+00 -2.066448e-05
6.870000e+00 -2.071731e-05
6.872000e+00 -2.076978e-05
6.874000e+00 -2.082189e-05
6.876000e+00 -2.087364e-05
6.878000e+00 -2.092504e-05
6.880000e+00 -2.097608e-05
6.882000e+00 -2.102678e-05
6.884000e+00 -2.107713e-05
6.886000e+00 -2.112713e-05
6.888000e+00 -2.117680e-05
6.890000e+00 -2.122612e-05
6.892000e+00 -2.127512e-05
6.894000e+00 -2.132378e-05
6.896000e+00 -2.137212e-05
6.898000e+00 -2.142012e-05
6.900000e+00 -2.146781e-05
6.902000e+00 -2.151517e-05
6.904000e+00 -2.156222e-05
6.906000e+00 -2.160895e-05
6.908000e+00 -2.165537e-05
6.910000e+00 -2.170149e-05
6.912000e+00 -2.174729e-05
6.914000e+00 -2.179279e-05
6.916000e+00 -2.183799e-05
6.918000e+00 -2.188289e-05
6.920000e+00 -2.192749e-05
6.922000e+00 -2.197180e-05
6.924000e+00 -2.201581e-05
6.926000e+00 -2.205954e-05
6.928000e+00 -2.210298e-05
6.930000e+00 -2.214613e-05
6.932000e+00 -2.218901e-05
6.934000e+00 -2.223160e-05
6.936000e+00 -2.227392e-05
6.938000e+00 -2.231596e-05
6.940000e+00 -2.235773e-05
6.942000e+00 -2.239923e-05
6.944000e+00 -2.244046e-05
6.946000e+00 -2.248142e-05
6.948000e+00 -2.252212e-05
6.950000e+00 -2.256256e-05
6.952000e+00 -2.260274e-05
6.954000e+00 -2.264266e-05
6.956000e+00 -2.268233e-05
6.958000e+00 -2.272174e-05
6.960000e+00 -2.276090e-05
6.962000e+00 -2.279982e-05
6.964000e+00 -2.283848e-05
6.966000e+00 -2.287690e-05
6.968000e+00 -2.291508e-05
6.970000e+00 -2.295302e-05
6.972000e+00 -2.299072e-05
6.974000e+00 -2.302818e-05
6.976000e+00 -2.306541e-05
6.978000e+00 -2.310240e-05
6.980000e+00 -2.313916e-05
6.982000e+00 -2.317570e-05
6.984000e+00 -2.321200e-05
6.986000e+00 -2.324808e-05
6.988000e+00 -2.328394e-05
6.990000e+00 -2.331957e-05
6.992000e+00 -2.335498e-05
6.994000e+00 -2.339017e-05
6.996000e+00 -2.342515e-05
6.998000e+00 -2.345991e-05
7.000000e+00 -2.349446e-05
7.002000e+00 -2.352880e-05
7.004000e+00 -2.356292e-05
7.006000e+00 -2.359684e-05
7.008000e+00 -2.363055e-05
7.010000e+00 -2.366406e-05
7.012000e+00 -2.369736e-05
7.014000e+00 -2.373046e-05
7.016000e+00 -2.376336e-05
7.018000e+00 -2.379606e-05
7.020000e+00 -2.382856e-05
7.022000e+00 -2.386087e-05
7.024000e+00 -2.389298e-05
7.026000e+00 -2.392490e-05
7.028000e+00 -2.395663e-05
7.030000e+00 -2.398817e-05
7.032000e+00 -2.401952e-05
7.034000e+00 -2.405068e-05
7.036000e+00 -2.408166e-05
7.038000e+00 -2.411245e-05
7.040000e+00 -2.414306e-05
7.042000e+00 -2.417349e-05
7.044000e+00 -2.420374e-05
7.046000e+00 -2.423381e-05
7.048000e+00 -2.426371e-05
7.050000e+00 -2.429343e-05
7.052000e+00 -2.432297e-05
7.054000e+00 -2.435234e-05
7.056000e+00 -2.438154e-05
7.058000e+00 -2.441057e-05
7.060000e+00 -2.443942e-05
7.062000e+00 -2.446811e-05
7.064000e+00 -2.449664e-05
7.066000e+00 -2.452499e-05
7.068000e+00 -2.455319e-05
7.070000e+00 -2.458122e-05
7.072000e+00 -2.460908e-05
7.074000e+00 -2.463679e-05
7.076000e+00 -2.466434e-05
7.078000e+00 -2.469173e-05
7.080000e+00 -2.471896e-05
7.082000e+00 -2.474603e-05
7.084000e+00 -2.477295e-05
7.086000e+00 -2.479972e-05
7.088000e+00 -2.482633e-05
7.090000e+00 -2.485279e-05
7.092000e+00 -2.487910e-05
7.094000e+00 -2.490526e-05
7.096000e+00 -2.493128e-05
7.098000e+00 -2.495714e-05
7.100000e+00 -2.498286e-05
7.102000e+00 -2.500843e-05
7.104000e+00 -2.503386e-05
7.106000e+00 -2.505915e-05
7.108000e+00 -2.508429e-05
7.110000e+00 -2.510930e-05
7.112000e+00 -2.513416e-05
7.114000e+00 -2.515888e-05
7.116000e+00 -2.518347e-05
7.118000e+00 -2.520791e-05
7.120000e+00 -2.523222e-05
7.122000e+00 -2.525640e-05
7.124000e+00 -2.528044e-05
7.126000e+00 -2.530435e-05
7.128000e+00 -2.532812e-05
7.130000e+00 -2.535176e-05
7.132000e+00 -2.537528e-05
7.134000e+00 -2.539866e-05
7.136000e+00 -2.542191e-05
7.138000e+00 -2.544503e-05
7.140000e+00 -2.546803e-05
7.142000e+00 -2.549090e-05
7.144000e+00 -2.551365e-05
7.146000e+00 -2.553627e-05
7.148000e+00 -2.555877e-05
7.150000e+00 -2.558114e-05
7.152000e+00 -2.560339e-05
7.154000e+00 -2.562552e-05
7.156000e+00 -2.564753e-05
7.158000e+00 -2.566942e-05
7.160000e+00 -2.569119e-05
7.162000e+00 -2.571284e-05
7.164000e+00 -2.573438e-05
7.166000e+00 -2.575580e-05
7.168000e+00 -2.577710e-05
7.170000e+00 -2.579829e-05
7.172000e+00 -2.581936e-05
7.174000e+00 -2.584032e-05
7.176000e+00 -2.586117e-05
7.178000e+00 -2.588190e-05
7.180000e+00 -2.590253e-05
7.182000e+00 -2.592304e-05
7.184000e+00 -2.594344e-05
7.186000e+00 -2.596373e-05
7.188000e+00 -2.598392e-05
7.190000e+00 -2.600400e-05
7.192000e+00 -2.602396e-05
7.194000e+00 -2.604383e-05
7.196000e+00 -2.606359e-05
7.198000e+00 -2.608324e-05
7.200000e+00 -2.610278e-05
7.202000e+00 -2.612223e-05
7.204000e+00 -2.614157e-05
7.206000e+00 -2.616081e-05
7.208000e+00 -2.617994e-05
7.210000e+00 -2.619898e-05
7.212000e+00 -2.621791e-05
7.214000e+00 -2.623675e-05
7.216000e+00 -2.625548e-05
7.218000e+00 -2.627412e-05
7.220000e+00 -2.629266e-05
7.222000e+00 -2.631110e-05
7.224000e+00 -2.632944e-05
7.226000e+00 -2.634769e-05
7.228000e+00 -2.636584e-05
7.230000e+00 -2.638390e-05
7.232000e+00 -2.640186e-05
7.234000e+00 -2.641973e-05
7.236000e+00 -2.643750e-05
7.238000e+00 -2.645518e-05
7.240000e+00 -2.647277e-05
7.242000e+00 -2.649027e-05
7.244000e+00 -2.650768e-05
7.246000e+00 -2.652499e-05
7.248000e+00 -2.654222e-05
7.250000e+00 -2.655936e-05
7.252000e+00 -2.657640e-05
7.254000e+00 -2.659336e-05
7.256000e+00 -2.661023e-05
7.258000e+00 -2.662701e-05
7.260000e+00 -2.664371e-05
7.262000e+00 -2.666032e-05
7.264000e+00 -2.667684e-05
7.266000e+00 -2.669328e-05
7.268000e+00 -2.670964e-05
7.270000e+00 -2.672590e-05
7.272000e+00 -2.674209e-05
7.274000e+00 -2.675819e-05
7.276000e+00 -2.677421e-05
7.278000e+00 -2.679014e-05
7.280000e+00 -2.680600e-05
