98.00
71.00
23.00
71.00
97.00
74.00
30.00
96.00
67.00
86.00
93.00
100.00
57.00
87
39
72
53.5
100
58.5
58
57
80.5
80.5
77
57
30
71.5
42
81
53.5
92
43
53.5
86
50.5
37
77
71.5
82.5
61
77
44
99
89
97.5
52
94
45
77.5
71
74.5
81
75
38
86.5
56
55
94
61
94
56.5
57
85
34
50
56.5
85
14
66.5
100
64
60
40
45
31
86
32
84
87
9
26.00
89.00
65.00
48.00
68.50
56.00
83.50
71.50
59.50
82.00
81.00
83.50
71.00
20.00
22.00
87.00
85.50
61.00
69.00
40.00
97.00
99.50
52.00
64.00
42.00
42.00
87.00
99.00
71.00
76.00
92.50
52.00
77.50
79.00
68.00
73.50
87.00
60.00
90.00
60.00
100.00
93.00
64.00
34.50
46.00
55.00
26.00
16.00
77.00
83.00
91.00
65.00
55.50
81.00
33.00
65.00
84.00
81.00
81.00
83.00
49.00
43.00
80.50
58.00
37.50
91.5
71
71
78
35
88
36.5
54
93
91
74
90
95
98.5
98
84.5
76
69
26
82
93
74
58
84
25
55
72
31.5
82
94.5
95
77
86
99
91
81
94
72
83
53
73
72.5
87
81
88
66.5
91
83
36
49
85
71
49
82
88.5
58
57
80
39
34
86
34
99
42.5
36
100
51
91.5
