0.000000e+00 -1.156183e-04
4.000000e+01 -2.016859e-01
8.000000e+01 -4.072694e-01
1.200000e+02 -6.178534e-01
1.600000e+02 -8.342040e-01
2.000000e+02 -1.056254e+00
2.400000e+02 -1.283572e+00
2.800000e+02 -1.512453e+00
3.200000e+02 -1.750746e+00
3.600000e+02 -1.989326e+00
4.000000e+02 -2.232784e+00
4.400000e+02 -2.481010e+00
4.800000e+02 -2.734794e+00
5.200000e+02 -2.986585e+00
5.600000e+02 -3.247779e+00
6.000000e+02 -3.506638e+00
6.400000e+02 -3.770022e+00
6.800000e+02 -4.037004e+00
7.200000e+02 -4.309598e+00
7.600000e+02 -4.574474e+00
8.000000e+02 -4.846513e+00
8.400000e+02 -5.121262e+00
8.800000e+02 -5.392972e+00
9.200000e+02 -5.670992e+00
9.600000e+02 -5.944315e+00
1.000000e+03 -6.225459e+00
1.040000e+03 -6.499892e+00
1.080000e+03 -6.775396e+00
1.120000e+03 -7.060650e+00
1.160000e+03 -7.334535e+00
1.200000e+03 -7.612884e+00
1.240000e+03 -7.883018e+00
1.280000e+03 -8.160200e+00
1.320000e+03 -8.432211e+00
1.360000e+03 -8.707813e+00
1.400000e+03 -8.982359e+00
1.440000e+03 -9.256373e+00
1.480000e+03 -9.527293e+00
1.520000e+03 -9.794463e+00
1.560000e+03 -1.006276e+01
1.600000e+03 -1.032876e+01
1.640000e+03 -1.060704e+01
1.680000e+03 -1.085847e+01
1.720000e+03 -1.112205e+01
1.760000e+03 -1.139985e+01
1.800000e+03 -1.164793e+01
1.840000e+03 -1.191728e+01
1.880000e+03 -1.216204e+01
1.920000e+03 -1.241956e+01
1.960000e+03 -1.269424e+01
2.000000e+03 -1.294857e+01
2.040000e+03 -1.318231e+01
2.080000e+03 -1.343450e+01
2.120000e+03 -1.367910e+01
2.160000e+03 -1.393981e+01
2.200000e+03 -1.417003e+01
2.240000e+03 -1.440150e+01
2.280000e+03 -1.463500e+01
2.320000e+03 -1.485097e+01
2.360000e+03 -1.504897e+01
2.400000e+03 -1.522922e+01
2.440000e+03 -1.546977e+01
2.480000e+03 -1.573217e+01
2.520000e+03 -1.603144e+01
2.560000e+03 -1.638489e+01
2.600000e+03 -1.671364e+01
2.640000e+03 -1.710749e+01
2.680000e+03 -1.750859e+01
2.720000e+03 -1.794024e+01
2.760000e+03 -1.842924e+01
2.800000e+03 -1.889723e+01
2.840000e+03 -1.942704e+01
2.880000e+03 -1.997613e+01
2.920000e+03 -2.057338e+01
2.960000e+03 -2.117379e+01
3.000000e+03 -2.185539e+01
3.040000e+03 -2.253297e+01
3.080000e+03 -2.323530e+01
3.120000e+03 -2.399592e+01
3.160000e+03 -2.481377e+01
3.200000e+03 -2.568814e+01
3.240000e+03 -2.655617e+01
3.280000e+03 -2.745572e+01
3.320000e+03 -2.842496e+01
3.360000e+03 -2.948132e+01
3.400000e+03 -3.056393e+01
3.440000e+03 -3.165182e+01
3.480000e+03 -3.289372e+01
3.520000e+03 -3.409492e+01
3.560000e+03 -3.537330e+01
3.600000e+03 -3.673607e+01
3.640000e+03 -3.817113e+01
3.680000e+03 -3.975020e+01
3.720000e+03 -4.123206e+01
3.760000e+03 -4.287760e+01
3.800000e+03 -4.459581e+01
3.840000e+03 -4.650495e+01
3.880000e+03 -4.833758e+01
3.920000e+03 -5.037178e+01
3.960000e+03 -5.233243e+01
4.000000e+03 -5.450029e+01
4.040000e+03 -5.688391e+01
4.080000e+03 -5.923256e+01
4.120000e+03 -6.168099e+01
4.160000e+03 -6.428646e+01
4.200000e+03 -6.706764e+01
4.240000e+03 -6.996325e+01
4.280000e+03 -7.293713e+01
4.320000e+03 -7.589738e+01
4.360000e+03 -7.923574e+01
4.400000e+03 -8.267971e+01
4.440000e+03 -8.616670e+01
4.480000e+03 -8.991435e+01
4.520000e+03 -9.397745e+01
4.560000e+03 -9.786467e+01
4.600000e+03 -1.023252e+02
4.640000e+03 -1.066206e+02
4.680000e+03 -1.114710e+02
4.720000e+03 -1.161116e+02
4.760000e+03 -1.213263e+02
4.800000e+03 -1.267030e+02
4.840000e+03 -1.321109e+02
4.880000e+03 -1.381975e+02
4.920000e+03 -1.440708e+02
4.960000e+03 -1.506232e+02
5.000000e+03 -1.569406e+02
5.040000e+03 -1.638761e+02
5.080000e+03 -1.713575e+02
5.120000e+03 -1.786480e+02
5.160000e+03 -1.866858e+02
5.200000e+03 -1.950670e+02
5.240000e+03 -2.037223e+02
5.280000e+03 -2.125031e+02
5.320000e+03 -2.218895e+02
5.360000e+03 -2.318121e+02
5.400000e+03 -2.420889e+02
5.440000e+03 -2.526777e+02
5.480000e+03 -2.637648e+02
5.520000e+03 -2.751258e+02
5.560000e+03 -2.866222e+02
5.600000e+03 -2.993377e+02
5.640000e+03 -3.122208e+02
5.680000e+03 -3.262419e+02
5.720000e+03 -3.402610e+02
5.760000e+03 -3.547290e+02
5.800000e+03 -3.697427e+02
5.840000e+03 -3.862180e+02
5.880000e+03 -4.025667e+02
5.920000e+03 -4.203008e+02
5.960000e+03 -4.374473e+02
6.000000e+03 -4.556642e+02
6.040000e+03 -4.752918e+02
6.080000e+03 -4.962446e+02
6.120000e+03 -5.158969e+02
6.160000e+03 -5.387069e+02
6.200000e+03 -5.610608e+02
6.240000e+03 -5.836759e+02
6.280000e+03 -6.083284e+02
6.320000e+03 -6.331407e+02
6.360000e+03 -6.588665e+02
6.400000e+03 -6.850484e+02
6.440000e+03 -7.123044e+02
6.480000e+03 -7.419553e+02
6.520000e+03 -7.704512e+02
6.560000e+03 -8.012065e+02
6.600000e+03 -8.320349e+02
6.640000e+03 -8.658664e+02
6.680000e+03 -8.976476e+02
6.720000e+03 -9.328435e+02
6.760000e+03 -9.697795e+02
6.800000e+03 -1.006255e+03
6.840000e+03 -1.041411e+03
6.880000e+03 -1.082845e+03
6.920000e+03 -1.122494e+03
6.960000e+03 -1.160395e+03
7.000000e+03 -1.202087e+03
7.040000e+03 -1.248430e+03
7.080000e+03 -1.292460e+03
7.120000e+03 -1.333813e+03
7.160000e+03 -1.381402e+03
7.200000e+03 -1.426994e+03
7.240000e+03 -1.478775e+03
7.280000e+03 -1.524841e+03
7.320000e+03 -1.575457e+03
7.360000e+03 -1.629623e+03
7.400000e+03 -1.676660e+03
7.440000e+03 -1.730267e+03
7.480000e+03 -1.783610e+03
7.520000e+03 -1.837959e+03
7.560000e+03 -1.897675e+03
7.600000e+03 -1.952700e+03
7.640000e+03 -2.008719e+03
7.680000e+03 -2.068876e+03
7.720000e+03 -2.120176e+03
7.760000e+03 -2.181623e+03
7.800000e+03 -2.238668e+03
7.840000e+03 -2.302906e+03
7.880000e+03 -2.358986e+03
7.920000e+03 -2.424934e+03
7.960000e+03 -2.479008e+03
8.000000e+03 -2.545172e+03
8.040000e+03 -2.600153e+03
8.080000e+03 -2.669607e+03
8.120000e+03 -2.731080e+03
8.160000e+03 -2.784890e+03
8.200000e+03 -2.852309e+03
8.240000e+03 -2.905680e+03
8.280000e+03 -2.967809e+03
8.320000e+03 -3.035638e+03
8.360000e+03 -3.087652e+03
8.400000e+03 -3.133144e+03
8.440000e+03 -3.189790e+03
8.480000e+03 -3.250822e+03
8.520000e+03 -3.320168e+03
8.560000e+03 -3.376963e+03
8.600000e+03 -3.431893e+03
8.640000e+03 -3.492626e+03
8.680000e+03 -3.541364e+03
8.720000e+03 -3.606843e+03
8.760000e+03 -3.659269e+03
8.800000e+03 -3.710230e+03
8.840000e+03 -3.759232e+03
8.880000e+03 -3.807761e+03
8.920000e+03 -3.873748e+03
8.960000e+03 -3.911943e+03
9.000000e+03 -3.964613e+03
9.040000e+03 -4.016881e+03
9.080000e+03 -4.059331e+03
9.120000e+03 -4.117710e+03
9.160000e+03 -4.150260e+03
9.200000e+03 -4.209933e+03
9.240000e+03 -4.247779e+03
9.280000e+03 -4.279176e+03
9.320000e+03 -4.334693e+03
9.360000e+03 -4.363340e+03
9.400000e+03 -4.413038e+03
9.440000e+03 -4.442274e+03
9.480000e+03 -4.495518e+03
9.520000e+03 -4.531637e+03
9.560000e+03 -4.559105e+03
9.600000e+03 -4.598837e+03
9.640000e+03 -4.625047e+03
9.680000e+03 -4.661235e+03
9.720000e+03 -4.699786e+03
9.760000e+03 -4.725757e+03
9.800000e+03 -4.745115e+03
9.840000e+03 -4.770597e+03
9.880000e+03 -4.805477e+03
9.920000e+03 -4.840929e+03
9.960000e+03 -4.858844e+03
1.000000e+04 -4.885084e+03
1.004000e+04 -4.908816e+03
1.008000e+04 -4.937215e+03
1.012000e+04 -4.943403e+03
1.016000e+04 -4.967550e+03
1.020000e+04 -4.988138e+03
1.024000e+04 -5.014317e+03
1.028000e+04 -5.042955e+03
1.032000e+04 -5.057525e+03
1.036000e+04 -5.060754e+03
1.040000e+04 -5.088209e+03
1.044000e+04 -5.111491e+03
1.048000e+04 -5.110462e+03
1.052000e+04 -5.148470e+03
1.056000e+04 -5.142172e+03
1.060000e+04 -5.157764e+03
1.064000e+04 -5.182308e+03
1.068000e+04 -5.194055e+03
1.072000e+04 -5.192784e+03
1.076000e+04 -5.225840e+03
1.080000e+04 -5.217457e+03
1.084000e+04 -5.228585e+03
1.088000e+04 -5.260898e+03
1.092000e+04 -5.249264e+03
1.096000e+04 -5.261720e+03
1.100000e+04 -5.290128e+03
1.104000e+04 -5.301223e+03
1.108000e+04 -5.292025e+03
1.112000e+04 -5.314688e+03
1.116000e+04 -5.301340e+03
1.120000e+04 -5.319987e+03
1.124000e+04 -5.319095e+03
1.128000e+04 -5.322821e+03
1.132000e+04 -5.354137e+03
1.136000e+04 -5.355111e+03
1.140000e+04 -5.364005e+03
1.144000e+04 -5.362266e+03
1.148000e+04 -5.368510e+03
1.152000e+04 -5.380531e+03
1.156000e+04 -5.380309e+03
1.160000e+04 -5.383526e+03
1.164000e+04 -5.398811e+03
1.168000e+04 -5.380207e+03
1.172000e+04 -5.382461e+03
1.176000e+04 -5.385795e+03
1.180000e+04 -5.411928e+03
1.184000e+04 -5.394329e+03
1.188000e+04 -5.411383e+03
1.192000e+04 -5.413452e+03
1.196000e+04 -5.403775e+03
1.200000e+04 -5.431305e+03
1.204000e+04 -5.409812e+03
1.208000e+04 -5.421910e+03
1.212000e+04 -5.427617e+03
1.216000e+04 -5.420895e+03
1.220000e+04 -5.428563e+03
1.224000e+04 -5.446408e+03
1.228000e+04 -5.435017e+03
1.232000e+04 -5.428955e+03
1.236000e+04 -5.440781e+03
1.240000e+04 -5.444623e+03
1.244000e+04 -5.438757e+03
1.248000e+04 -5.436552e+03
1.252000e+04 -5.461522e+03
1.256000e+04 -5.446480e+03
1.260000e+04 -5.462172e+03
1.264000e+04 -5.442060e+03
1.268000e+04 -5.461943e+03
1.272000e+04 -5.472243e+03
1.276000e+04 -5.470018e+03
1.280000e+04 -5.469185e+03
1.284000e+04 -5.473134e+03
1.288000e+04 -5.477255e+03
1.292000e+04 -5.469131e+03
1.296000e+04 -5.452641e+03
1.300000e+04 -5.467907e+03
1.304000e+04 -5.476334e+03
1.308000e+04 -5.456288e+03
1.312000e+04 -5.482117e+03
1.316000e+04 -5.459570e+03
1.320000e+04 -5.475131e+03
1.324000e+04 -5.479632e+03
1.328000e+04 -5.459107e+03
1.332000e+04 -5.472064e+03
1.336000e+04 -5.487483e+03
1.340000e+04 -5.482972e+03
1.344000e+04 -5.471377e+03
1.348000e+04 -5.464332e+03
1.352000e+04 -5.462704e+03
1.356000e+04 -5.463347e+03
1.360000e+04 -5.464031e+03
1.364000e+04 -5.464237e+03
1.368000e+04 -5.464920e+03
1.372000e+04 -5.468255e+03
1.376000e+04 -5.476316e+03
1.380000e+04 -5.487473e+03
1.384000e+04 -5.493995e+03
1.388000e+04 -5.486826e+03
1.392000e+04 -5.471218e+03
1.396000e+04 -5.469508e+03
1.400000e+04 -5.488328e+03
1.404000e+04 -5.493503e+03
1.408000e+04 -5.472730e+03
1.412000e+04 -5.475182e+03
1.416000e+04 -5.496374e+03
1.420000e+04 -5.478283e+03
1.424000e+04 -5.474694e+03
1.428000e+04 -5.497286e+03
1.432000e+04 -5.473789e+03
1.436000e+04 -5.484816e+03
1.440000e+04 -5.491634e+03
1.444000e+04 -5.471527e+03
1.448000e+04 -5.498281e+03
1.452000e+04 -5.472448e+03
1.456000e+04 -5.493921e+03
1.460000e+04 -5.478933e+03
1.464000e+04 -5.487916e+03
1.468000e+04 -5.484738e+03
1.472000e+04 -5.484268e+03
1.476000e+04 -5.487680e+03
1.480000e+04 -5.483457e+03
1.484000e+04 -5.487699e+03
1.488000e+04 -5.485255e+03
1.492000e+04 -5.484978e+03
1.496000e+04 -5.489280e+03
1.500000e+04 -5.480027e+03
1.504000e+04 -5.494754e+03
1.508000e+04 -5.475070e+03
1.512000e+04 -5.499710e+03
1.516000e+04 -5.472757e+03
1.520000e+04 -5.499257e+03
1.524000e+04 -5.477661e+03
1.528000e+04 -5.491022e+03
1.532000e+04 -5.489667e+03
1.536000e+04 -5.477557e+03
1.540000e+04 -5.499919e+03
1.544000e+04 -5.473298e+03
1.548000e+04 -5.497490e+03
1.552000e+04 -5.485580e+03
1.556000e+04 -5.480462e+03
1.560000e+04 -5.498999e+03
1.564000e+04 -5.473531e+03
1.568000e+04 -5.497376e+03
1.572000e+04 -5.488537e+03
1.576000e+04 -5.477050e+03
1.580000e+04 -5.501296e+03
1.584000e+04 -5.476186e+03
1.588000e+04 -5.491235e+03
1.592000e+04 -5.494195e+03
1.596000e+04 -5.474528e+03
1.600000e+04 -5.497924e+03
1.604000e+04 -5.492896e+03
1.608000e+04 -5.475007e+03
1.612000e+04 -5.494074e+03
1.616000e+04 -5.501428e+03
1.620000e+04 -5.480512e+03
1.624000e+04 -5.480580e+03
1.628000e+04 -5.502022e+03
1.632000e+04 -5.483922e+03
1.636000e+04 -5.480029e+03
1.640000e+04 -5.501146e+03
1.644000e+04 -5.475261e+03
1.648000e+04 -5.491972e+03
1.652000e+04 -5.495963e+03
1.656000e+04 -5.474722e+03
1.660000e+04 -5.493057e+03
1.664000e+04 -5.500934e+03
1.668000e+04 -5.479228e+03
1.672000e+04 -5.482259e+03
1.676000e+04 -5.502318e+03
1.680000e+04 -5.481097e+03
1.684000e+04 -5.483031e+03
1.688000e+04 -5.500234e+03
1.692000e+04 -5.474799e+03
1.696000e+04 -5.492357e+03
1.700000e+04 -5.497846e+03
1.704000e+04 -5.475720e+03
1.708000e+04 -5.488497e+03
1.712000e+04 -5.502415e+03
1.716000e+04 -5.480519e+03
1.720000e+04 -5.482057e+03
1.724000e+04 -5.501763e+03
1.728000e+04 -5.477231e+03
1.732000e+04 -5.488192e+03
1.736000e+04 -5.498656e+03
1.740000e+04 -5.475077e+03
