0.000000e+00 5.669751e-05
4.000000e-01 6.636219e-02
8.000000e-01 1.399522e-01
1.200000e+00 2.210231e-01
1.600000e+00 3.094937e-01
2.000000e+00 4.050869e-01
2.400000e+00 5.070722e-01
2.800000e+00 6.147205e-01
3.200000e+00 7.263966e-01
3.600000e+00 8.410418e-01
4.000000e+00 9.560464e-01
4.400000e+00 1.069899e+00
4.800000e+00 1.179860e+00
5.200000e+00 1.283782e+00
5.600000e+00 1.378998e+00
6.000000e+00 1.462571e+00
6.400000e+00 1.529167e+00
6.800000e+00 1.582142e+00
7.200000e+00 1.646400e+00
7.600000e+00 1.715683e+00
8.000000e+00 1.786323e+00
8.400000e+00 1.859576e+00
8.800000e+00 1.933484e+00
9.200000e+00 2.008203e+00
9.600000e+00 2.083270e+00
1.000000e+01 2.159354e+00
1.040000e+01 2.236219e+00
1.080000e+01 2.313020e+00
1.120000e+01 2.390151e+00
1.160000e+01 2.468188e+00
1.200000e+01 2.545241e+00
1.240000e+01 2.623980e+00
1.280000e+01 2.701934e+00
1.320000e+01 2.780282e+00
1.360000e+01 2.858068e+00
1.400000e+01 2.937207e+00
1.440000e+01 3.015156e+00
1.480000e+01 3.094557e+00
1.520000e+01 3.172541e+00
1.560000e+01 3.251663e+00
1.600000e+01 3.330910e+00
1.640000e+01 3.410096e+00
1.680000e+01 3.489142e+00
1.720000e+01 3.568195e+00
1.760000e+01 3.646492e+00
1.800000e+01 3.726635e+00
1.840000e+01 3.805344e+00
1.880000e+01 3.884196e+00
1.920000e+01 3.963859e+00
1.960000e+01 4.043630e+00
2.000000e+01 4.123267e+00
2.040000e+01 4.202438e+00
2.080000e+01 4.281110e+00
2.120000e+01 4.360821e+00
2.160000e+01 4.441034e+00
2.200000e+01 4.519526e+00
2.240000e+01 4.599646e+00
2.280000e+01 4.679636e+00
2.320000e+01 4.759195e+00
2.360000e+01 4.838459e+00
2.400000e+01 4.917284e+00
2.440000e+01 4.997549e+00
2.480000e+01 5.077535e+00
2.520000e+01 5.156651e+00
2.560000e+01 5.236053e+00
2.600000e+01 5.315361e+00
2.640000e+01 5.394979e+00
2.680000e+01 5.475679e+00
2.720000e+01 5.554500e+00
2.760000e+01 5.634493e+00
2.800000e+01 5.714720e+00
2.840000e+01 5.794750e+00
2.880000e+01 5.873652e+00
2.920000e+01 5.954192e+00
2.960000e+01 6.033937e+00
3.000000e+01 6.112559e+00
3.040000e+01 6.192289e+00
3.080000e+01 6.273242e+00
3.120000e+01 6.353017e+00
3.160000e+01 6.431573e+00
3.200000e+01 6.511695e+00
3.240000e+01 6.591546e+00
3.280000e+01 6.671085e+00
3.320000e+01 6.751892e+00
3.360000e+01 6.831712e+00
3.400000e+01 6.910479e+00
3.440000e+01 6.990673e+00
3.480000e+01 7.069931e+00
3.520000e+01 7.149936e+00
3.560000e+01 7.229475e+00
3.600000e+01 7.310542e+00
3.640000e+01 7.390435e+00
3.680000e+01 7.468981e+00
3.720000e+01 7.549644e+00
3.760000e+01 7.628957e+00
3.800000e+01 7.709719e+00
3.840000e+01 7.788852e+00
3.880000e+01 7.869607e+00
3.920000e+01 7.948119e+00
3.960000e+01 8.028378e+00
4.000000e+01 8.107775e+00
4.040000e+01 8.189154e+00
4.080000e+01 8.268905e+00
4.120000e+01 8.348938e+00
4.160000e+01 8.427277e+00
4.200000e+01 8.508152e+00
4.240000e+01 8.587948e+00
4.280000e+01 8.666884e+00
4.320000e+01 8.748247e+00
4.360000e+01 8.828207e+00
4.400000e+01 8.908163e+00
4.440000e+01 8.986721e+00
4.480000e+01 9.067960e+00
4.520000e+01 9.147318e+00
4.560000e+01 9.227551e+00
4.600000e+01 9.307197e+00
4.640000e+01 9.386483e+00
4.680000e+01 9.465865e+00
4.720000e+01 9.545878e+00
4.760000e+01 9.625668e+00
4.800000e+01 9.707171e+00
4.840000e+01 9.785425e+00
4.880000e+01 9.866207e+00
4.920000e+01 9.946433e+00
4.960000e+01 1.002574e+01
5.000000e+01 1.010521e+01
5.040000e+01 1.018665e+01
5.080000e+01 1.026546e+01
5.120000e+01 1.034482e+01
