0.000000e+00 2.146039e-11
4.000000e-01 3.495391e-09
8.000000e-01 4.207135e-09
1.200000e+00 7.022045e-09
1.600000e+00 8.788048e-09
2.000000e+00 1.053869e-08
2.400000e+00 1.396600e-08
2.800000e+00 1.470872e-08
3.200000e+00 1.762729e-08
3.600000e+00 1.921681e-08
4.000000e+00 2.106144e-08
4.400000e+00 2.441985e-08
4.800000e+00 2.521142e-08
5.200000e+00 2.823240e-08
5.600000e+00 2.965472e-08
6.000000e+00 3.159100e-08
6.400000e+00 3.485882e-08
6.800000e+00 3.571475e-08
7.200000e+00 3.883465e-08
7.600000e+00 4.010173e-08
8.000000e+00 4.212788e-08
8.400000e+00 4.528486e-08
8.800000e+00 4.621821e-08
9.200000e+00 4.943119e-08
9.600000e+00 5.055797e-08
1.000000e+01 5.267322e-08
1.040000e+01 5.570066e-08
1.080000e+01 5.672168e-08
1.120000e+01 6.001921e-08
1.160000e+01 6.102295e-08
1.200000e+01 6.322754e-08
1.240000e+01 6.610911e-08
1.280000e+01 6.722520e-08
1.320000e+01 7.059602e-08
1.360000e+01 7.149601e-08
1.400000e+01 7.379108e-08
1.440000e+01 7.651282e-08
1.480000e+01 7.772902e-08
1.520000e+01 8.115914e-08
1.560000e+01 8.197632e-08
1.600000e+01 8.436395e-08
1.640000e+01 8.691478e-08
1.680000e+01 8.823366e-08
1.720000e+01 9.170668e-08
1.760000e+01 9.246284e-08
1.800000e+01 9.494563e-08
1.840000e+01 9.731756e-08
1.880000e+01 9.873974e-08
1.920000e+01 1.022370e-07
1.960000e+01 1.029546e-07
2.000000e+01 1.055354e-07
2.040000e+01 1.077236e-07
2.080000e+01 1.092481e-07
2.120000e+01 1.127492e-07
2.160000e+01 1.134504e-07
2.200000e+01 1.161319e-07
2.240000e+01 1.181349e-07
2.280000e+01 1.197596e-07
2.320000e+01 1.232430e-07
2.360000e+01 1.239493e-07
2.400000e+01 1.267336e-07
2.440000e+01 1.285530e-07
2.480000e+01 1.302754e-07
2.520000e+01 1.337189e-07
2.560000e+01 1.344505e-07
2.600000e+01 1.373384e-07
2.640000e+01 1.389794e-07
2.680000e+01 1.407964e-07
2.720000e+01 1.441775e-07
2.760000e+01 1.449529e-07
2.800000e+01 1.479437e-07
2.840000e+01 1.494145e-07
2.880000e+01 1.513238e-07
2.920000e+01 1.546208e-07
2.960000e+01 1.554562e-07
3.000000e+01 1.585472e-07
3.040000e+01 1.598590e-07
3.080000e+01 1.618585e-07
3.120000e+01 1.650506e-07
3.160000e+01 1.659598e-07
3.200000e+01 1.691457e-07
3.240000e+01 1.703127e-07
3.280000e+01 1.724013e-07
3.320000e+01 1.754693e-07
3.360000e+01 1.764632e-07
3.400000e+01 1.797365e-07
3.440000e+01 1.807751e-07
3.480000e+01 1.829530e-07
3.520000e+01 1.858798e-07
3.560000e+01 1.869668e-07
3.600000e+01 1.903171e-07
3.640000e+01 1.912461e-07
3.680000e+01 1.935139e-07
3.720000e+01 1.962849e-07
3.760000e+01 1.974707e-07
3.800000e+01 2.008847e-07
3.840000e+01 2.017245e-07
3.880000e+01 2.040841e-07
3.920000e+01 2.066873e-07
3.960000e+01 2.079752e-07
4.000000e+01 2.114372e-07
4.040000e+01 2.122094e-07
4.080000e+01 2.146633e-07
4.120000e+01 2.170898e-07
4.160000e+01 2.184809e-07
4.200000e+01 2.219729e-07
4.240000e+01 2.226998e-07
4.280000e+01 2.252507e-07
4.320000e+01 2.274947e-07
4.360000e+01 2.289885e-07
4.400000e+01 2.324907e-07
4.440000e+01 2.331945e-07
4.480000e+01 2.358454e-07
4.520000e+01 2.379043e-07
4.560000e+01 2.394990e-07
4.600000e+01 2.429901e-07
4.640000e+01 2.436927e-07
4.680000e+01 2.464456e-07
4.720000e+01 2.483204e-07
4.760000e+01 2.500135e-07
4.800000e+01 2.534714e-07
4.840000e+01 2.541933e-07
4.880000e+01 2.570497e-07
4.920000e+01 2.587443e-07
4.960000e+01 2.605328e-07
5.000000e+01 2.639352e-07
5.040000e+01 2.646955e-07
5.080000e+01 2.676551e-07
5.120000e+01 2.691767e-07
5.160000e+01 2.710580e-07
5.200000e+01 2.743829e-07
5.240000e+01 2.751984e-07
5.280000e+01 2.782591e-07
5.320000e+01 2.796181e-07
5.360000e+01 2.815902e-07
5.400000e+01 2.848164e-07
5.440000e+01 2.857016e-07
5.480000e+01 2.888592e-07
5.520000e+01 2.900689e-07
5.560000e+01 2.921303e-07
5.600000e+01 2.952382e-07
5.640000e+01 2.962051e-07
5.680000e+01 2.994527e-07
5.720000e+01 3.005288e-07
5.760000e+01 3.026791e-07
5.800000e+01 3.056509e-07
5.840000e+01 3.067086e-07
5.880000e+01 3.100365e-07
5.920000e+01 3.109971e-07
5.960000e+01 3.132370e-07
6.000000e+01 3.160574e-07
6.040000e+01 3.172124e-07
6.080000e+01 3.206082e-07
6.120000e+01 3.214732e-07
6.160000e+01 3.238042e-07
6.200000e+01 3.264603e-07
6.240000e+01 3.277166e-07
6.280000e+01 3.311655e-07
6.320000e+01 3.319563e-07
6.360000e+01 3.343807e-07
6.400000e+01 3.368626e-07
6.440000e+01 3.382217e-07
6.480000e+01 3.417065e-07
6.520000e+01 3.424449e-07
6.560000e+01 3.449655e-07
6.600000e+01 3.472664e-07
6.640000e+01 3.487285e-07
6.680000e+01 3.522298e-07
6.720000e+01 3.529384e-07
6.760000e+01 3.555580e-07
6.800000e+01 3.576745e-07
6.840000e+01 3.592380e-07
6.880000e+01 3.627349e-07
6.920000e+01 3.634356e-07
6.960000e+01 3.661566e-07
7.000000e+01 3.680885e-07
7.040000e+01 3.697512e-07
7.080000e+01 3.732219e-07
7.120000e+01 3.739356e-07
7.160000e+01 3.767597e-07
7.200000e+01 3.785098e-07
7.240000e+01 3.802688e-07
7.280000e+01 3.836910e-07
7.320000e+01 3.844373e-07
7.360000e+01 3.873649e-07
7.400000e+01 3.889396e-07
7.440000e+01 3.907922e-07
7.480000e+01 3.941436e-07
7.520000e+01 3.949402e-07
7.560000e+01 3.979697e-07
7.600000e+01 3.993783e-07
7.640000e+01 4.013221e-07
7.680000e+01 4.045815e-07
7.720000e+01 4.054435e-07
7.760000e+01 4.085714e-07
7.800000e+01 4.098263e-07
7.840000e+01 4.118598e-07
7.880000e+01 4.150069e-07
7.920000e+01 4.159470e-07
7.960000e+01 4.191672e-07
8.000000e+01 4.202834e-07
8.040000e+01 4.224058e-07
8.080000e+01 4.254222e-07
8.120000e+01 4.264505e-07
8.160000e+01 4.297543e-07
8.200000e+01 4.307492e-07
8.240000e+01 4.329607e-07
8.280000e+01 4.358304e-07
8.320000e+01 4.369541e-07
8.360000e+01 4.403301e-07
8.400000e+01 4.412231e-07
8.440000e+01 4.435251e-07
8.480000e+01 4.462343e-07
8.520000e+01 4.474582e-07
8.560000e+01 4.508921e-07
8.600000e+01 4.517040e-07
8.640000e+01 4.540986e-07
8.680000e+01 4.566365e-07
8.720000e+01 4.579629e-07
8.760000e+01 4.614384e-07
8.800000e+01 4.621910e-07
8.840000e+01 4.646808e-07
8.880000e+01 4.670398e-07
8.920000e+01 4.684693e-07
8.960000e+01 4.719676e-07
9.000000e+01 4.726832e-07
9.040000e+01 4.752710e-07
9.080000e+01 4.774464e-07
9.120000e+01 4.789778e-07
9.160000e+01 4.824785e-07
9.200000e+01 4.831793e-07
9.240000e+01 4.858678e-07
9.280000e+01 4.878583e-07
9.320000e+01 4.894897e-07
9.360000e+01 4.929712e-07
9.400000e+01 4.936785e-07
9.440000e+01 4.964695e-07
9.480000e+01 4.982771e-07
9.520000e+01 5.000056e-07
9.560000e+01 5.034458e-07
9.600000e+01 5.041797e-07
9.640000e+01 5.070742e-07
9.680000e+01 5.087041e-07
9.720000e+01 5.105271e-07
9.760000e+01 5.139036e-07
9.800000e+01 5.146822e-07
9.840000e+01 5.176793e-07
9.880000e+01 5.191401e-07
9.920000e+01 5.210549e-07
9.960000e+01 5.243461e-07
1.000000e+02 5.251855e-07
1.004000e+02 5.282823e-07
1.008000e+02 5.295851e-07
1.012000e+02 5.315899e-07
1.016000e+02 5.347752e-07
1.020000e+02 5.356889e-07
1.024000e+02 5.388802e-07
1.028000e+02 5.400393e-07
1.032000e+02 5.421331e-07
1.036000e+02 5.451936e-07
1.040000e+02 5.461926e-07
1.044000e+02 5.494705e-07
1.048000e+02 5.505025e-07
1.052000e+02 5.526852e-07
1.056000e+02 5.556039e-07
1.060000e+02 5.566961e-07
1.064000e+02 5.600501e-07
1.068000e+02 5.609738e-07
1.072000e+02 5.632464e-07
1.076000e+02 5.660089e-07
1.080000e+02 5.671999e-07
1.084000e+02 5.706167e-07
1.088000e+02 5.714525e-07
1.092000e+02 5.738168e-07
1.096000e+02 5.764113e-07
1.100000e+02 5.777044e-07
1.104000e+02 5.811683e-07
1.108000e+02 5.819378e-07
1.112000e+02 5.843963e-07
1.116000e+02 5.868142e-07
1.120000e+02 5.882102e-07
1.124000e+02 5.917032e-07
1.128000e+02 5.924285e-07
1.132000e+02 5.949840e-07
1.136000e+02 5.972195e-07
1.140000e+02 5.987180e-07
1.144000e+02 6.022202e-07
1.148000e+02 6.029234e-07
1.152000e+02 6.055787e-07
1.156000e+02 6.076295e-07
1.160000e+02 6.092286e-07
1.164000e+02 6.127188e-07
1.168000e+02 6.134217e-07
1.172000e+02 6.161790e-07
1.176000e+02 6.180461e-07
1.180000e+02 6.197431e-07
1.184000e+02 6.231993e-07
1.188000e+02 6.239224e-07
1.192000e+02 6.267830e-07
1.196000e+02 6.284704e-07
1.200000e+02 6.302627e-07
1.204000e+02 6.336625e-07
1.208000e+02 6.344246e-07
1.212000e+02 6.373882e-07
1.216000e+02 6.389033e-07
1.220000e+02 6.407882e-07
1.224000e+02 6.441098e-07
1.228000e+02 6.449276e-07
1.232000e+02 6.479921e-07
1.236000e+02 6.493455e-07
1.240000e+02 6.513208e-07
1.244000e+02 6.545432e-07
1.248000e+02 6.554311e-07
1.252000e+02 6.585920e-07
1.256000e+02 6.597968e-07
1.260000e+02 6.618612e-07
1.264000e+02 6.649650e-07
1.268000e+02 6.659348e-07
1.272000e+02 6.691851e-07
1.276000e+02 6.702572e-07
1.280000e+02 6.724104e-07
1.284000e+02 6.753778e-07
1.288000e+02 6.764384e-07
1.292000e+02 6.797685e-07
1.296000e+02 6.807260e-07
1.300000e+02 6.829685e-07
1.304000e+02 6.857842e-07
1.308000e+02 6.869421e-07
1.312000e+02 6.903398e-07
1.316000e+02 6.912025e-07
1.320000e+02 6.935360e-07
1.324000e+02 6.961875e-07
1.328000e+02 6.974465e-07
1.332000e+02 7.008966e-07
1.336000e+02 7.016857e-07
1.340000e+02 7.041125e-07
1.344000e+02 7.065900e-07
1.348000e+02 7.079517e-07
1.352000e+02 7.114371e-07
1.356000e+02 7.121746e-07
1.360000e+02 7.146975e-07
1.364000e+02 7.169942e-07
1.368000e+02 7.184587e-07
1.372000e+02 7.219601e-07
1.376000e+02 7.226683e-07
1.380000e+02 7.252900e-07
1.384000e+02 7.274026e-07
1.388000e+02 7.289683e-07
1.392000e+02 7.324649e-07
1.396000e+02 7.331656e-07
1.400000e+02 7.358886e-07
1.404000e+02 7.378169e-07
1.408000e+02 7.394814e-07
1.412000e+02 7.429514e-07
1.416000e+02 7.436656e-07
1.420000e+02 7.464915e-07
1.424000e+02 7.482385e-07
1.428000e+02 7.499991e-07
1.432000e+02 7.534203e-07
1.436000e+02 7.541673e-07
1.440000e+02 7.570964e-07
1.444000e+02 7.586686e-07
1.448000e+02 7.605225e-07
1.452000e+02 7.638729e-07
1.456000e+02 7.646702e-07
1.460000e+02 7.677011e-07
1.464000e+02 7.691076e-07
1.468000e+02 7.710526e-07
1.472000e+02 7.743106e-07
1.476000e+02 7.751735e-07
1.480000e+02 7.783024e-07
1.484000e+02 7.795557e-07
1.488000e+02 7.815901e-07
1.492000e+02 7.847360e-07
1.496000e+02 7.856770e-07
1.500000e+02 7.888980e-07
1.504000e+02 7.900131e-07
1.508000e+02 7.921362e-07
1.512000e+02 7.951515e-07
1.516000e+02 7.961806e-07
1.520000e+02 7.994849e-07
1.524000e+02 8.004791e-07
1.528000e+02 8.026912e-07
1.532000e+02 8.055599e-07
1.536000e+02 8.066842e-07
1.540000e+02 8.100605e-07
1.544000e+02 8.109530e-07
1.548000e+02 8.132554e-07
1.552000e+02 8.159639e-07
1.556000e+02 8.171882e-07
1.560000e+02 8.206222e-07
1.564000e+02 8.214339e-07
1.568000e+02 8.238287e-07
1.572000e+02 8.263663e-07
1.576000e+02 8.276930e-07
1.580000e+02 8.311684e-07
1.584000e+02 8.319210e-07
1.588000e+02 8.344108e-07
1.592000e+02 8.367698e-07
1.596000e+02 8.381993e-07
1.600000e+02 8.416975e-07
1.604000e+02 8.424132e-07
1.608000e+02 8.450008e-07
1.612000e+02 8.471766e-07
1.616000e+02 8.487078e-07
1.620000e+02 8.522085e-07
1.624000e+02 8.529094e-07
1.628000e+02 8.555975e-07
1.632000e+02 8.575887e-07
1.636000e+02 8.592196e-07
1.640000e+02 8.627013e-07
1.644000e+02 8.634085e-07
1.648000e+02 8.661991e-07
1.652000e+02 8.680078e-07
1.656000e+02 8.697357e-07
1.660000e+02 8.731762e-07
1.664000e+02 8.739098e-07
1.668000e+02 8.768035e-07
1.672000e+02 8.784348e-07
1.676000e+02 8.802569e-07
1.680000e+02 8.836341e-07
1.684000e+02 8.844123e-07
1.688000e+02 8.874084e-07
1.692000e+02 8.888707e-07
1.696000e+02 8.907846e-07
1.700000e+02 8.940769e-07
1.704000e+02 8.949156e-07
1.708000e+02 8.980112e-07
1.712000e+02 8.993159e-07
1.716000e+02 9.013195e-07
1.720000e+02 9.045064e-07
1.724000e+02 9.054191e-07
1.728000e+02 9.086091e-07
1.732000e+02 9.097702e-07
1.736000e+02 9.118627e-07
1.740000e+02 9.149252e-07
1.744000e+02 9.159227e-07
1.748000e+02 9.191993e-07
1.752000e+02 9.202333e-07
1.756000e+02 9.224144e-07
1.760000e+02 9.253357e-07
1.764000e+02 9.264263e-07
1.768000e+02 9.297790e-07
1.772000e+02 9.307046e-07
1.776000e+02 9.329755e-07
1.780000e+02 9.357410e-07
1.784000e+02 9.369302e-07
1.788000e+02 9.403459e-07
1.792000e+02 9.411833e-07
1.796000e+02 9.435456e-07
1.800000e+02 9.461438e-07
1.804000e+02 9.474346e-07
1.808000e+02 9.508977e-07
1.812000e+02 9.516684e-07
1.816000e+02 9.541248e-07
1.820000e+02 9.565467e-07
1.824000e+02 9.579404e-07
1.828000e+02 9.614329e-07
1.832000e+02 9.621590e-07
1.836000e+02 9.647120e-07
1.840000e+02 9.669522e-07
1.844000e+02 9.684480e-07
1.848000e+02 9.719503e-07
1.852000e+02 9.726538e-07
1.856000e+02 9.753064e-07
1.860000e+02 9.773623e-07
1.864000e+02 9.789586e-07
1.868000e+02 9.824494e-07
1.872000e+02 9.831520e-07
1.876000e+02 9.859064e-07
1.880000e+02 9.877788e-07
1.884000e+02 9.894729e-07
1.888000e+02 9.929304e-07
1.892000e+02 9.936526e-07
1.896000e+02 9.965100e-07
1.900000e+02 9.982029e-07
1.904000e+02 9.999922e-07
1.908000e+02 1.003394e-06
1.912000e+02 1.004155e-06
1.916000e+02 1.007115e-06
1.920000e+02 1.008636e-06
1.924000e+02 1.010518e-06
1.928000e+02 1.013842e-06
1.932000e+02 1.014658e-06
1.936000e+02 1.017719e-06
1.940000e+02 1.019078e-06
1.944000e+02 1.021050e-06
1.948000e+02 1.024276e-06
1.952000e+02 1.025161e-06
1.956000e+02 1.028319e-06
1.960000e+02 1.029529e-06
1.964000e+02 1.031590e-06
1.968000e+02 1.034698e-06
1.972000e+02 1.035665e-06
1.976000e+02 1.038912e-06
1.980000e+02 1.039989e-06
1.984000e+02 1.042138e-06
1.988000e+02 1.045112e-06
1.992000e+02 1.046169e-06
1.996000e+02 1.049496e-06
2.000000e+02 1.050457e-06
2.004000e+02 1.052696e-06
2.008000e+02 1.055519e-06
2.012000e+02 1.056672e-06
2.016000e+02 1.060067e-06
2.020000e+02 1.060933e-06
2.024000e+02 1.063263e-06
2.028000e+02 1.065922e-06
2.032000e+02 1.067176e-06
2.036000e+02 1.070624e-06
2.040000e+02 1.071416e-06
2.044000e+02 1.073839e-06
2.048000e+02 1.076325e-06
2.052000e+02 1.077682e-06
2.056000e+02 1.081166e-06
2.060000e+02 1.081905e-06
2.064000e+02 1.084423e-06
2.068000e+02 1.086729e-06
2.072000e+02 1.088188e-06
2.076000e+02 1.091690e-06
2.080000e+02 1.092399e-06
2.084000e+02 1.095015e-06
2.088000e+02 1.097137e-06
2.092000e+02 1.098698e-06
2.096000e+02 1.102195e-06
2.100000e+02 1.102896e-06
2.104000e+02 1.105614e-06
2.108000e+02 1.107551e-06
2.112000e+02 1.109211e-06
2.116000e+02 1.112683e-06
2.120000e+02 1.113396e-06
2.124000e+02 1.116216e-06
2.128000e+02 1.117973e-06
2.132000e+02 1.119728e-06
2.136000e+02 1.123153e-06
2.140000e+02 1.123897e-06
2.144000e+02 1.126821e-06
2.148000e+02 1.128402e-06
2.152000e+02 1.130251e-06
2.156000e+02 1.133606e-06
2.160000e+02 1.134400e-06
2.164000e+02 1.137425e-06
2.168000e+02 1.138841e-06
2.172000e+02 1.140781e-06
2.176000e+02 1.144045e-06
2.180000e+02 1.144903e-06
2.184000e+02 1.148027e-06
2.188000e+02 1.149289e-06
2.192000e+02 1.151318e-06
2.196000e+02 1.154471e-06
2.200000e+02 1.155407e-06
2.204000e+02 1.158622e-06
2.208000e+02 1.159746e-06
2.212000e+02 1.161863e-06
2.216000e+02 1.164887e-06
2.220000e+02 1.165910e-06
2.224000e+02 1.169210e-06
2.228000e+02 1.170211e-06
2.232000e+02 1.172417e-06
2.236000e+02 1.175296e-06
2.240000e+02 1.176414e-06
2.244000e+02 1.179786e-06
2.248000e+02 1.180684e-06
2.252000e+02 1.182981e-06
2.256000e+02 1.185700e-06
2.260000e+02 1.186918e-06
2.264000e+02 1.190349e-06
2.268000e+02 1.191165e-06
2.272000e+02 1.193553e-06
2.276000e+02 1.196103e-06
2.280000e+02 1.197423e-06
2.284000e+02 1.200896e-06
2.288000e+02 1.201652e-06
2.292000e+02 1.204135e-06
2.296000e+02 1.206507e-06
2.300000e+02 1.207929e-06
2.304000e+02 1.211426e-06
2.308000e+02 1.212144e-06
2.312000e+02 1.214724e-06
2.316000e+02 1.216913e-06
2.320000e+02 1.218437e-06
2.324000e+02 1.221938e-06
2.328000e+02 1.222640e-06
2.332000e+02 1.225320e-06
2.336000e+02 1.227325e-06
2.340000e+02 1.228949e-06
2.344000e+02 1.232433e-06
2.348000e+02 1.233139e-06
2.352000e+02 1.235921e-06
2.356000e+02 1.237744e-06
2.360000e+02 1.239464e-06
2.364000e+02 1.242909e-06
2.368000e+02 1.243640e-06
2.372000e+02 1.246525e-06
2.376000e+02 1.248170e-06
2.380000e+02 1.249985e-06
2.384000e+02 1.253368e-06
2.388000e+02 1.254142e-06
2.392000e+02 1.257130e-06
2.396000e+02 1.258606e-06
2.400000e+02 1.260512e-06
2.404000e+02 1.263812e-06
2.408000e+02 1.264645e-06
2.412000e+02 1.267733e-06
2.416000e+02 1.269050e-06
2.420000e+02 1.271047e-06
2.424000e+02 1.274243e-06
2.428000e+02 1.275149e-06
2.432000e+02 1.278331e-06
2.436000e+02 1.279504e-06
2.440000e+02 1.281589e-06
2.444000e+02 1.284663e-06
2.448000e+02 1.285652e-06
2.452000e+02 1.288922e-06
2.456000e+02 1.289966e-06
2.460000e+02 1.292140e-06
2.464000e+02 1.295074e-06
2.468000e+02 1.296156e-06
2.472000e+02 1.299502e-06
2.476000e+02 1.300437e-06
2.480000e+02 1.302700e-06
2.484000e+02 1.305480e-06
2.488000e+02 1.306660e-06
2.492000e+02 1.310070e-06
2.496000e+02 1.310915e-06
2.500000e+02 1.313269e-06
2.504000e+02 1.315883e-06
2.508000e+02 1.317164e-06
2.512000e+02 1.320624e-06
2.516000e+02 1.321400e-06
2.520000e+02 1.323847e-06
2.524000e+02 1.326286e-06
2.528000e+02 1.327670e-06
2.532000e+02 1.331160e-06
2.536000e+02 1.331890e-06
2.540000e+02 1.334433e-06
2.544000e+02 1.336691e-06
2.548000e+02 1.338177e-06
2.552000e+02 1.341679e-06
2.556000e+02 1.342384e-06
2.560000e+02 1.345027e-06
2.564000e+02 1.347101e-06
2.568000e+02 1.348687e-06
2.572000e+02 1.352180e-06
2.576000e+02 1.352882e-06
2.580000e+02 1.355626e-06
2.584000e+02 1.357517e-06
2.588000e+02 1.359201e-06
2.592000e+02 1.362663e-06
2.596000e+02 1.363382e-06
2.600000e+02 1.366229e-06
2.604000e+02 1.367940e-06
2.608000e+02 1.369720e-06
2.612000e+02 1.373129e-06
2.616000e+02 1.373884e-06
2.620000e+02 1.376834e-06
2.624000e+02 1.378372e-06
2.628000e+02 1.380244e-06
2.632000e+02 1.383578e-06
2.636000e+02 1.384387e-06
2.640000e+02 1.387438e-06
2.644000e+02 1.388813e-06
2.648000e+02 1.390776e-06
2.652000e+02 1.394014e-06
2.656000e+02 1.394891e-06
2.660000e+02 1.398038e-06
2.664000e+02 1.399264e-06
2.668000e+02 1.401315e-06
2.672000e+02 1.404437e-06
2.676000e+02 1.405394e-06
2.680000e+02 1.408632e-06
2.684000e+02 1.409723e-06
2.688000e+02 1.411863e-06
2.692000e+02 1.414852e-06
2.696000e+02 1.415898e-06
2.700000e+02 1.419217e-06
2.704000e+02 1.420190e-06
2.708000e+02 1.422419e-06
2.712000e+02 1.425259e-06
2.716000e+02 1.426402e-06
2.720000e+02 1.429790e-06
2.724000e+02 1.430666e-06
2.728000e+02 1.432985e-06
2.732000e+02 1.435663e-06
2.736000e+02 1.436906e-06
2.740000e+02 1.440349e-06
2.744000e+02 1.441148e-06
2.748000e+02 1.443559e-06
2.752000e+02 1.446066e-06
2.756000e+02 1.447411e-06
2.760000e+02 1.450892e-06
2.764000e+02 1.451636e-06
2.768000e+02 1.454143e-06
2.772000e+02 1.456470e-06
2.776000e+02 1.457917e-06
2.780000e+02 1.461417e-06
2.784000e+02 1.462129e-06
2.788000e+02 1.464734e-06
2.792000e+02 1.466878e-06
2.796000e+02 1.468426e-06
2.800000e+02 1.471925e-06
2.804000e+02 1.472626e-06
2.808000e+02 1.475331e-06
2.812000e+02 1.477291e-06
2.816000e+02 1.478939e-06
2.820000e+02 1.482415e-06
2.824000e+02 1.483125e-06
2.828000e+02 1.485933e-06
2.832000e+02 1.487712e-06
2.836000e+02 1.489455e-06
2.840000e+02 1.492887e-06
2.844000e+02 1.493627e-06
2.848000e+02 1.496537e-06
2.852000e+02 1.498141e-06
2.856000e+02 1.499978e-06
2.860000e+02 1.503343e-06
2.864000e+02 1.504130e-06
2.868000e+02 1.507142e-06
2.872000e+02 1.508578e-06
2.876000e+02 1.510506e-06
2.880000e+02 1.513784e-06
2.884000e+02 1.514633e-06
2.888000e+02 1.517743e-06
2.892000e+02 1.519025e-06
2.896000e+02 1.521042e-06
2.900000e+02 1.524212e-06
2.904000e+02 1.525137e-06
2.908000e+02 1.528340e-06
2.912000e+02 1.529481e-06
2.916000e+02 1.531587e-06
2.920000e+02 1.534629e-06
2.924000e+02 1.535640e-06
2.928000e+02 1.538929e-06
2.932000e+02 1.539945e-06
2.936000e+02 1.542140e-06
2.940000e+02 1.545039e-06
2.944000e+02 1.546144e-06
2.948000e+02 1.549506e-06
2.952000e+02 1.550418e-06
2.956000e+02 1.552702e-06
2.960000e+02 1.555444e-06
2.964000e+02 1.556648e-06
2.968000e+02 1.560071e-06
2.972000e+02 1.560898e-06
2.976000e+02 1.563273e-06
2.980000e+02 1.565847e-06
2.984000e+02 1.567152e-06
2.988000e+02 1.570620e-06
2.992000e+02 1.571384e-06
2.996000e+02 1.573853e-06
3.000000e+02 1.576251e-06
3.004000e+02 1.577658e-06
3.008000e+02 1.581153e-06
3.012000e+02 1.581875e-06
3.016000e+02 1.584441e-06
3.020000e+02 1.586657e-06
3.024000e+02 1.588166e-06
3.028000e+02 1.591668e-06
3.032000e+02 1.592370e-06
3.036000e+02 1.595036e-06
3.040000e+02 1.597068e-06
3.044000e+02 1.598677e-06
3.048000e+02 1.602165e-06
3.052000e+02 1.602869e-06
3.056000e+02 1.605636e-06
3.060000e+02 1.607486e-06
3.064000e+02 1.609192e-06
3.068000e+02 1.612644e-06
3.072000e+02 1.613370e-06
3.076000e+02 1.616239e-06
3.080000e+02 1.617911e-06
3.084000e+02 1.619712e-06
3.088000e+02 1.623106e-06
3.092000e+02 1.623872e-06
3.096000e+02 1.626844e-06
3.100000e+02 1.628345e-06
3.104000e+02 1.630238e-06
3.108000e+02 1.633552e-06
3.112000e+02 1.634375e-06
3.116000e+02 1.637447e-06
3.120000e+02 1.638788e-06
3.124000e+02 1.640771e-06
3.128000e+02 1.643985e-06
3.132000e+02 1.644879e-06
3.136000e+02 1.648046e-06
3.140000e+02 1.649241e-06
3.144000e+02 1.651312e-06
3.148000e+02 1.654406e-06
3.152000e+02 1.655382e-06
3.156000e+02 1.658638e-06
3.160000e+02 1.659702e-06
3.164000e+02 1.661861e-06
3.168000e+02 1.664819e-06
3.172000e+02 1.665886e-06
3.176000e+02 1.669220e-06
3.180000e+02 1.670171e-06
3.184000e+02 1.672419e-06
3.188000e+02 1.675226e-06
3.192000e+02 1.676389e-06
3.196000e+02 1.679790e-06
3.200000e+02 1.680648e-06
3.204000e+02 1.682987e-06
3.208000e+02 1.685629e-06
3.212000e+02 1.686894e-06
3.216000e+02 1.690346e-06
3.220000e+02 1.691132e-06
3.224000e+02 1.693564e-06
3.228000e+02 1.696032e-06
3.232000e+02 1.697399e-06
3.236000e+02 1.700885e-06
3.240000e+02 1.701621e-06
3.244000e+02 1.704148e-06
3.248000e+02 1.706437e-06
3.252000e+02 1.707906e-06
3.256000e+02 1.711408e-06
3.260000e+02 1.712115e-06
3.264000e+02 1.714741e-06
3.268000e+02 1.716846e-06
3.272000e+02 1.718416e-06
3.276000e+02 1.721912e-06
3.280000e+02 1.722612e-06
3.284000e+02 1.725339e-06
3.288000e+02 1.727261e-06
3.292000e+02 1.728929e-06
3.296000e+02 1.732398e-06
3.300000e+02 1.733112e-06
3.304000e+02 1.735941e-06
3.308000e+02 1.737683e-06
3.312000e+02 1.739446e-06
3.316000e+02 1.742866e-06
3.320000e+02 1.743614e-06
3.324000e+02 1.746546e-06
3.328000e+02 1.748114e-06
3.332000e+02 1.749970e-06
3.336000e+02 1.753319e-06
3.340000e+02 1.754117e-06
3.344000e+02 1.757150e-06
3.348000e+02 1.758554e-06
3.352000e+02 1.760500e-06
3.356000e+02 1.763757e-06
3.360000e+02 1.764621e-06
3.364000e+02 1.767751e-06
3.368000e+02 1.769002e-06
3.372000e+02 1.771038e-06
3.376000e+02 1.774183e-06
3.380000e+02 1.775124e-06
3.384000e+02 1.778346e-06
3.388000e+02 1.779460e-06
3.392000e+02 1.781584e-06
3.396000e+02 1.784598e-06
3.400000e+02 1.785628e-06
3.404000e+02 1.788932e-06
3.408000e+02 1.789926e-06
3.412000e+02 1.792138e-06
3.416000e+02 1.795007e-06
3.420000e+02 1.796131e-06
3.424000e+02 1.799507e-06
3.428000e+02 1.800400e-06
3.432000e+02 1.802702e-06
3.436000e+02 1.805412e-06
3.440000e+02 1.806635e-06
3.444000e+02 1.810069e-06
3.448000e+02 1.810881e-06
3.452000e+02 1.813275e-06
3.456000e+02 1.815815e-06
3.460000e+02 1.817140e-06
3.464000e+02 1.820615e-06
3.468000e+02 1.821368e-06
3.472000e+02 1.823857e-06
3.476000e+02 1.826219e-06
3.480000e+02 1.827646e-06
3.484000e+02 1.831144e-06
3.488000e+02 1.831861e-06
3.492000e+02 1.834446e-06
3.496000e+02 1.836626e-06
3.500000e+02 1.838155e-06
3.504000e+02 1.841656e-06
3.508000e+02 1.842357e-06
3.512000e+02 1.845042e-06
3.516000e+02 1.847039e-06
3.520000e+02 1.848667e-06
3.524000e+02 1.852149e-06
3.528000e+02 1.852856e-06
3.532000e+02 1.855643e-06
3.536000e+02 1.857458e-06
3.540000e+02 1.859182e-06
3.544000e+02 1.862625e-06
3.548000e+02 1.863357e-06
3.552000e+02 1.866247e-06
3.556000e+02 1.867885e-06
3.560000e+02 1.869703e-06
3.564000e+02 1.873084e-06
3.568000e+02 1.873859e-06
3.572000e+02 1.876851e-06
3.576000e+02 1.878321e-06
3.580000e+02 1.880230e-06
3.584000e+02 1.883527e-06
3.588000e+02 1.884363e-06
3.592000e+02 1.887453e-06
3.596000e+02 1.888766e-06
3.600000e+02 1.890765e-06
3.604000e+02 1.893958e-06
3.608000e+02 1.894866e-06
3.612000e+02 1.898051e-06
3.616000e+02 1.899220e-06
3.620000e+02 1.901307e-06
3.624000e+02 1.904377e-06
3.628000e+02 1.905370e-06
3.632000e+02 1.908641e-06
3.636000e+02 1.909683e-06
3.640000e+02 1.911858e-06
3.644000e+02 1.914789e-06
3.648000e+02 1.915873e-06
3.652000e+02 1.919221e-06
3.656000e+02 1.920154e-06
3.660000e+02 1.922418e-06
3.664000e+02 1.925195e-06
3.668000e+02 1.926377e-06
3.672000e+02 1.929789e-06
3.676000e+02 1.930632e-06
3.680000e+02 1.932987e-06
3.684000e+02 1.935598e-06
3.688000e+02 1.936881e-06
3.692000e+02 1.940341e-06
3.696000e+02 1.941117e-06
3.700000e+02 1.943565e-06
3.704000e+02 1.946002e-06
3.708000e+02 1.947387e-06
3.712000e+02 1.950878e-06
3.716000e+02 1.951607e-06
3.720000e+02 1.954151e-06
3.724000e+02 1.956407e-06
3.728000e+02 1.957894e-06
3.732000e+02 1.961397e-06
3.736000e+02 1.962101e-06
3.740000e+02 1.964745e-06
3.744000e+02 1.966817e-06
3.748000e+02 1.968405e-06
3.752000e+02 1.971897e-06
3.756000e+02 1.972599e-06
3.760000e+02 1.975344e-06
3.764000e+02 1.977234e-06
3.768000e+02 1.978918e-06
3.772000e+02 1.982380e-06
3.776000e+02 1.983100e-06
3.780000e+02 1.985946e-06
3.784000e+02 1.987658e-06
3.788000e+02 1.989437e-06
3.792000e+02 1.992846e-06
3.796000e+02 1.993602e-06
3.800000e+02 1.996551e-06
3.804000e+02 1.998090e-06
3.808000e+02 1.999962e-06
3.812000e+02 2.003296e-06
3.816000e+02 2.004105e-06
3.820000e+02 2.007154e-06
3.824000e+02 2.008531e-06
3.828000e+02 2.010493e-06
3.832000e+02 2.013732e-06
3.836000e+02 2.014608e-06
3.840000e+02 2.017754e-06
3.844000e+02 2.018981e-06
3.848000e+02 2.021032e-06
3.852000e+02 2.024156e-06
3.856000e+02 2.025112e-06
3.860000e+02 2.028348e-06
3.864000e+02 2.029440e-06
3.868000e+02 2.031579e-06
3.872000e+02 2.034570e-06
3.876000e+02 2.035615e-06
3.880000e+02 2.038933e-06
3.884000e+02 2.039908e-06
3.888000e+02 2.042135e-06
3.892000e+02 2.044978e-06
3.896000e+02 2.046119e-06
3.900000e+02 2.049505e-06
3.904000e+02 2.050383e-06
3.908000e+02 2.052700e-06
3.912000e+02 2.055383e-06
3.916000e+02 2.056623e-06
3.920000e+02 2.060065e-06
3.924000e+02 2.060866e-06
3.928000e+02 2.063275e-06
3.932000e+02 2.065786e-06
3.936000e+02 2.067128e-06
3.940000e+02 2.070608e-06
3.944000e+02 2.071354e-06
3.948000e+02 2.073858e-06
3.952000e+02 2.076190e-06
3.956000e+02 2.077635e-06
3.960000e+02 2.081134e-06
3.964000e+02 2.081847e-06
3.968000e+02 2.084448e-06
3.972000e+02 2.086599e-06
3.976000e+02 2.088144e-06
3.980000e+02 2.091643e-06
3.984000e+02 2.092344e-06
3.988000e+02 2.095045e-06
3.992000e+02 2.097012e-06
3.996000e+02 2.098656e-06
4.000000e+02 2.102133e-06
4.004000e+02 2.102843e-06
4.008000e+02 2.105646e-06
4.012000e+02 2.107433e-06
4.016000e+02 2.109172e-06
4.020000e+02 2.112606e-06
4.024000e+02 2.113344e-06
4.028000e+02 2.116250e-06
4.032000e+02 2.117861e-06
4.036000e+02 2.119694e-06
4.040000e+02 2.123063e-06
4.044000e+02 2.123847e-06
4.048000e+02 2.126854e-06
4.052000e+02 2.128299e-06
4.056000e+02 2.130222e-06
4.060000e+02 2.133504e-06
4.064000e+02 2.134350e-06
4.068000e+02 2.137456e-06
4.072000e+02 2.138745e-06
4.076000e+02 2.140758e-06
4.080000e+02 2.143933e-06
4.084000e+02 2.144854e-06
4.088000e+02 2.148053e-06
4.092000e+02 2.149201e-06
4.096000e+02 2.151302e-06
4.100000e+02 2.154351e-06
4.104000e+02 2.155357e-06
4.108000e+02 2.158641e-06
4.112000e+02 2.159665e-06
4.116000e+02 2.161854e-06
4.120000e+02 2.164762e-06
4.124000e+02 2.165861e-06
4.128000e+02 2.169220e-06
4.132000e+02 2.170137e-06
4.136000e+02 2.172415e-06
4.140000e+02 2.175168e-06
4.144000e+02 2.176365e-06
4.148000e+02 2.179785e-06
4.152000e+02 2.180616e-06
4.156000e+02 2.182986e-06
4.160000e+02 2.185571e-06
4.164000e+02 2.186869e-06
4.168000e+02 2.190335e-06
4.172000e+02 2.191102e-06
4.176000e+02 2.193565e-06
4.180000e+02 2.195975e-06
4.184000e+02 2.197375e-06
4.188000e+02 2.200869e-06
4.192000e+02 2.201593e-06
4.196000e+02 2.204152e-06
4.200000e+02 2.206381e-06
4.204000e+02 2.207883e-06
4.208000e+02 2.211385e-06
4.212000e+02 2.212088e-06
4.216000e+02 2.214746e-06
4.220000e+02 2.216792e-06
4.224000e+02 2.218394e-06
4.228000e+02 2.221883e-06
4.232000e+02 2.222586e-06
4.236000e+02 2.225346e-06
4.240000e+02 2.227210e-06
4.244000e+02 2.228908e-06
4.248000e+02 2.232364e-06
4.252000e+02 2.233087e-06
4.256000e+02 2.235949e-06
4.260000e+02 2.237635e-06
4.264000e+02 2.239428e-06
4.268000e+02 2.242827e-06
4.272000e+02 2.243589e-06
4.276000e+02 2.246553e-06
4.280000e+02 2.248068e-06
4.284000e+02 2.249953e-06
4.288000e+02 2.253275e-06
4.292000e+02 2.254093e-06
4.296000e+02 2.257156e-06
4.300000e+02 2.258511e-06
4.304000e+02 2.260485e-06
4.308000e+02 2.263709e-06
4.312000e+02 2.264596e-06
4.316000e+02 2.267755e-06
4.320000e+02 2.268963e-06
4.324000e+02 2.271025e-06
4.328000e+02 2.274132e-06
4.332000e+02 2.275100e-06
4.336000e+02 2.278348e-06
4.340000e+02 2.279423e-06
4.344000e+02 2.281574e-06
4.348000e+02 2.284546e-06
4.352000e+02 2.285603e-06
4.356000e+02 2.288931e-06
4.360000e+02 2.289892e-06
4.364000e+02 2.292131e-06
4.368000e+02 2.294953e-06
4.372000e+02 2.296107e-06
4.376000e+02 2.299502e-06
4.380000e+02 2.300368e-06
4.384000e+02 2.302698e-06
4.388000e+02 2.305357e-06
4.392000e+02 2.306611e-06
4.396000e+02 2.310059e-06
4.400000e+02 2.310852e-06
4.404000e+02 2.313273e-06
4.408000e+02 2.315761e-06
4.412000e+02 2.317117e-06
4.416000e+02 2.320600e-06
4.420000e+02 2.321340e-06
4.424000e+02 2.323857e-06
4.428000e+02 2.326166e-06
4.432000e+02 2.327624e-06
4.436000e+02 2.331124e-06
4.440000e+02 2.331834e-06
4.444000e+02 2.334448e-06
4.448000e+02 2.336575e-06
4.452000e+02 2.338133e-06
4.456000e+02 2.341631e-06
4.460000e+02 2.342331e-06
4.464000e+02 2.345046e-06
4.468000e+02 2.346989e-06
4.472000e+02 2.348646e-06
4.476000e+02 2.352119e-06
4.480000e+02 2.352831e-06
4.484000e+02 2.355648e-06
4.488000e+02 2.357411e-06
4.492000e+02 2.359163e-06
4.496000e+02 2.362590e-06
4.500000e+02 2.363333e-06
4.504000e+02 2.366252e-06
4.508000e+02 2.367841e-06
4.512000e+02 2.369685e-06
4.516000e+02 2.373044e-06
4.520000e+02 2.373836e-06
4.524000e+02 2.376855e-06
4.528000e+02 2.378280e-06
4.532000e+02 2.380215e-06
4.536000e+02 2.383484e-06
4.540000e+02 2.384339e-06
4.544000e+02 2.387456e-06
4.548000e+02 2.388727e-06
4.552000e+02 2.390751e-06
4.556000e+02 2.393912e-06
4.560000e+02 2.394842e-06
4.564000e+02 2.398052e-06
4.568000e+02 2.399184e-06
4.572000e+02 2.401296e-06
4.576000e+02 2.404329e-06
4.580000e+02 2.405346e-06
4.584000e+02 2.408640e-06
4.588000e+02 2.409649e-06
4.592000e+02 2.411849e-06
4.596000e+02 2.414739e-06
4.600000e+02 2.415850e-06
4.604000e+02 2.419216e-06
4.608000e+02 2.420122e-06
4.612000e+02 2.422411e-06
4.616000e+02 2.425145e-06
4.620000e+02 2.426354e-06
4.624000e+02 2.429780e-06
4.628000e+02 2.430603e-06
4.632000e+02 2.432983e-06
4.636000e+02 2.435548e-06
4.640000e+02 2.436858e-06
4.644000e+02 2.440328e-06
4.648000e+02 2.441089e-06
4.652000e+02 2.443563e-06
4.656000e+02 2.445952e-06
4.660000e+02 2.447364e-06
4.664000e+02 2.450860e-06
4.668000e+02 2.451581e-06
4.672000e+02 2.454151e-06
4.676000e+02 2.456359e-06
4.680000e+02 2.457872e-06
4.684000e+02 2.461374e-06
4.688000e+02 2.462076e-06
4.692000e+02 2.464746e-06
4.696000e+02 2.466771e-06
4.700000e+02 2.468384e-06
4.704000e+02 2.471870e-06
4.708000e+02 2.472575e-06
4.712000e+02 2.475346e-06
4.716000e+02 2.477189e-06
4.720000e+02 2.478899e-06
4.724000e+02 2.482349e-06
4.728000e+02 2.483076e-06
4.732000e+02 2.485949e-06
4.736000e+02 2.487615e-06
4.740000e+02 2.489419e-06
4.744000e+02 2.492811e-06
4.748000e+02 2.493578e-06
4.752000e+02 2.496553e-06
4.756000e+02 2.498050e-06
4.760000e+02 2.499945e-06
4.764000e+02 2.503257e-06
4.768000e+02 2.504081e-06
4.772000e+02 2.507156e-06
4.776000e+02 2.508494e-06
4.780000e+02 2.510478e-06
4.784000e+02 2.513690e-06
4.788000e+02 2.514585e-06
4.792000e+02 2.517754e-06
4.796000e+02 2.518947e-06
4.800000e+02 2.521019e-06
4.804000e+02 2.524112e-06
4.808000e+02 2.525089e-06
4.812000e+02 2.528345e-06
4.816000e+02 2.529408e-06
4.820000e+02 2.531568e-06
4.824000e+02 2.534525e-06
4.828000e+02 2.535592e-06
4.832000e+02 2.538927e-06
4.836000e+02 2.539877e-06
4.840000e+02 2.542126e-06
4.844000e+02 2.544932e-06
4.848000e+02 2.546096e-06
4.852000e+02 2.549497e-06
4.856000e+02 2.550355e-06
4.860000e+02 2.552693e-06
4.864000e+02 2.555336e-06
4.868000e+02 2.556600e-06
4.872000e+02 2.560052e-06
4.876000e+02 2.560838e-06
4.880000e+02 2.563269e-06
4.884000e+02 2.565739e-06
4.888000e+02 2.567105e-06
4.892000e+02 2.570592e-06
4.896000e+02 2.571328e-06
4.900000e+02 2.573854e-06
4.904000e+02 2.576145e-06
4.908000e+02 2.577612e-06
4.912000e+02 2.581114e-06
4.916000e+02 2.581822e-06
4.920000e+02 2.584446e-06
4.924000e+02 2.586554e-06
4.928000e+02 2.588122e-06
4.932000e+02 2.591618e-06
4.936000e+02 2.592319e-06
4.940000e+02 2.595043e-06
4.944000e+02 2.596970e-06
4.948000e+02 2.598635e-06
4.952000e+02 2.602105e-06
4.956000e+02 2.602819e-06
4.960000e+02 2.605645e-06
4.964000e+02 2.607392e-06
4.968000e+02 2.609153e-06
4.972000e+02 2.612574e-06
4.976000e+02 2.613321e-06
4.980000e+02 2.616249e-06
4.984000e+02 2.617823e-06
4.988000e+02 2.619676e-06
4.992000e+02 2.623027e-06
4.996000e+02 2.623824e-06
5.000000e+02 2.626853e-06
5.004000e+02 2.628262e-06
5.008000e+02 2.630206e-06
5.012000e+02 2.633466e-06
5.016000e+02 2.634327e-06
5.020000e+02 2.637453e-06
5.024000e+02 2.638711e-06
5.028000e+02 2.640743e-06
5.032000e+02 2.643893e-06
5.036000e+02 2.644831e-06
5.040000