0.000000e+00 5.329338e-05
4.000000e-01 -1.395767e-05
8.000000e-01 -3.421244e-05
1.200000e+00 8.031831e-05
1.600000e+00 -8.663877e-05
2.000000e+00 5.971017e-05
2.400000e+00 -2.419858e-05
2.800000e+00 -2.652922e-05
3.200000e+00 7.605734e-05
3.600000e+00 -8.592031e-05
4.000000e+00 6.562005e-05
4.400000e+00 -3.405354e-05
4.800000e+00 -1.865105e-05
5.200000e+00 7.073422e-05
5.600000e+00 -8.423041e-05
6.000000e+00 7.094974e-05
6.400000e+00 -4.337102e-05
6.800000e+00 -1.063816e-05
7.200000e+00 6.439421e-05
7.600000e+00 -8.162844e-05
8.000000e+00 7.562490e-05
8.400000e+00 -5.201345e-05
8.800000e+00 -2.549251e-06
9.200000e+00 5.710408e-05
9.600000e+00 -7.818058e-05
1.000000e+01 7.957128e-05
1.040000e+01 -5.986026e-05
1.080000e+01 5.557851e-06
1.120000e+01 4.895198e-05
1.160000e+01 -7.395766e-05
1.200000e+01 8.271615e-05
1.240000e+01 -6.681026e-05
1.280000e+01 1.362555e-05
1.320000e+01 4.004644e-05
1.360000e+01 -6.903316e-05
1.400000e+01 8.499017e-05
1.440000e+01 -7.278307e-05
1.480000e+01 2.159579e-05
1.520000e+01 3.051458e-05
1.560000e+01 -6.348151e-05
1.600000e+01 8.632937e-05
1.640000e+01 -7.771986e-05
1.680000e+01 2.940936e-05
1.720000e+01 2.049951e-05
1.760000e+01 -5.737679e-05
1.800000e+01 8.667752e-05
1.840000e+01 -8.158319e-05
1.880000e+01 3.700533e-05
1.920000e+01 1.015697e-05
1.960000e+01 -5.079166e-05
2.000000e+01 8.598855e-05
2.040000e+01 -8.435617e-05
2.080000e+01 4.432056e-05
2.120000e+01 -3.485794e-07
2.160000e+01 -4.379670e-05
2.200000e+01 8.422905e-05
2.240000e+01 -8.604105e-05
2.280000e+01 5.128942e-05
2.320000e+01 -1.084829e-05
2.360000e+01 -3.645998e-05
2.400000e+01 8.138072e-05
2.440000e+01 -8.665723e-05
2.480000e+01 5.784364e-05
2.520000e+01 -2.117345e-05
2.560000e+01 -2.884696e-05
2.600000e+01 7.744258e-05
2.640000e+01 -8.623908e-05
2.680000e+01 6.391251e-05
2.720000e+01 -3.116008e-05
2.760000e+01 -2.102062e-05
2.800000e+01 7.243290e-05
2.840000e+01 -8.483345e-05
2.880000e+01 6.942323e-05
2.920000e+01 -4.065318e-05
2.960000e+01 -1.304175e-05
3.000000e+01 6.639056e-05
3.040000e+01 -8.249720e-05
3.080000e+01 7.430167e-05
3.120000e+01 -4.951066e-05
3.160000e+01 -4.969466e-06
3.200000e+01 5.937591e-05
3.240000e+01 -7.929471e-05
3.280000e+01 7.847341e-05
3.320000e+01 -5.760659e-05
3.360000e+01 3.138230e-06
3.400000e+01 5.147076e-05
3.440000e+01 -7.529565e-05
3.480000e+01 8.186510e-05
3.520000e+01 -6.483379e-05
3.560000e+01 1.122375e-05
3.600000e+01 4.277771e-05
3.640000e+01 -7.057289e-05
3.680000e+01 8.440618e-05
3.720000e+01 -7.110558e-05
3.760000e+01 1.922923e-05
3.800000e+01 3.341858e-05
3.840000e+01 -6.520073e-05
3.880000e+01 8.603084e-05
3.920000e+01 -7.635665e-05
3.960000e+01 2.709588e-05
4.000000e+01 2.353201e-05
4.040000e+01 -5.925349e-05
4.080000e+01 8.668030e-05
4.120000e+01 -8.054324e-05
4.160000e+01 3.476334e-05
4.200000e+01 1.327035e-05
4.240000e+01 -5.280434e-05
4.280000e+01 8.630518e-05
4.320000e+01 -8.364245e-05
4.360000e+01 4.216917e-05
4.400000e+01 2.795915e-06
4.440000e+01 -4.592453e-05
4.480000e+01 8.486803e-05
4.520000e+01 -8.565098e-05
4.560000e+01 4.924849e-05
4.600000e+01 -7.723299e-06
4.640000e+01 -3.868290e-05
4.680000e+01 8.234580e-05
4.720000e+01 -8.658335e-05
4.760000e+01 5.593384e-05
4.800000e+01 -1.811806e-05
4.840000e+01 -3.114569e-05
4.880000e+01 7.873212e-05
4.920000e+01 -8.646971e-05
4.960000e+01 6.215520e-05
5.000000e+01 -2.822252e-05
5.040000e+01 -2.337660e-05
5.080000e+01 7.403933e-05
5.120000e+01 -8.535344e-05
5.160000e+01 6.784033e-05
5.200000e+01 -3.787854e-05
5.240000e+01 -1.543703e-05
5.280000e+01 6.830005e-05
5.320000e+01 -8.328866e-05
5.360000e+01 7.291540e-05
5.400000e+01 -4.693982e-05
5.440000e+01 -7.386525e-06
5.480000e+01 6.156817e-05
5.520000e+01 -8.033777e-05
5.560000e+01 7.730595e-05
5.600000e+01 -5.527530e-05
5.640000e+01 7.166328e-07
5.680000e+01 5.391913e-05
5.720000e+01 -7.656908e-05
5.760000e+01 8.093815e-05
5.800000e+01 -6.277197e-05
5.840000e+01 8.814806e-06
5.880000e+01 4.544946e-05
5.920000e+01 -7.205470e-05
5.960000e+01 8.374041e-05
6.000000e+01 -6.933690e-05
6.040000e+01 1.685029e-05
6.080000e+01 3.627544e-05
6.120000e+01 -6.686867e-05
6.160000e+01 8.564527e-05
6.200000e+01 -7.489836e-05
6.240000e+01 2.476465e-05
6.280000e+01 2.653098e-05
6.320000e+01 -6.108545e-05
6.360000e+01 8.659161e-05
6.400000e+01 -7.940617e-05
6.440000e+01 3.249803e-05
6.480000e+01 1.636472e-05
6.520000e+01 -5.477863e-05
6.560000e+01 8.652699e-05
6.600000e+01 -8.283132e-05
6.640000e+01 3.998867e-05
6.680000e+01 5.936408e-06
6.720000e+01 -4.802010e-05
6.760000e+01 8.541012e-05
6.800000e+01 -8.516483e-05
6.840000e+01 4.717245e-05
6.880000e+01 -4.587190e-06
6.920000e+01 -4.087947e-05
6.960000e+01 8.321341e-05
7.000000e+01 -8.641610e-05
7.040000e+01 5.398268e-05
7.080000e+01 -1.503673e-05
7.120000e+01 -3.342375e-05
7.160000e+01 7.992527e-05
7.200000e+01 -8.661085e-05
7.240000e+01 6.035008e-05
7.280000e+01 -2.524488e-05
7.320000e+01 -2.571739e-05
7.360000e+01 7.555228e-05
7.400000e+01 -8.578878e-05
7.440000e+01 6.620302e-05
7.480000e+01 -3.505075e-05
7.520000e+01 -1.782242e-05
7.560000e+01 7.012086e-05
7.600000e+01 -8.400106e-05
7.640000e+01 7.146807e-05
7.680000e+01 -4.430412e-05
7.720000e+01 -9.798893e-06
7.760000e+01 6.367849e-05
7.800000e+01 -8.130787e-05
7.840000e+01 7.607084e-05
7.880000e+01 -5.286906e-05
7.920000e+01 -1.705408e-06
7.960000e+01 5.629418e-05
8.000000e+01 -7.777599e-05
8.040000e+01 7.993715e-05
8.080000e+01 -6.062691e-05
8.120000e+01 6.400280e-06
8.160000e+01 4.805827e-05
8.200000e+01 -7.347660e-05
8.240000e+01 8.299456e-05
8.280000e+01 -6.747859e-05
8.320000e+01 1.446056e-05
8.360000e+01 3.908132e-05
8.400000e+01 -6.848336e-05
8.440000e+01 8.517416e-05
8.480000e+01 -7.334595e-05
8.520000e+01 2.241728e-05
8.560000e+01 2.949226e-05
8.600000e+01 -6.287071e-05
8.640000e+01 8.641269e-05
8.680000e+01 -7.817241e-05
8.720000e+01 3.021108e-05
8.760000e+01 1.943567e-05
8.800000e+01 -5.671264e-05
8.840000e+01 8.665486e-05
8.880000e+01 -8.192271e-05
8.920000e+01 3.778082e-05
8.960000e+01 9.068385e-06
9.000000e+01 -5.008161e-05
9.040000e+01 8.585579e-05
9.080000e+01 -8.458204e-05
9.120000e+01 4.506311e-05
9.160000e+01 -1.444463e-06
9.200000e+01 -4.304796e-05
9.240000e+01 8.398355e-05
9.280000e+01 -8.615452e-05
9.320000e+01 5.199204e-05
9.360000e+01 -1.193382e-05
9.400000e+01 -3.567948e-05
9.440000e+01 8.102153e-05
9.480000e+01 -8.666122e-05
9.520000e+01 5.849909e-05
9.560000e+01 -2.223129e-05
9.600000e+01 -2.804137e-05
9.640000e+01 7.697068e-05
9.680000e+01 -8.613793e-05
9.720000e+01 6.451329e-05
9.760000e+01 -3.217359e-05
9.800000e+01 -2.019635e-05
9.840000e+01 7.185136e-05
9.880000e+01 -8.463265e-05
9.920000e+01 6.996168e-05
9.960000e+01 -4.160691e-05
1.000000e+02 -1.220503e-05
1.004000e+02 6.570465e-05
