0.000000e+00 1.000000e+02
1.000000e-02 9.993003e+01
2.000000e-02 9.986014e+01
3.000000e-02 9.979031e+01
4.000000e-02 9.972056e+01
5.000000e-02 9.965087e+01
6.000000e-02 9.958126e+01
7.000000e-02 9.951171e+01
8.000000e-02 9.944223e+01
9.000000e-02 9.937283e+01
1.000000e-01 9.930349e+01
1.100000e-01 9.923422e+01
1.200000e-01 9.916502e+01
1.300000e-01 9.909589e+01
1.400000e-01 9.902683e+01
1.500000e-01 9.895784e+01
1.600000e-01 9.888891e+01
1.700000e-01 9.882006e+01
1.800000e-01 9.875127e+01
1.900000e-01 9.868256e+01
2.000000e-01 9.861391e+01
2.100000e-01 9.854533e+01
2.200000e-01 9.847682e+01
2.300000e-01 9.840837e+01
2.400000e-01 9.834000e+01
2.500000e-01 9.827169e+01
2.600000e-01 9.820346e+01
2.700000e-01 9.813529e+01
2.800000e-01 9.806719e+01
2.900000e-01 9.799915e+01
3.000000e-01 9.793119e+01
3.100000e-01 9.786329e+01
3.200000e-01 9.779546e+01
3.300000e-01 9.772770e+01
3.400000e-01 9.766001e+01
3.500000e-01 9.759238e+01
3.600000e-01 9.752482e+01
3.700000e-01 9.745733e+01
3.800000e-01 9.738991e+01
3.900000e-01 9.732255e+01
4.000000e-01 9.725526e+01
4.100000e-01 9.718804e+01
4.200000e-01 9.712088e+01
4.300000e-01 9.705380e+01
4.400000e-01 9.698678e+01
4.500000e-01 9.691982e+01
4.600000e-01 9.685294e+01
4.700000e-01 9.678612e+01
4.800000e-01 9.671937e+01
4.900000e-01 9.665268e+01
5.000000e-01 9.658606e+01
5.100000e-01 9.651951e+01
5.200000e-01 9.645302e+01
5.300000e-01 9.638660e+01
5.400000e-01 9.632025e+01
5.500000e-01 9.625396e+01
5.600000e-01 9.618774e+01
5.700000e-01 9.612158e+01
5.800000e-01 9.605550e+01
5.900000e-01 9.598947e+01
6.000000e-01 9.592352e+01
6.100000e-01 9.585763e+01
6.200000e-01 9.579180e+01
6.300000e-01 9.572604e+01
6.400000e-01 9.566035e+01
6.500000e-01 9.559472e+01
6.600000e-01 9.552916e+01
6.700000e-01 9.546366e+01
6.800000e-01 9.539823e+01
6.900000e-01 9.533287e+01
7.000000e-01 9.526757e+01
7.100000e-01 9.520233e+01
7.200000e-01 9.513716e+01
7.300000e-01 9.507206e+01
7.400000e-01 9.500702e+01
7.500000e-01 9.494204e+01
7.600000e-01 9.487713e+01
7.700000e-01 9.481229e+01
7.800000e-01 9.474751e+01
7.900000e-01 9.468279e+01
8.000000e-01 9.461814e+01
8.100000e-01 9.455356e+01
8.200000e-01 9.448904e+01
8.300000e-01 9.442458e+01
8.400000e-01 9.436019e+01
8.500000e-01 9.429586e+01
8.600000e-01 9.423160e+01
8.700000e-01 9.416740e+01
8.800000e-01 9.410326e+01
8.900000e-01 9.403919e+01
9.000000e-01 9.397518e+01
9.100000e-01 9.391124e+01
9.200000e-01 9.384736e+01
9.300000e-01 9.378355e+01
9.400000e-01 9.371979e+01
9.500000e-01 9.365611e+01
9.600000e-01 9.359248e+01
9.700000e-01 9.352892e+01
9.800000e-01 9.346542e+01
9.900000e-01 9.340199e+01
1.000000e+00 9.333862e+01
1.010000e+00 9.327531e+01
1.020000e+00 9.321207e+01
1.030000e+00 9.314889e+01
1.040000e+00 9.308577e+01
1.050000e+00 9.302272e+01
1.060000e+00 9.295973e+01
1.070000e+00 9.289680e+01
1.080000e+00 9.283393e+01
1.090000e+00 9.277113e+01
1.100000e+00 9.270839e+01
1.110000e+00 9.264571e+01
1.120000e+00 9.258310e+01
1.130000e+00 9.252055e+01
1.140000e+00 9.245806e+01
1.150000e+00 9.239563e+01
1.160000e+00 9.233327e+01
1.170000e+00 9.227096e+01
1.180000e+00 9.220872e+01
1.190000e+00 9.214655e+01
1.200000e+00 9.208443e+01
1.210000e+00 9.202238e+01
1.220000e+00 9.196039e+01
1.230000e+00 9.189846e+01
1.240000e+00 9.183659e+01
1.250000e+00 9.177478e+01
1.260000e+00 9.171304e+01
1.270000e+00 9.165136e+01
1.280000e+00 9.158974e+01
1.290000e+00 9.152818e+01
1.300000e+00 9.146668e+01
1.310000e+00 9.140524e+01
1.320000e+00 9.134387e+01
1.330000e+00 9.128256e+01
1.340000e+00 9.122130e+01
1.350000e+00 9.116011e+01
1.360000e+00 9.109898e+01
1.370000e+00 9.103792e+01
1.380000e+00 9.097691e+01
1.390000e+00 9.091596e+01
1.400000e+00 9.085508e+01
1.410000e+00 9.079425e+01
1.420000e+00 9.073349e+01
1.430000e+00 9.067278e+01
1.440000e+00 9.061214e+01
1.450000e+00 9.055156e+01
1.460000e+00 9.049104e+01
1.470000e+00 9.043058e+01
1.480000e+00 9.037018e+01
1.490000e+00 9.030984e+01
1.500000e+00 9.024956e+01
1.510000e+00 9.018934e+01
1.520000e+00 9.012918e+01
1.530000e+00 9.006908e+01
1.540000e+00 9.000904e+01
1.550000e+00 8.994906e+01
1.560000e+00 8.988914e+01
1.570000e+00 8.982928e+01
1.580000e+00 8.976948e+01
1.590000e+00 8.970975e+01
1.600000e+00 8.965007e+01
1.610000e+00 8.959044e+01
1.620000e+00 8.953088e+01
1.630000e+00 8.947138e+01
1.640000e+00 8.941194e+01
1.650000e+00 8.935256e+01
1.660000e+00 8.929324e+01
1.670000e+00 8.923397e+01
1.680000e+00 8.917477e+01
1.690000e+00 8.911562e+01
1.700000e+00 8.905654e+01
1.710000e+00 8.899751e+01
1.720000e+00 8.893854e+01
1.730000e+00 8.887963e+01
1.740000e+00 8.882078e+01
1.750000e+00 8.876199e+01
1.760000e+00 8.870326e+01
1.770000e+00 8.864458e+01
1.780000e+00 8.858597e+01
1.790000e+00 8.852741e+01
1.800000e+00 8.846891e+01
1.810000e+00 8.841048e+01
1.820000e+00 8.835209e+01
1.830000e+00 8.829377e+01
1.840000e+00 8.823551e+01
1.850000e+00 8.817730e+01
1.860000e+00 8.811915e+01
1.870000e+00 8.806106e+01
1.880000e+00 8.800303e+01
1.890000e+00 8.794506e+01
1.900000e+00 8.788714e+01
1.910000e+00 8.782928e+01
1.920000e+00 8.777148e+01
1.930000e+00 8.771374e+01
1.940000e+00 8.765605e+01
1.950000e+00 8.759843e+01
1.960000e+00 8.754086e+01
1.970000e+00 8.748334e+01
1.980000e+00 8.742589e+01
1.990000e+00 8.736849e+01
2.000000e+00 8.731115e+01
2.010000e+00 8.725387e+01
2.020000e+00 8.719664e+01
2.030000e+00 8.713948e+01
2.040000e+00 8.708237e+01
2.050000e+00 8.702531e+01
2.060000e+00 8.696832e+01
2.070000e+00 8.691138e+01
2.080000e+00 8.685449e+01
2.090000e+00 8.679767e+01
2.100000e+00 8.674090e+01
2.110000e+00 8.668418e+01
2.120000e+00 8.662753e+01
2.130000e+00 8.657093e+01
2.140000e+00 8.651439e+01
2.150000e+00 8.645790e+01
2.160000e+00 8.640147e+01
2.170000e+00 8.634510e+01
2.180000e+00 8.628878e+01
2.190000e+00 8.623252e+01
2.200000e+00 8.617632e+01
2.210000e+00 8.612017e+01
2.220000e+00 8.606408e+01
2.230000e+00 8.600804e+01
2.240000e+00 8.595206e+01
2.250000e+00 8.589614e+01
2.260000e+00 8.584027e+01
2.270000e+00 8.578445e+01
2.280000e+00 8.572870e+01
2.290000e+00 8.567300e+01
2.300000e+00 8.561735e+01
2.310000e+00 8.556176e+01
2.320000e+00 8.550623e+01
2.330000e+00 8.545075e+01
2.340000e+00 8.539533e+01
2.350000e+00 8.533996e+01
2.360000e+00 8.528465e+01
2.370000e+00 8.522939e+01
2.380000e+00 8.517419e+01
2.390000e+00 8.511904e+01
2.400000e+00 8.506395e+01
2.410000e+00 8.500891e+01
2.420000e+00 8.495393e+01
2.430000e+00 8.489901e+01
2.440000e+00 8.484413e+01
2.450000e+00 8.478932e+01
2.460000e+00 8.473456e+01
2.470000e+00 8.467985e+01
2.480000e+00 8.462520e+01
2.490000e+00 8.457060e+01
2.500000e+00 8.451605e+01
2.510000e+00 8.446157e+01
2.520000e+00 8.440713e+01
2.530000e+00 8.435275e+01
2.540000e+00 8.429843e+01
2.550000e+00 8.424415e+01
2.560000e+00 8.418994e+01
2.570000e+00 8.413577e+01
2.580000e+00 8.408167e+01
2.590000e+00 8.402761e+01
2.600000e+00 8.397361e+01
2.610000e+00 8.391966e+01
2.620000e+00 8.386577e+01
2.630000e+00 8.381193e+01
2.640000e+00 8.375815e+01
2.650000e+00 8.370442e+01
2.660000e+00 8.365074e+01
2.670000e+00 8.359712e+01
2.680000e+00 8.354354e+01
2.690000e+00 8.349003e+01
2.700000e+00 8.343656e+01
2.710000e+00 8.338315e+01
2.720000e+00 8.332980e+01
2.730000e+00 8.327650e+01
2.740000e+00 8.322325e+01
2.750000e+00 8.317005e+01
2.760000e+00 8.311691e+01
2.770000e+00 8.306381e+01
2.780000e+00 8.301078e+01
2.790000e+00 8.295779e+01
2.800000e+00 8.290486e+01
2.810000e+00 8.285198e+01
2.820000e+00 8.279916e+01
2.830000e+00 8.274639e+01
2.840000e+00 8.269367e+01
2.850000e+00 8.264100e+01
2.860000e+00 8.258838e+01
2.870000e+00 8.253582e+01
2.880000e+00 8.248331e+01
2.890000e+00 8.243085e+01
2.900000e+00 8.237845e+01
2.910000e+00 8.232610e+01
2.920000e+00 8.227380e+01
2.930000e+00 8.222155e+01
2.940000e+00 8.216935e+01
2.950000e+00 8.211721e+01
2.960000e+00 8.206512e+01
2.970000e+00 8.201308e+01
2.980000e+00 8.196109e+01
2.990000e+00 8.190916e+01
3.000000e+00 8.185728e+01
3.010000e+00 8.180544e+01
3.020000e+00 8.175366e+01
3.030000e+00 8.170194e+01
3.040000e+00 8.165026e+01
3.050000e+00 8.159864e+01
3.060000e+00 8.154706e+01
3.070000e+00 8.149554e+01
3.080000e+00 8.144407e+01
3.090000e+00 8.139265e+01
3.100000e+00 8.134129e+01
3.110000e+00 8.128997e+01
3.120000e+00 8.123871e+01
3.130000e+00 8.118749e+01
3.140000e+00 8.113633e+01
3.150000e+00 8.108522e+01
3.160000e+00 8.103416e+01
3.170000e+00 8.098315e+01
3.180000e+00 8.093220e+01
3.190000e+00 8.088129e+01
3.200000e+00 8.083043e+01
3.210000e+00 8.077963e+01
3.220000e+00 8.072887e+01
3.230000e+00 8.067817e+01
3.240000e+00 8.062752e+01
3.250000e+00 8.057691e+01
3.260000e+00 8.052636e+01
3.270000e+00 8.047586e+01
3.280000e+00 8.042541e+01
3.290000e+00 8.037501e+01
3.300000e+00 8.032466e+01
3.310000e+00 8.027436e+01
3.320000e+00 8.022411e+01
3.330000e+00 8.017391e+01
3.340000e+00 8.012376e+01
3.350000e+00 8.007367e+01
3.360000e+00 8.002362e+01
3.370000e+00 7.997362e+01
3.380000e+00 7.992367e+01
3.390000e+00 7.987377e+01
3.400000e+00 7.982392e+01
3.410000e+00 7.977412e+01
3.420000e+00 7.972437e+01
3.430000e+00 7.967467e+01
3.440000e+00 7.962502e+01
3.450000e+00 7.957542e+01
3.460000e+00 7.952587e+01
3.470000e+00 7.947637e+01
3.480000e+00 7.942692e+01
3.490000e+00 7.937752e+01
3.500000e+00 7.932817e+01
3.510000e+00 7.927886e+01
3.520000e+00 7.922961e+01
3.530000e+00 7.918040e+01
3.540000e+00 7.913125e+01
3.550000e+00 7.908214e+01
3.560000e+00 7.903308e+01
3.570000e+00 7.898407e+01
3.580000e+00 7.893512e+01
3.590000e+00 7.888620e+01
3.600000e+00 7.883734e+01
3.610000e+00 7.878853e+01
3.620000e+00 7.873977e+01
3.630000e+00 7.869105e+01
3.640000e+00 7.864238e+01
3.650000e+00 7.859377e+01
3.660000e+00 7.854520e+01
3.670000e+00 7.849668e+01
3.680000e+00 7.844820e+01
3.690000e+00 7.839978e+01
3.700000e+00 7.835140e+01
3.710000e+00 7.830308e+01
3.720000e+00 7.825480e+01
3.730000e+00 7.820657e+01
3.740000e+00 7.815838e+01
3.750000e+00 7.811025e+01
3.760000e+00 7.806216e+01
3.770000e+00 7.801413e+01
3.780000e+00 7.796614e+01
3.790000e+00 7.791819e+01
3.800000e+00 7.787030e+01
3.810000e+00 7.782245e+01
3.820000e+00 7.777465e+01
3.830000e+00 7.772690e+01
3.840000e+00 7.767920e+01
3.850000e+00 7.763154e+01
3.860000e+00 7.758394e+01
3.870000e+00 7.753638e+01
3.880000e+00 7.748886e+01
3.890000e+00 7.744140e+01
3.900000e+00 7.739398e+01
3.910000e+00 7.734661e+01
3.920000e+00 7.729929e+01
3.930000e+00 7.725201e+01
3.940000e+00 7.720478e+01
3.950000e+00 7.715760e+01
3.960000e+00 7.711047e+01
3.970000e+00 7.706338e+01
3.980000e+00 7.701634e+01
3.990000e+00 7.696935e+01
4.000000e+00 7.692240e+01
4.010000e+00 7.687550e+01
4.020000e+00 7.682865e+01
4.030000e+00 7.678185e+01
4.040000e+00 7.673509e+01
4.050000e+00 7.668838e+01
4.060000e+00 7.664171e+01
4.070000e+00 7.659509e+01
4.080000e+00 7.654852e+01
4.090000e+00 7.650200e+01
4.100000e+00 7.645552e+01
4.110000e+00 7.640909e+01
4.120000e+00 7.636270e+01
4.130000e+00 7.631636e+01
4.140000e+00 7.627007e+01
4.150000e+00 7.622382e+01
4.160000e+00 7.617762e+01
4.170000e+00 7.613146e+01
4.180000e+00 7.608536e+01
4.190000e+00 7.603929e+01
4.200000e+00 7.599328e+01
4.210000e+00 7.594731e+01
4.220000e+00 7.590138e+01
4.230000e+00 7.585550e+01
4.240000e+00 7.580967e+01
4.250000e+00 7.576388e+01
4.260000e+00 7.571814e+01
4.270000e+00 7.567245e+01
4.280000e+00 7.562680e+01
4.290000e+00 7.558120e+01
4.300000e+00 7.553564e+01
4.310000e+00 7.549012e+01
4.320000e+00 7.544466e+01
4.330000e+00 7.539923e+01
4.340000e+00 7.535386e+01
4.350000e+00 7.530853e+01
4.360000e+00 7.526324e+01
4.370000e+00 7.521800e+01
4.380000e+00 7.517280e+01
4.390000e+00 7.512765e+01
4.400000e+00 7.508255e+01
4.410000e+00 7.503749e+01
4.420000e+00 7.499247e+01
4.430000e+00 7.494750e+01
4.440000e+00 7.490258e+01
4.450000e+00 7.485770e+01
4.460000e+00 7.481286e+01
4.470000e+00 7.476807e+01
4.480000e+00 7.472333e+01
4.490000e+00 7.467863e+01
4.500000e+00 7.463397e+01
4.510000e+00 7.458936e+01
4.520000e+00 7.454479e+01
4.530000e+00 7.450027e+01
4.540000e+00 7.445579e+01
4.550000e+00 7.441136e+01
4.560000e+00 7.436697e+01
4.570000e+00 7.432262e+01
4.580000e+00 7.427832e+01
4.590000e+00 7.423407e+01
4.600000e+00 7.418986e+01
4.610000e+00 7.414569e+01
4.620000e+00 7.410156e+01
4.630000e+00 7.405748e+01
4.640000e+00 7.401345e+01
4.650000e+00 7.396946e+01
4.660000e+00 7.392551e+01
4.670000e+00 7.388161e+01
4.680000e+00 7.383775e+01
4.690000e+00 7.379393e+01
4.700000e+00 7.375016e+01
4.710000e+00 7.370643e+01
4.720000e+00 7.366275e+01
4.730000e+00 7.361910e+01
4.740000e+00 7.357551e+01
4.750000e+00 7.353195e+01
4.760000e+00 7.348844e+01
4.770000e+00 7.344498e+01
4.780000e+00 7.340155e+01
4.790000e+00 7.335817e+01
4.800000e+00 7.331484e+01
4.810000e+00 7.327154e+01
4.820000e+00 7.322829e+01
4.830000e+00 7.318509e+01
4.840000e+00 7.314192e+01
4.850000e+00 7.309880e+01
4.860000e+00 7.305573e+01
4.870000e+00 7.301269e+01
4.880000e+00 7.296970e+01
4.890000e+00 7.292675e+01
4.900000e+00 7.288385e+01
4.910000e+00 7.284099e+01
4.920000e+00 7.279817e+01
4.930000e+00 7.275539e+01
4.940000e+00 7.271265e+01
4.950000e+00 7.266996e+01
4.960000e+00 7.262731e+01
4.970000e+00 7.258471e+01
4.980000e+00 7.254215e+01
4.990000e+00 7.249962e+01
5.000000e+00 7.245715e+01
5.010000e+00 7.241471e+01
5.020000e+00 7.237232e+01
5.030000e+00 7.232997e+01
5.040000e+00 7.228766e+01
5.050000e+00 7.224539e+01
5.060000e+00 7.220317e+01
5.070000e+00 7.216098e+01
5.080000e+00 7.211884e+01
5.090000e+00 7.207675e+01
5.100000e+00 7.203469e+01
5.110000e+00 7.199268e+01
5.120000e+00 7.195071e+01
5.130000e+00 7.190878e+01
5.140000e+00 7.186689e+01
5.150000e+00 7.182504e+01
5.160000e+00 7.178324e+01
5.170000e+00 7.174148e+01
5.180000e+00 7.169975e+01
5.190000e+00 7.165808e+01
5.200000e+00 7.161644e+01
5.210000e+00 7.157484e+01
5.220000e+00 7.153329e+01
5.230000e+00 7.149178e+01
5.240000e+00 7.145031e+01
5.250000e+00 7.140888e+01
5.260000e+00 7.136749e+01
5.270000e+00 7.132614e+01
5.280000e+00 7.128484e+01
5.290000e+00 7.124357e+01
5.300000e+00 7.120235e+01
5.310000e+00 7.116117e+01
5.320000e+00 7.112003e+01
5.330000e+00 7.107893e+01
5.340000e+00 7.103787e+01
5.350000e+00 7.099685e+01
5.360000e+00 7.095587e+01
5.370000e+00 7.091494e+01
5.380000e+00 7.087404e+01
5.390000e+00 7.083319e+01
5.400000e+00 7.079238e+01
5.410000e+00 7.075161e+01
5.420000e+00 7.071087e+01
5.430000e+00 7.067018e+01
5.440000e+00 7.062953e+01
5.450000e+00 7.058892e+01
5.460000e+00 7.054836e+01
5.470000e+00 7.050783e+01
5.480000e+00 7.046734e+01
5.490000e+00 7.042689e+01
5.500000e+00 7.038649e+01
5.510000e+00 7.034612e+01
5.520000e+00 7.030579e+01
5.530000e+00 7.026551e+01
5.540000e+00 7.022526e+01
5.550000e+00 7.018506e+01
5.560000e+00 7.014489e+01
5.570000e+00 7.010477e+01
5.580000e+00 7.006468e+01
5.590000e+00 7.002464e+01
5.600000e+00 6.998463e+01
5.610000e+00 6.994467e+01
5.620000e+00 6.990475e+01
5.630000e+00 6.986486e+01
5.640000e+00 6.982502e+01
5.650000e+00 6.978521e+01
5.660000e+00 6.974544e+01
5.670000e+00 6.970572e+01
5.680000e+00 6.966603e+01
5.690000e+00 6.962639e+01
5.700000e+00 6.958678e+01
5.710000e+00 6.954721e+01
5.720000e+00 6.950769e+01
5.730000e+00 6.946820e+01
5.740000e+00 6.942875e+01
5.750000e+00 6.938934e+01
5.760000e+00 6.934997e+01
5.770000e+00 6.931064e+01
5.780000e+00 6.927135e+01
5.790000e+00 6.923210e+01
5.800000e+00 6.919289e+01
5.810000e+00 6.915371e+01
5.820000e+00 6.911458e+01
5.830000e+00 6.907548e+01
5.840000e+00 6.903643e+01
5.850000e+00 6.899741e+01
5.860000e+00 6.895843e+01
5.870000e+00 6.891949e+01
5.880000e+00 6.888059e+01
5.890000e+00 6.884173e+01
5.900000e+00 6.880291e+01
5.910000e+00 6.876413e+01
5.920000e+00 6.872538e+01
5.930000e+00 6.868668e+01
5.940000e+00 6.864801e+01
5.950000e+00 6.860938e+01
5.960000e+00 6.857079e+01
5.970000e+00 6.853224e+01
5.980000e+00 6.849373e+01
5.990000e+00 6.845525e+01
6.000000e+00 6.841681e+01
6.010000e+00 6.837842e+01
6.020000e+00 6.834006e+01
6.030000e+00 6.830174e+01
6.040000e+00 6.826345e+01
6.050000e+00 6.822521e+01
6.060000e+00 6.818700e+01
6.070000e+00 6.814884e+01
6.080000e+00 6.811071e+01
6.090000e+00 6.807261e+01
6.100000e+00 6.803456e+01
6.110000e+00 6.799655e+01
6.120000e+00 6.795857e+01
6.130000e+00 6.792063e+01
6.140000e+00 6.788273e+01
6.150000e+00 6.784486e+01
6.160000e+00 6.780704e+01
6.170000e+00 6.776925e+01
6.180000e+00 6.773150e+01
6.190000e+00 6.769379e+01
6.200000e+00 6.765611e+01
6.210000e+00 6.761847e+01
6.220000e+00 6.758087e+01
6.230000e+00 6.754331e+01
6.240000e+00 6.750579e+01
6.250000e+00 6.746830e+01
6.260000e+00 6.743085e+01
6.270000e+00 6.739344e+01
6.280000e+00 6.735606e+01
6.290000e+00 6.731873e+01
6.300000e+00 6.728143e+01
6.310000e+00 6.724416e+01
6.320000e+00 6.720694e+01
6.330000e+00 6.716975e+01
6.340000e+00 6.713260e+01
6.350000e+00 6.709548e+01
6.360000e+00 6.705841e+01
6.370000e+00 6.702137e+01
6.380000e+00 6.698436e+01
6.390000e+00 6.694740e+01
6.400000e+00 6.691047e+01
6.410000e+00 6.687358e+01
6.420000e+00 6.683672e+01
6.430000e+00 6.679990e+01
6.440000e+00 6.676312e+01
6.450000e+00 6.672638e+01
6.460000e+00 6.668967e+01
6.470000e+00 6.665300e+01
6.480000e+00 6.661636e+01
6.490000e+00 6.657977e+01
6.500000e+00 6.654320e+01
6.510000e+00 6.650668e+01
6.520000e+00 6.647019e+01
6.530000e+00 6.643374e+01
6.540000e+00 6.639732e+01
6.550000e+00 6.636094e+01
6.560000e+00 6.632460e+01
6.570000e+00 6.628830e+01
6.580000e+00 6.625203e+01
6.590000e+00 6.621579e+01
6.600000e+00 6.617959e+01
6.610000e+00 6.614343e+01
6.620000e+00 6.610731e+01
6.630000e+00 6.607122e+01
6.640000e+00 6.603516e+01
6.650000e+00 6.599915e+01
6.660000e+00 6.596317e+01
6.670000e+00 6.592722e+01
6.680000e+00 6.589131e+01
6.690000e+00 6.585544e+01
6.700000e+00 6.581960e+01
6.710000e+00 6.578380e+01
6.720000e+00 6.574803e+01
6.730000e+00 6.571230e+01
6.740000e+00 6.567661e+01
6.750000e+00 6.564095e+01
6.760000e+00 6.560533e+01
6.770000e+00 6.556974e+01
6.780000e+00 6.553419e+01
6.790000e+00 6.549867e+01
6.800000e+00 6.546319e+01
6.810000e+00 6.542774e+01
6.820000e+00 6.539233e+01
6.830000e+00 6.535696e+01
6.840000e+00 6.532162e+01
6.850000e+00 6.528632e+01
6.860000e+00 6.525105e+01
6.870000e+00 6.521581e+01
6.880000e+00 6.518062e+01
6.890000e+00 6.514545e+01
6.900000e+00 6.511032e+01
6.910000e+00 6.507523e+01
6.920000e+00 6.504017e+01
6.930000e+00 6.500515e+01
6.940000e+00 6.497016e+01
6.950000e+00 6.493521e+01
6.960000e+00 6.490029e+01
6.970000e+00 6.486541e+01
6.980000e+00 6.483056e+01
6.990000e+00 6.479575e+01
7.000000e+00 6.476097e+01
7.010000e+00 6.472623e+01
7.020000e+00 6.469152e+01
7.030000e+00 6.465684e+01
7.040000e+00 6.462221e+01
7.050000e+00 6.458760e+01
7.060000e+00 6.455303e+01
7.070000e+00 6.451849e+01
7.080000e+00 6.448399e+01
7.090000e+00 6.444953e+01
7.100000e+00 6.441509e+01
7.110000e+00 6.438070e+01
7.120000e+00 6.434633e+01
7.130000e+00 6.431200e+01
7.140000e+00 6.427771e+01
7.150000e+00 6.424345e+01
7.160000e+00 6.420922e+01
7.170000e+00 6.417503e+01
7.180000e+00 6.414087e+01
7.190000e+00 6.410675e+01
7.200000e+00 6.407266e+01
7.210000e+00 6.403860e+01
7.220000e+00 6.400458e+01
7.230000e+00 6.397059e+01
7.240000e+00 6.393664e+01
7.250000e+00 6.390272e+01
7.260000e+00 6.386883e+01
7.270000e+00 6.383498e+01
7.280000e+00 6.380116e+01
7.290000e+00 6.376738e+01
7.300000e+00 6.373363e+01
7.310000e+00 6.369991e+01
7.320000e+00 6.366623e+01
7.330000e+00 6.363258e+01
7.340000e+00 6.359896e+01
7.350000e+00 6.356538e+01
7.360000e+00 6.353183e+01
7.370000e+00 6.349832e+01
7.380000e+00 6.346484e+01
7.390000e+00 6.343139e+01
7.400000e+00 6.339797e+01
7.410000e+00 6.336459e+01
7.420000e+00 6.333124e+01
7.430000e+00 6.329793e+01
7.440000e+00 6.326465e+01
7.450000e+00 6.323140e+01
7.460000e+00 6.319819e+01
7.470000e+00 6.316500e+01
7.480000e+00 6.313186e+01
7.490000e+00 6.309874e+01
7.500000e+00 6.306566e+01
7.510000e+00 6.303261e+01
7.520000e+00 6.299959e+01
7.530000e+00 6.296661e+01
7.540000e+00 6.293366e+01
7.550000e+00 6.290074e+01
7.560000e+00 6.286786e+01
7.570000e+00 6.283501e+01
7.580000e+00 6.280219e+01
7.590000e+00 6.276940e+01
7.600000e+00 6.273665e+01
7.610000e+00 6.270393e+01
7.620000e+00 6.267124e+01
7.630000e+00 6.263859e+01
7.640000e+00 6.260596e+01
7.650000e+00 6.257338e+01
7.660000e+00 6.254082e+01
7.670000e+00 6.250829e+01
7.680000e+00 6.247580e+01
7.690000e+00 6.244334e+01
7.700000e+00 6.241091e+01
7.710000e+00 6.237852e+01
7.720000e+00 6.234616e+01
7.730000e+00 6.231383e+01
7.740000e+00 6.228153e+01
7.750000e+00 6.224926e+01
7.760000e+00 6.221703e+01
7.770000e+00 6.218483e+01
7.780000e+00 6.215266e+01
7.790000e+00 6.212053e+01
7.800000e+00 6.208842e+01
7.810000e+00 6.205635e+01
7.820000e+00 6.202431e+01
7.830000e+00 6.199230e+01
7.840000e+00 6.196032e+01
7.850000e+00 6.192838e+01
7.860000e+00 6.189647e+01
7.870000e+00 6.186459e+01
7.880000e+00 6.183274e+01
7.890000e+00 6.180092e+01
7.900000e+00 6.176914e+01
7.910000e+00 6.173738e+01
7.920000e+00 6.170566e+01
7.930000e+00 6.167397e+01
7.940000e+00 6.164231e+01
7.950000e+00 6.161069e+01
7.960000e+00 6.157909e+01
7.970000e+00 6.154753e+01
7.980000e+00 6.151600e+01
7.990000e+00 6.148450e+01
8.000000e+00 6.145303e+01
8.010000e+00 6.142159e+01
8.020000e+00 6.139018e+01
8.030000e+00 6.135881e+01
8.040000e+00 6.132747e+01
8.050000e+00 6.129615e+01
8.060000e+00 6.126487e+01
8.070000e+00 6.123363e+01
8.080000e+00 6.120241e+01
8.090000e+00 6.117122e+01
8.100000e+00 6.114006e+01
8.110000e+00 6.110894e+01
8.120000e+00 6.107785e+01
8.130000e+00 6.104678e+01
8.140000e+00 6.101575e+01
8.150000e+00 6.098475e+01
8.160000e+00 6.095378e+01
8.170000e+00 6.092285e+01
8.180000e+00 6.089194e+01
8.190000e+00 6.086106e+01
8.200000e+00 6.083022e+01
8.210000e+00 6.079940e+01
8.220000e+00 6.076862e+01
8.230000e+00 6.073786e+01
8.240000e+00 6.070714e+01
8.250000e+00 6.067645e+01
8.260000e+00 6.064579e+01
8.270000e+00 6.061516e+01
8.280000e+00 6.058456e+01
8.290000e+00 6.055399e+01
8.300000e+00 6.052345e+01
8.310000e+00 6.049294e+01
8.320000e+00 6.046246e+01
8.330000e+00 6.043202e+01
8.340000e+00 6.040160e+01
8.350000e+00 6.037121e+01
8.360000e+00 6.034086e+01
8.370000e+00 6.031053e+01
8.380000e+00 6.028024e+01
8.390000e+00 6.024997e+01
8.400000e+00 6.021974e+01
8.410000e+00 6.018953e+01
8.420000e+00 6.015936e+01
8.430000e+00 6.012921e+01
8.440000e+00 6.009910e+01
8.450000e+00 6.006902e+01
8.460000e+00 6.003896e+01
8.470000e+00 6.000894e+01
8.480000e+00 5.997894e+01
8.490000e+00 5.994898e+01
8.500000e+00 5.991905e+01
8.510000e+00 5.988914e+01
8.520000e+00 5.985927e+01
8.530000e+00 5.982942e+01
8.540000e+00 5.979961e+01
8.550000e+00 5.976982e+01
8.560000e+00 5.974007e+01
8.570000e+00 5.971034e+01
8.580000e+00 5.968065e+01
8.590000e+00 5.965098e+01
8.600000e+00 5.962135e+01
8.610000e+00 5.959174e+01
8.620000e+00 5.956216e+01
8.630000e+00 5.953261e+01
8.640000e+00 5.950310e+01
8.650000e+00 5.947361e+01
8.660000e+00 5.944415e+01
8.670000e+00 5.941472e+01
8.680000e+00 5.938532e+01
8.690000e+00 5.935595e+01
8.700000e+00 5.932661e+01
8.710000e+00 5.929730e+01
8.720000e+00 5.926801e+01
8.730000e+00 5.923876e+01
8.740000e+00 5.920954e+01
8.750000e+00 5.918034e+01
8.760000e+00 5.915118e+01
8.770000e+00 5.912204e+01
8.780000e+00 5.909293e+01
8.790000e+00 5.906385e+01
8.800000e+00 5.903480e+01
8.810000e+00 5.900578e+01
8.820000e+00 5.897679e+01
8.830000e+00 5.894783e+01
8.840000e+00 5.891890e+01
8.850000e+00 5.888999e+01
8.860000e+00 5.886112e+01
8.870000e+00 5.883227e+01
8.880000e+00 5.880345e+01
8.890000e+00 5.877466e+01
8.900000e+00 5.874590e+01
8.910000e+00 5.871717e+01
8.920000e+00 5.868847e+01
8.930000e+00 5.865979e+01
8.940000e+00 5.863115e+01
8.950000e+00 5.860253e+01
8.960000e+00 5.857394e+01
8.970000e+00 5.854538e+01
8.980000e+00 5.851685e+01
8.990000e+00 5.848835e+01
9.000000e+00 5.845988e+01
9.010000e+00 5.843143e+01
9.020000e+00 5.840301e+01
9.030000e+00 5.837462e+01
9.040000e+00 5.834626e+01
9.050000e+00 5.831793e+01
9.060000e+00 5.828963e+01
9.070000e+00 5.826135e+01
9.080000e+00 5.823311e+01
9.090000e+00 5.820489e+01
9.100000e+00 5.817670e+01
9.110000e+00 5.814853e+01
9.120000e+00 5.812040e+01
9.130000e+00 5.809229e+01
9.140000e+00 5.806421e+01
9.150000e+00 5.803616e+01
9.160000e+00 5.800814e+01
9.170000e+00 5.798015e+01
9.180000e+00 5.795218e+01
9.190000e+00 5.792424e+01
9.200000e+00 5.789633e+01
9.210000e+00 5.786845e+01
9.220000e+00 5.784060e+01
9.230000e+00 5.781277e+01
9.240000e+00 5.778497e+01
9.250000e+00 5.775720e+01
9.260000e+00 5.772946e+01
9.270000e+00 5.770174e+01
9.280000e+00 5.767405e+01
9.290000e+00 5.764639e+01
9.300000e+00 5.761876e+01
9.310000e+00 5.759115e+01
9.320000e+00 5.756358e+01
9.330000e+00 5.753603e+01
9.340000e+00 5.750851e+01
9.350000e+00 5.748101e+01
9.360000e+00 5.745354e+01
9.370000e+00 5.742610e+01
9.380000e+00 5.739869e+01
9.390000e+00 5.737131e+01
9.400000e+00 5.734395e+01
9.410000e+00 5.731662e+01
9.420000e+00 5.728932e+01
9.430000e+00 5.726204e+01
9.440000e+00 5.723479e+01
9.450000e+00 5.720757e+01
9.460000e+00 5.718038e+01
9.470000e+00 5.715321e+01
9.480000e+00 5.712607e+01
9.490000e+00 5.709896e+01
9.500000e+00 5.707187e+01
9.510000e+00 5.704481e+01
9.520000e+00 5.701778e+01
9.530000e+00 5.699078e+01
9.540000e+00 5.696380e+01
9.550000e+00 5.693685e+01
9.560000e+00 5.690993e+01
9.570000e+00 5.688303e+01
9.580000e+00 5.685616e+01
9.590000e+00 5.682932e+01
9.600000e+00 5.680250e+01
9.610000e+00 5.677571e+01
9.620000e+00 5.674895e+01
9.630000e+00 5.672222e+01
9.640000e+00 5.669551e+01
9.650000e+00 5.666882e+01
9.660000e+00 5.664217e+01
9.670000e+00 5.661554e+01
9.680000e+00 5.658894e+01
9.690000e+00 5.656236e+01
9.700000e+00 5.653581e+01
9.710000e+00 5.650929e+01
9.720000e+00 5.648279e+01
9.730000e+00 5.645632e+01
9.740000e+00 5.642988e+01
9.750000e+00 5.640346e+01
9.760000e+00 5.637707e+01
9.770000e+00 5.635071e+01
9.780000e+00 5.632437e+01
9.790000e+00 5.629806e+01
9.800000e+00 5.627178e+01
9.810000e+00 5.624552e+01
9.820000e+00 5.621929e+01
9.830000e+00 5.619308e+01
9.840000e+00 5.616690e+01
9.850000e+00 5.614075e+01
9.860000e+00 5.611462e+01
9.870000e+00 5.608852e+01
9.880000e+00 5.606244e+01
9.890000e+00 5.603639e+01
9.900000e+00 5.601037e+01
9.910000e+00 5.598437e+01
9.920000e+00 5.595840e+01
9.930000e+00 5.593245e+01
9.940000e+00 5.590653e+01
9.950000e+00 5.588064e+01
9.960000e+00 5.585477e+01
9.970000e+00 5.582893e+01
9.980000e+00 5.580312e+01
9.990000e+00 5.577733e+01
1.000000e+01 5.575156e+01
