#cm 1
line -4 -8 -0.6 -8
line  4 -8  0.6 -8
line -4  8 -0.6  8
line  4  8  0.6  8
line -4 -8 -4 8
line  4 -8  4 8
line -0.6 -8 -0.6 -0
line  0.6 -8  0.6 -0
line -0.6  8 -0.6  0
line  0.6  8  0.6  0
line -0.6 -0.8 0.6 -0.8
line -0.6  0.8 0.6  0.8
line -4 -7.99999999999296 -0.6 -7.99999999999296
line  4 -7.99999999999296  0.6 -7.99999999999296
line -4 -7.9856036829951 -0.6 -7.9856036829951
line  4 -7.9856036829951  0.6 -7.9856036829951
line -4 -7.94246781615557 -0.6 -7.94246781615557
line  4 -7.94246781615557  0.6 -7.94246781615557
line -4 -7.87074764201385 -0.6 -7.87074764201385
line  4 -7.87074764201385  0.6 -7.87074764201385
line -4 -7.77070127574834 -0.6 -7.77070127574834
line  4 -7.77070127574834  0.6 -7.77070127574834
line -4 -7.6426887762405 -0.6 -7.6426887762405
line  4 -7.6426887762405  0.6 -7.6426887762405
line -4 -7.48717085025165 -0.6 -7.48717085025165
line  4 -7.48717085025165  0.6 -7.48717085025165
line -4 -7.30470719437613 -0.6 -7.30470719437613
line  4 -7.30470719437613  0.6 -7.30470719437613
line -4 -7.095954480738 -0.6 -7.095954480738
line  4 -7.095954480738  0.6 -7.095954480738
line -4 -6.86166399368047 -0.6 -6.86166399368047
line  4 -6.86166399368047  0.6 -6.86166399368047
line -4 -6.60267892595359 -0.6 -6.60267892595359
line  4 -6.60267892595359  0.6 -6.60267892595359
line -4 -6.31993134413087 -0.6 -6.31993134413087
line  4 -6.31993134413087  0.6 -6.31993134413087
line -4 -6.01443883417612 -0.6 -6.01443883417612
line  4 -6.01443883417612  0.6 -6.01443883417612
line -4 -5.68730083923285 -0.6 -5.68730083923285
line  4 -5.68730083923285  0.6 -5.68730083923285
line -4 -5.33969470281623 -0.6 -5.33969470281623
line  4 -5.33969470281623  0.6 -5.33969470281623
line -4 -4.97287143164776 -0.6 -4.97287143164776
line  4 -4.97287143164776  0.6 -4.97287143164776
line -4 -4.58815119338207 -0.6 -4.58815119338207
line  4 -4.58815119338207  0.6 -4.58815119338207
line -4 -4.18691856542891 -0.6 -4.18691856542891
line  4 -4.18691856542891  0.6 -4.18691856542891
line -4 -3.77061755196966 -0.6 -3.77061755196966
line  4 -3.77061755196966  0.6 -3.77061755196966
line -4 -3.34074638710163 -0.6 -3.34074638710163
line  4 -3.34074638710163  0.6 -3.34074638710163
line -4 -2.89885214281321 -0.6 -2.89885214281321
line  4 -2.89885214281321  0.6 -2.89885214281321
line -4 -2.4465251611953 -0.6 -2.4465251611953
line  4 -2.4465251611953  0.6 -2.4465251611953
line -4 -1.98539333092722 -0.6 -1.98539333092722
line  4 -1.98539333092722  0.6 -1.98539333092722
line -4 -1.51711622863531 -0.6 -1.51711622863531
line  4 -1.51711622863531  0.6 -1.51711622863531
line -4 -1.04337914620923 -0.6 -1.04337914620923
line  4 -1.04337914620923  0.6 -1.04337914620923
line -4 -0.565887025571057 -0.6 -0.565887025571057
line  4 -0.565887025571057  0.6 -0.565887025571057
line -4 -0.0863583227254855 -0.6 -0.0863583227254855
line  4 -0.0863583227254855  0.6 -0.0863583227254855
line -4 0.3934811768261 -0.6 0.3934811768261
line  4 0.3934811768261  0.6 0.3934811768261
line -4 0.871904569049791 -0.6 0.871904569049791
line  4 0.871904569049791  0.6 0.871904569049791
line -4 1.34719004636885 -0.6 1.34719004636885
line  4 1.34719004636885  0.6 1.34719004636885
line -4 1.81762709431164 -0.6 1.81762709431164
line  4 1.81762709431164  0.6 1.81762709431164
line -4 2.28152264751662 -0.6 2.28152264751662
line  4 2.28152264751662  0.6 2.28152264751662
line -4 2.73720718293934 -0.6 2.73720718293934
line  4 2.73720718293934  0.6 2.73720718293934
line -4 3.18304072833251 -0.6 3.18304072833251
line  4 3.18304072833251  0.6 3.18304072833251
line -4 3.61741876437518 -0.6 3.61741876437518
line  4 3.61741876437518  0.6 3.61741876437518
line -4 4.03877799920957 -0.6 4.03877799920957
line  4 4.03877799920957  0.6 4.03877799920957
line -4 4.44560199460366 -0.6 4.44560199460366
line  4 4.44560199460366  0.6 4.44560199460366
line -4 4.83642662349121 -0.6 4.83642662349121
line  4 4.83642662349121  0.6 4.83642662349121
line -4 5.20984533924819 -0.6 5.20984533924819
line  4 5.20984533924819  0.6 5.20984533924819
line -4 5.56451423774169 -0.6 5.56451423774169
line  4 5.56451423774169  0.6 5.56451423774169
line -4 5.89915689393358 -0.6 5.89915689393358
line  4 5.89915689393358  0.6 5.89915689393358
line -4 6.21256895563228 -0.6 6.21256895563228
line  4 6.21256895563228  0.6 6.21256895563228
line -4 6.50362247786007 -0.6 6.50362247786007
line  4 6.50362247786007  0.6 6.50362247786007
line -4 6.77126998223703 -0.6 6.77126998223703
line  4 6.77126998223703  0.6 6.77126998223703
line -4 7.01454822677202 -0.6 7.01454822677202
line  4 7.01454822677202  0.6 7.01454822677202
line -4 7.23258167249368 -0.6 7.23258167249368
line  4 7.23258167249368  0.6 7.23258167249368
line -4 7.42458563444529 -0.6 7.42458563444529
line  4 7.42458563444529  0.6 7.42458563444529
line -4 7.58986910570322 -0.6 7.58986910570322
line  4 7.58986910570322  0.6 7.58986910570322
line -4 7.72783724425567 -0.6 7.72783724425567
line  4 7.72783724425567  0.6 7.72783724425567
line -4 7.83799351379155 -0.6 7.83799351379155
line  4 7.83799351379155  0.6 7.83799351379155
line -4 7.91994147069505 -0.6 7.91994147069505
line  4 7.91994147069505  0.6 7.91994147069505
line -4 7.97338619081447 -0.6 7.97338619081447
line  4 7.97338619081447  0.6 7.97338619081447
line -4 7.99813533087076 -0.6 7.99813533087076
line  4 7.99813533087076  0.6 7.99813533087076
#cm 0
line -0.6 0.746196570293458 -0.599 0.759576904756667
line -0.599 0.759576904756667 -0.598 0.771742078206696
line -0.598 0.771742078206696 -0.597 0.782672628961124
line -0.597 0.782672628961124 -0.596 0.79235107047047
line -0.596 0.79235107047047 -0.595 0.800761919292944
line -0.595 0.800761919292944 -0.594 0.807891719864647
line -0.594 0.807891719864647 -0.593 0.813729066025609
line -0.593 0.813729066025609 -0.592 0.818264619267206
line -0.592 0.818264619267206 -0.591 0.821491123671785
line -0.591 0.821491123671785 -0.59 0.823403417520581
line -0.59 0.823403417520581 -0.589 0.823998441551373
line -0.51 -0.823829349717559 -0.509 -0.822499789168054
line -0.509 -0.822499789168054 -0.508 -0.819854404413143
line -0.508 -0.819854404413143 -0.507 -0.815897427504116
line -0.507 -0.815897427504116 -0.506 -0.810635188759917
line -0.506 -0.810635188759917 -0.505 -0.804076106639987
line -0.505 -0.804076106639987 -0.504 -0.796230674276521
line -0.504 -0.796230674276521 -0.503 -0.787111442687697
line -0.503 -0.787111442687697 -0.502 -0.776733000698724
line -0.502 -0.776733000698724 -0.501 -0.765111951602837
line -0.501 -0.765111951602837 -0.5 -0.752266886599564
line -0.5 -0.752266886599564 -0.499 -0.738218355052774
line -0.499 -0.738218355052774 -0.498 -0.722988831616084
line -0.498 -0.722988831616084 -0.497 -0.706602680278199
line -0.497 -0.706602680278199 -0.496 -0.689086115385736
line -0.496 -0.689086115385736 -0.495 -0.670467159705853
line -0.495 -0.670467159705853 -0.494 -0.650775599595805
line -0.494 -0.650775599595805 -0.493 -0.630042937351129
line -0.493 -0.630042937351129 -0.492 -0.608302340808684
line -0.492 -0.608302340808684 -0.491 -0.585588590285187
line -0.491 -0.585588590285187 -0.49 -0.561938022936139
line -0.49 -0.561938022936139 -0.489 -0.537388474624112
line -0.489 -0.537388474624112 -0.488 -0.511979219389447
line -0.488 -0.511979219389447 -0.487 -0.485750906620167
line -0.487 -0.485750906620167 -0.486 -0.458745496021626
line -0.486 -0.458745496021626 -0.485 -0.431006190489939
line -0.485 -0.431006190489939 -0.484 -0.402577366996552
line -0.484 -0.402577366996552 -0.483 -0.373504505594559
line -0.483 -0.373504505594559 -0.482 -0.34383411666033
line -0.482 -0.34383411666033 -0.481 -0.313613666486809
line -0.481 -0.313613666486809 -0.48 -0.282891501347591
line -0.48 -0.282891501347591 -0.479 -0.251716770153185
line -0.479 -0.251716770153185 -0.478 -0.220139345823245
line -0.478 -0.220139345823245 -0.477 -0.188209745500546
line -0.477 -0.188209745500546 -0.476 -0.155979049734317
line -0.476 -0.155979049734317 -0.475 -0.123498820762267
line -0.475 -0.123498820762267 -0.474 -0.0908210200220097
line -0.474 -0.0908210200220097 -0.473 -0.057997925023835
line -0.473 -0.057997925023835 -0.472 -0.0250820457178528
line -0.472 -0.0250820457178528 -0.471 0.00787395951072677
line -0.471 0.00787395951072677 -0.47 0.0408173680837806
line -0.47 0.0408173680837806 -0.469 0.0736954775751383
line -0.469 0.0736954775751383 -0.468 0.106455690023239
line -0.468 0.106455690023239 -0.467 0.139045596076642
line -0.467 0.139045596076642 -0.466 0.171413058837797
line -0.466 0.171413058837797 -0.465 0.203506297270981
line -0.465 0.203506297270981 -0.464 0.235273969040893
line -0.464 0.235273969040893 -0.463 0.266665252649443
line -0.463 0.266665252649443 -0.462 0.29762992873931
line -0.462 0.29762992873931 -0.461 0.328118460434189
line -0.461 0.328118460434189 -0.46 0.358082072587246
line -0.46 0.358082072587246 -0.459 0.387472829810933
line -0.459 0.387472829810933 -0.458 0.416243713163383
line -0.458 0.416243713163383 -0.457 0.444348695368694
line -0.457 0.444348695368694 -0.456 0.471742814450748
line -0.456 0.471742814450748 -0.455 0.49838224566278
line -0.455 0.49838224566278 -0.454 0.52422437159763
line -0.454 0.52422437159763 -0.453 0.54922785036649
line -0.453 0.54922785036649 -0.452 0.573352681737123
line -0.452 0.573352681737123 -0.451 0.596560271125694
line -0.451 0.596560271125694 -0.45 0.618813491339865
line -0.45 0.618813491339865 -0.449 0.640076741974397
line -0.449 0.640076741974397 -0.448 0.660316006364193
line -0.448 0.660316006364193 -0.447 0.679498906003707
line -0.447 0.679498906003707 -0.446 0.697594752345653
line -0.446 0.697594752345653 -0.445 0.714574595896122
line -0.445 0.714574595896122 -0.444 0.730411272527607
line -0.444 0.730411272527607 -0.443 0.745079446935811
line -0.443 0.745079446935811 -0.442 0.758555653170721
line -0.442 0.758555653170721 -0.441 0.770818332177133
line -0.441 0.770818332177133 -0.44 0.781847866284536
line -0.44 0.781847866284536 -0.439 0.7916266105912
line -0.439 0.7916266105912 -0.438 0.800138921192256
line -0.438 0.800138921192256 -0.437 0.807371180206603
line -0.437 0.807371180206603 -0.436 0.813311817562619
line -0.436 0.813311817562619 -0.435 0.817951329507802
line -0.435 0.817951329507802 -0.434 0.821282293812751
line -0.434 0.821282293812751 -0.433 0.823299381645144
line -0.433 0.823299381645144 -0.432 0.823999366094739
line -0.432 0.823999366094739 -0.431 0.823381127335739
line -0.353 -0.823878584987975 -0.352 -0.822653926272994
line -0.352 -0.822653926272994 -0.351 -0.82011319676612
line -0.351 -0.82011319676612 -0.35 -0.816260461092572
line -0.35 -0.816260461092572 -0.349 -0.811101882807554
line -0.349 -0.811101882807554 -0.348 -0.804645714535884
line -0.348 -0.804645714535884 -0.347 -0.796902284769553
line -0.347 -0.796902284769553 -0.346 -0.787883981344346
line -0.346 -0.787883981344346 -0.345 -0.77760523162194
line -0.345 -0.77760523162194 -0.344 -0.766082479409207
line -0.344 -0.766082479409207 -0.343 -0.753334158651632
line -0.343 -0.753334158651632 -0.342 -0.739380663942931
line -0.342 -0.739380663942931 -0.341 -0.724244317898051
line -0.341 -0.724244317898051 -0.34 -0.707949335441749
line -0.34 -0.707949335441749 -0.339 -0.690521785069876
line -0.339 -0.690521785069876 -0.338 -0.671989547145349
line -0.338 -0.671989547145349 -0.337 -0.652382269295515
line -0.337 -0.652382269295515 -0.336 -0.631731318982269
line -0.336 -0.631731318982269 -0.335 -0.610069733320812
line -0.335 -0.610069733320812 -0.334 -0.58743216622731
line -0.334 -0.58743216622731 -0.333 -0.563854832980024
line -0.333 -0.563854832980024 -0.332 -0.539375452282586
line -0.332 -0.539375452282586 -0.331 -0.514033185922121
line -0.331 -0.514033185922121 -0.33 -0.487868576118745
line -0.33 -0.487868576118745 -0.329 -0.460923480666659
line -0.329 -0.460923480666659 -0.328 -0.433241005970605
line -0.328 -0.433241005970605 -0.327 -0.404865438084815
line -0.327 -0.404865438084815 -0.326 -0.375842171864777
line -0.326 -0.375842171864777 -0.325 -0.346217638345144
line -0.325 -0.346217638345144 -0.324 -0.316039230459983
line -0.324 -0.316039230459983 -0.323 -0.28535522722419
line -0.323 -0.28535522722419 -0.322 -0.254214716497375
line -0.322 -0.254214716497375 -0.321 -0.222667516453745
line -0.321 -0.222667516453745 -0.32 -0.19076409588366
line -0.32 -0.19076409588366 -0.319 -0.158555493454329
line -0.319 -0.158555493454329 -0.318 -0.126093236058839
line -0.318 -0.126093236058839 -0.317 -0.0934292563841126
line -0.317 -0.0934292563841126 -0.316 -0.0606158098296832
line -0.316 -0.0606158098296832 -0.315 -0.0277053909102079
line -0.315 -0.0277053909102079 -0.314 0.00524935072455561
line -0.314 0.00524935072455561 -0.313 0.0381956945179601
line -0.313 0.0381956945179601 -0.312 0.0710809333481161
line -0.312 0.0710809333481161 -0.311 0.10385245784804
line -0.311 0.10385245784804 -0.31 0.136457840569417
line -0.31 0.136457840569417 -0.309 0.168844919855335
line -0.309 0.168844919855335 -0.308 0.200961883287812
line -0.308 0.200961883287812 -0.307 0.232757350576613
line -0.307 0.232757350576613 -0.306 0.264180455756744
line -0.306 0.264180455756744 -0.305 0.295180928563155
line -0.305 0.295180928563155 -0.304 0.325709174852438
line -0.304 0.325709174852438 -0.303 0.355716355942876
line -0.303 0.355716355942876 -0.302 0.385154466745915
line -0.302 0.385154466745915 -0.301 0.413976412564062
line -0.301 0.413976412564062 -0.3 0.442136084432366
line -0.3 0.442136084432366 -0.299 0.469588432882913
line -0.299 0.469588432882913 -0.298 0.496289540014371
line -0.298 0.496289540014371 -0.297 0.522196689751259
line -0.297 0.522196689751259 -0.296 0.547268436180565
line -0.296 0.547268436180565 -0.295 0.571464669856356
line -0.295 0.571464669856356 -0.294 0.594746681966338
line -0.294 0.594746681966338 -0.293 0.617077226257699
line -0.293 0.617077226257699 -0.292 0.638420578623168
line -0.292 0.638420578623168 -0.291 0.658742594251967
line -0.291 0.658742594251967 -0.29 0.678010762254222
line -0.29 0.678010762254222 -0.289 0.696194257671451
line -0.289 0.696194257671451 -0.288 0.713263990789927
line -0.288 0.713263990789927 -0.287 0.729192653678009
line -0.287 0.729192653678009 -0.286 0.743954763873009
line -0.286 0.743954763873009 -0.285 0.757526705147697
line -0.285 0.757526705147697 -0.284 0.769886765291227
line -0.284 0.769886765291227 -0.283 0.781015170844042
line -0.283 0.781015170844042 -0.282 0.790894118731191
line -0.282 0.790894118731191 -0.281 0.79950780474345
line -0.281 0.79950780474345 -0.28 0.806842448820687
line -0.28 0.806842448820687 -0.279 0.812886317097022
line -0.279 0.812886317097022 -0.278 0.8176297406725
line -0.278 0.8176297406725 -0.277 0.821065131081277
line -0.277 0.821065131081277 -0.276 0.823186992431544
line -0.276 0.823186992431544 -0.275 0.82399193019778
line -0.275 0.82399193019778 -0.274 0.823478656651269
line -0.196 -0.823919461043531 -0.195 -0.822799716588674
line -0.195 -0.822799716588674 -0.194 -0.820363668108519
line -0.194 -0.820363668108519 -0.193 -0.816615212760973
line -0.193 -0.816615212760973 -0.192 -0.811560347274964
line -0.192 -0.811560347274964 -0.191 -0.805207158356955
line -0.191 -0.805207158356955 -0.19 -0.797565809753942
line -0.19 -0.797565809753942 -0.189 -0.78864852599362
line -0.189 -0.78864852599362 -0.188 -0.778469572827755
line -0.188 -0.778469572827755 -0.187 -0.767045234410017
line -0.187 -0.767045234410017 -0.186 -0.754393787244813
line -0.186 -0.754393787244813 -0.185 -0.740535470948775
line -0.185 -0.740535470948775 -0.184 -0.725492455871694
line -0.184 -0.725492455871694 -0.183 -0.709288807628688
line -0.183 -0.709288807628688 -0.182 -0.691950448600352
line -0.182 -0.691950448600352 -0.181 -0.673505116462479
line -0.181 -0.673505116462479 -0.18 -0.653982319811694
line -0.18 -0.653982319811694 -0.179 -0.633413290957998
line -0.179 -0.633413290957998 -0.178 -0.611830935959732
line -0.178 -0.611830935959732 -0.177 -0.589269781980902
line -0.177 -0.589269781980902 -0.176 -0.565765922055085
line -0.176 -0.565765922055085 -0.175 -0.541356957344272
line -0.175 -0.541356957344272 -0.174 -0.516081936985034
line -0.174 -0.516081936985034 -0.173 -0.489981295618228
line -0.173 -0.489981295618228 -0.172 -0.463096788702201
line -0.172 -0.463096788702201 -0.171 -0.435471425712964
line -0.171 -0.435471425712964 -0.17 -0.407149401338202
line -0.17 -0.407149401338202 -0.169 -0.378176024775205
line -0.169 -0.378176024775205 -0.168 -0.348597647245817
line -0.168 -0.348597647245817 -0.167 -0.318461587844368
line -0.167 -0.318461587844368 -0.166 -0.287816057837217
line -0.166 -0.287816057837217 -0.165 -0.256710083535011
line -0.165 -0.256710083535011 -0.164 -0.225193427861046
line -0.164 -0.225193427861046 -0.163 -0.193316510741205
line -0.163 -0.193316510741205 -0.162 -0.161130328442835
line -0.162 -0.161130328442835 -0.161 -0.128686371991593
line -0.161 -0.128686371991593 -0.16 -0.096036544796793
line -0.16 -0.096036544796793 -0.159 -0.0632330796170217
line -0.159 -0.0632330796170217 -0.158 -0.0303284549988675
line -0.158 -0.0303284549988675 -0.157 0.00262468867755961
line -0.157 0.00262468867755961 -0.156 0.0355736334120063
line -0.156 0.0355736334120063 -0.155 0.0684656679216309
line -0.155 0.0684656679216309 -0.154 0.101248171967811
line -0.154 0.101248171967811 -0.153 0.133868700537301
line -0.153 0.133868700537301 -0.152 0.166275067743064
line -0.152 0.166275067743064 -0.151 0.198415430310561
line -0.151 0.198415430310561 -0.15 0.230238370515928
line -0.15 0.230238370515928 -0.149 0.26169297844337
line -0.149 0.26169297844337 -0.148 0.29272893343016
line -0.148 0.29272893343016 -0.147 0.323296584568971
line -0.147 0.323296584568971 -0.146 0.353347030138731
line -0.146 0.353347030138731 -0.145 0.382832195836948
line -0.145 0.382832195836948 -0.144 0.41170491168834
line -0.144 0.41170491168834 -0.143 0.439918987506727
line -0.143 0.439918987506727 -0.142 0.467429286789482
line -0.142 0.467429286789482 -0.141 0.494191798926303
line -0.141 0.494191798926303 -0.14 0.520163709606804
line -0.14 0.520163709606804 -0.139 0.545303469314273
line -0.139 0.545303469314273 -0.138 0.569570859796043
line -0.138 0.569570859796043 -0.137 0.592927058404108
line -0.137 0.592927058404108 -0.136 0.615334700203087
line -0.136 0.615334700203087 -0.135 0.636757937746143
line -0.135 0.636757937746143 -0.134 0.657162498423253
line -0.134 0.657162498423253 -0.133 0.676515739290076
line -0.133 0.676515739290076 -0.132 0.694786699289695
line -0.132 0.694786699289695 -0.131 0.711946148783709
line -0.131 0.711946148783709 -0.13 0.727966636313413
line -0.13 0.727966636313413 -0.129 0.742822532516283
line -0.129 0.742822532516283 -0.128 0.756490071127482
line -0.128 0.756490071127482 -0.127 0.768947387000819
line -0.127 0.768947387000819 -0.126 0.780174551088314
line -0.126 0.780174551088314 -0.125 0.79015360232243
line -0.125 0.79015360232243 -0.124 0.798868576349942
line -0.124 0.798868576349942 -0.123 0.806305531071501
line -0.123 0.806305531071501 -0.122 0.812452568946019
line -0.122 0.812452568946019 -0.121 0.817299856024194
line -0.121 0.817299856024194 -0.12 0.820839637680734
line -0.12 0.820839637680734 -0.119 0.823066251020102
line -0.119 0.823066251020102 -0.118 0.82397613393594
line -0.118 0.82397613393594 -0.117 0.823567830809682
line -0.0389999999999995 -0.823951977469492 -0.0379999999999995 -0.82293715863588
line -0.0379999999999995 -0.82293715863588 -0.0369999999999995 -0.820605815899014
line -0.0369999999999995 -0.820605815899014 -0.0359999999999995 -0.816961678909948
line -0.0359999999999995 -0.816961678909948 -0.0349999999999995 -0.812010577510488
line -0.0349999999999995 -0.812010577510488 -0.0339999999999995 -0.805760432406697
line -0.0339999999999995 -0.805760432406697 -0.0329999999999995 -0.798221242497446
line -0.0329999999999995 -0.798221242497446 -0.0319999999999995 -0.789405068878316
line -0.0319999999999995 -0.789405068878316 -0.0309999999999995 -0.779326015546415
line -0.0309999999999995 -0.779326015546415 -0.0299999999999995 -0.768000206836988
line -0.0299999999999995 -0.768000206836988 -0.0289999999999995 -0.755445761627929
line -0.0289999999999995 -0.755445761627929 -0.0279999999999995 -0.741682764353433
line -0.0279999999999995 -0.741682764353433 -0.0269999999999995 -0.726733232873188
line -0.0269999999999995 -0.726733232873188 -0.0259999999999995 -0.710621083248502
line -0.0259999999999995 -0.710621083248502 -0.0249999999999995 -0.693372091481697
line -0.0249999999999995 -0.693372091481697 -0.0239999999999995 -0.675013852280013
line -0.0239999999999995 -0.675013852280013 -0.0229999999999995 -0.655575734909955
line -0.0229999999999995 -0.655575734909955 -0.0219999999999995 -0.635088836212739
line -0.0219999999999995 -0.635088836212739 -0.0209999999999995 -0.613585930855976
line -0.0209999999999995 -0.613585930855976 -0.0199999999999995 -0.591101418901194
line -0.0199999999999995 -0.591101418901194 -0.0189999999999995 -0.567671270771081
line -0.0189999999999995 -0.567671270771081 -0.0179999999999995 -0.543332969704481
line -0.0179999999999995 -0.543332969704481 -0.0169999999999995 -0.518125451791204
line -0.0169999999999995 -0.518125451791204 -0.0159999999999995 -0.492089043682597
line -0.0159999999999995 -0.492089043682597 -0.0149999999999995 -0.465265398077494
line -0.0149999999999995 -0.465265398077494 -0.0139999999999995 -0.437697427086793
line -0.0139999999999995 -0.437697427086793 -0.0129999999999995 -0.409429233583224
line -0.0129999999999995 -0.409429233583224 -0.0119999999999995 -0.380506040646166
line -0.0119999999999995 -0.380506040646166 -0.0109999999999995 -0.350974119214367
line -0.0109999999999995 -0.350974119214367 -0.00999999999999945 -0.320880714062311
line -0.00999999999999945 -0.320880714062311 -0.00899999999999945 -0.290273968218657
line -0.00899999999999945 -0.290273968218657 -0.00799999999999945 -0.259202845947664
line -0.00799999999999945 -0.259202845947664 -0.00699999999999945 -0.227717054416812
line -0.00699999999999945 -0.227717054416812 -0.00599999999999945 -0.195866964175941
line -0.00599999999999945 -0.195866964175941 -0.00499999999999945 -0.163703528575113
line -0.00499999999999945 -0.163703528575113 -0.00399999999999945 -0.131278202250121
line -0.00399999999999945 -0.131278202250121 -0.00299999999999945 -0.0986428588060516
line -0.00299999999999945 -0.0986428588060516 -0.00199999999999945 -0.0658497078305803
line -0.00199999999999945 -0.0658497078305803 -0.000999999999999452 -0.0329512113697685
line -0.000999999999999452 -0.0329512113697685 5.48172618408671e-16 1.80677695027498e-14
line 5.48172618408671e-16 1.80677695027498e-14 0.00100000000000055 0.0329512113698046
line 0.00100000000000055 0.0329512113698046 0.00200000000000055 0.0658497078306163
line 0.00200000000000055 0.0658497078306163 0.00300000000000055 0.0986428588060875
line 0.00300000000000055 0.0986428588060875 0.00400000000000055 0.131278202250157
line 0.00400000000000055 0.131278202250157 0.00500000000000055 0.163703528575148
line 0.00500000000000055 0.163703528575148 0.00600000000000055 0.195866964175976
line 0.00600000000000055 0.195866964175976 0.00700000000000055 0.227717054416847
line 0.00700000000000055 0.227717054416847 0.00800000000000055 0.259202845947698
line 0.00800000000000055 0.259202845947698 0.00900000000000055 0.290273968218691
line 0.00900000000000055 0.290273968218691 0.0100000000000006 0.320880714062345
line 0.0100000000000006 0.320880714062345 0.0110000000000006 0.3509741192144
line 0.0110000000000006 0.3509741192144 0.0120000000000006 0.380506040646198
line 0.0120000000000006 0.380506040646198 0.0130000000000006 0.409429233583255
line 0.0130000000000006 0.409429233583255 0.0140000000000006 0.437697427086823
line 0.0140000000000006 0.437697427086823 0.0150000000000006 0.465265398077524
line 0.0150000000000006 0.465265398077524 0.0160000000000006 0.492089043682626
line 0.0160000000000006 0.492089043682626 0.0170000000000006 0.518125451791232
line 0.0170000000000006 0.518125451791232 0.0180000000000006 0.543332969704508
line 0.0180000000000006 0.543332969704508 0.0190000000000006 0.567671270771108
line 0.0190000000000006 0.567671270771108 0.0200000000000006 0.59110141890122
line 0.0200000000000006 0.59110141890122 0.0210000000000006 0.613585930856
line 0.0210000000000006 0.613585930856 0.0220000000000006 0.635088836212763
line 0.0220000000000006 0.635088836212763 0.0230000000000006 0.655575734909977
line 0.0230000000000006 0.655575734909977 0.0240000000000006 0.675013852280033
line 0.0240000000000006 0.675013852280033 0.0250000000000006 0.693372091481717
line 0.0250000000000006 0.693372091481717 0.0260000000000006 0.71062108324852
line 0.0260000000000006 0.71062108324852 0.0270000000000006 0.726733232873206
line 0.0270000000000006 0.726733232873206 0.0280000000000006 0.741682764353448
line 0.0280000000000006 0.741682764353448 0.0290000000000006 0.755445761627944
line 0.0290000000000006 0.755445761627944 0.0300000000000006 0.768000206837001
line 0.0300000000000006 0.768000206837001 0.0310000000000006 0.779326015546426
line 0.0310000000000006 0.779326015546426 0.0320000000000006 0.789405068878327
line 0.0320000000000006 0.789405068878327 0.0330000000000006 0.798221242497455
line 0.0330000000000006 0.798221242497455 0.0340000000000006 0.805760432406705
line 0.0340000000000006 0.805760432406705 0.0350000000000006 0.812010577510495
line 0.0350000000000006 0.812010577510495 0.0360000000000006 0.816961678909952
line 0.0360000000000006 0.816961678909952 0.0370000000000006 0.820605815899017
line 0.0370000000000006 0.820605815899017 0.0380000000000006 0.822937158635881
line 0.0380000000000006 0.822937158635881 0.0390000000000006 0.823951977469492
line 0.0390000000000006 0.823951977469492 0.0400000000000006 0.8236486489062
line 0.118000000000001 -0.82397613393594 0.119000000000001 -0.8230662510201
line 0.119000000000001 -0.8230662510201 0.120000000000001 -0.820839637680731
line 0.120000000000001 -0.820839637680731 0.121000000000001 -0.817299856024189
line 0.121000000000001 -0.817299856024189 0.122000000000001 -0.812452568946013
line 0.122000000000001 -0.812452568946013 0.123000000000001 -0.806305531071494
line 0.123000000000001 -0.806305531071494 0.124000000000001 -0.798868576349933
line 0.124000000000001 -0.798868576349933 0.125000000000001 -0.79015360232242
line 0.125000000000001 -0.79015360232242 0.126000000000001 -0.780174551088303
line 0.126000000000001 -0.780174551088303 0.127000000000001 -0.768947387000806
line 0.127000000000001 -0.768947387000806 0.128000000000001 -0.756490071127468
line 0.128000000000001 -0.756490071127468 0.129000000000001 -0.742822532516267
line 0.129000000000001 -0.742822532516267 0.130000000000001 -0.727966636313396
line 0.130000000000001 -0.727966636313396 0.131000000000001 -0.711946148783691
line 0.131000000000001 -0.711946148783691 0.132000000000001 -0.694786699289676
line 0.132000000000001 -0.694786699289676 0.133000000000001 -0.676515739290055
line 0.133000000000001 -0.676515739290055 0.134000000000001 -0.657162498423231
line 0.134000000000001 -0.657162498423231 0.135000000000001 -0.63675793774612
line 0.135000000000001 -0.63675793774612 0.136000000000001 -0.615334700203063
line 0.136000000000001 -0.615334700203063 0.137000000000001 -0.592927058404083
line 0.137000000000001 -0.592927058404083 0.138000000000001 -0.569570859796017
line 0.138000000000001 -0.569570859796017 0.139000000000001 -0.545303469314247
line 0.139000000000001 -0.545303469314247 0.140000000000001 -0.520163709606776
line 0.140000000000001 -0.520163709606776 0.141000000000001 -0.494191798926275
line 0.141000000000001 -0.494191798926275 0.142000000000001 -0.467429286789452
line 0.142000000000001 -0.467429286789452 0.143000000000001 -0.439918987506696
line 0.143000000000001 -0.439918987506696 0.144000000000001 -0.411704911688309
line 0.144000000000001 -0.411704911688309 0.145000000000001 -0.382832195836917
line 0.145000000000001 -0.382832195836917 0.146000000000001 -0.353347030138698
line 0.146000000000001 -0.353347030138698 0.147000000000001 -0.323296584568938
line 0.147000000000001 -0.323296584568938 0.148000000000001 -0.292728933430127
line 0.148000000000001 -0.292728933430127 0.149000000000001 -0.261692978443336
line 0.149000000000001 -0.261692978443336 0.150000000000001 -0.230238370515894
line 0.150000000000001 -0.230238370515894 0.151000000000001 -0.198415430310526
line 0.151000000000001 -0.198415430310526 0.152000000000001 -0.166275067743029
line 0.152000000000001 -0.166275067743029 0.153000000000001 -0.133868700537265
line 0.153000000000001 -0.133868700537265 0.154000000000001 -0.101248171967775
line 0.154000000000001 -0.101248171967775 0.155000000000001 -0.0684656679215952
line 0.155000000000001 -0.0684656679215952 0.156000000000001 -0.0355736334119705
line 0.156000000000001 -0.0355736334119705 0.157000000000001 -0.00262468867752375
line 0.157000000000001 -0.00262468867752375 0.158000000000001 0.0303284549989033
line 0.158000000000001 0.0303284549989033 0.159000000000001 0.0632330796170575
line 0.159000000000001 0.0632330796170575 0.160000000000001 0.0960365447968286
line 0.160000000000001 0.0960365447968286 0.161000000000001 0.128686371991628
line 0.161000000000001 0.128686371991628 0.162000000000001 0.16113032844287
line 0.162000000000001 0.16113032844287 0.163000000000001 0.19331651074124
line 0.163000000000001 0.19331651074124 0.164000000000001 0.22519342786108
line 0.164000000000001 0.22519342786108 0.165000000000001 0.256710083535045
line 0.165000000000001 0.256710083535045 0.166000000000001 0.287816057837251
line 0.166000000000001 0.287816057837251 0.167000000000001 0.318461587844401
line 0.167000000000001 0.318461587844401 0.168000000000001 0.34859764724585
line 0.168000000000001 0.34859764724585 0.169000000000001 0.378176024775237
line 0.169000000000001 0.378176024775237 0.170000000000001 0.407149401338233
line 0.170000000000001 0.407149401338233 0.171000000000001 0.435471425712994
line 0.171000000000001 0.435471425712994 0.172000000000001 0.463096788702231
line 0.172000000000001 0.463096788702231 0.173000000000001 0.489981295618257
line 0.173000000000001 0.489981295618257 0.174000000000001 0.516081936985062
line 0.174000000000001 0.516081936985062 0.175000000000001 0.541356957344299
line 0.175000000000001 0.541356957344299 0.176000000000001 0.565765922055111
line 0.176000000000001 0.565765922055111 0.177000000000001 0.589269781980927
line 0.177000000000001 0.589269781980927 0.178000000000001 0.611830935959756
line 0.178000000000001 0.611830935959756 0.179000000000001 0.633413290958021
line 0.179000000000001 0.633413290958021 0.180000000000001 0.653982319811716
line 0.180000000000001 0.653982319811716 0.181000000000001 0.6735051164625
line 0.181000000000001 0.6735051164625 0.182000000000001 0.691950448600372
line 0.182000000000001 0.691950448600372 0.183000000000001 0.709288807628707
line 0.183000000000001 0.709288807628707 0.184000000000001 0.725492455871711
line 0.184000000000001 0.725492455871711 0.185000000000001 0.740535470948791
line 0.185000000000001 0.740535470948791 0.186000000000001 0.754393787244827
line 0.186000000000001 0.754393787244827 0.187000000000001 0.76704523441003
line 0.187000000000001 0.76704523441003 0.188000000000001 0.778469572827766
line 0.188000000000001 0.778469572827766 0.189000000000001 0.78864852599363
line 0.189000000000001 0.78864852599363 0.190000000000001 0.797565809753951
line 0.190000000000001 0.797565809753951 0.191000000000001 0.805207158356963
line 0.191000000000001 0.805207158356963 0.192000000000001 0.81156034727497
line 0.192000000000001 0.81156034727497 0.193000000000001 0.816615212760978
line 0.193000000000001 0.816615212760978 0.194000000000001 0.820363668108523
line 0.194000000000001 0.820363668108523 0.195000000000001 0.822799716588676
line 0.195000000000001 0.822799716588676 0.196000000000001 0.823919461043532
line 0.196000000000001 0.823919461043532 0.197000000000001 0.823721110120829
line 0.275000000000001 -0.82399193019778 0.276000000000001 -0.823186992431542
line 0.276000000000001 -0.823186992431542 0.277000000000001 -0.821065131081274
line 0.277000000000001 -0.821065131081274 0.278000000000001 -0.817629740672495
line 0.278000000000001 -0.817629740672495 0.279000000000001 -0.812886317097016
line 0.279000000000001 -0.812886317097016 0.280000000000001 -0.80684244882068
line 0.280000000000001 -0.80684244882068 0.281000000000001 -0.799507804743441
line 0.281000000000001 -0.799507804743441 0.282000000000001 -0.790894118731181
line 0.282000000000001 -0.790894118731181 0.283000000000001 -0.781015170844031
line 0.283000000000001 -0.781015170844031 0.284000000000001 -0.769886765291215
line 0.284000000000001 -0.769886765291215 0.285000000000001 -0.757526705147683
line 0.285000000000001 -0.757526705147683 0.286000000000001 -0.743954763872994
line 0.286000000000001 -0.743954763872994 0.287000000000001 -0.729192653677992
line 0.287000000000001 -0.729192653677992 0.288000000000001 -0.71326399078991
line 0.288000000000001 -0.71326399078991 0.289000000000001 -0.696194257671432
line 0.289000000000001 -0.696194257671432 0.290000000000001 -0.678010762254202
line 0.290000000000001 -0.678010762254202 0.291000000000001 -0.658742594251946
line 0.291000000000001 -0.658742594251946 0.292000000000001 -0.638420578623146
line 0.292000000000001 -0.638420578623146 0.293000000000001 -0.617077226257675
line 0.293000000000001 -0.617077226257675 0.294000000000001 -0.594746681966314
line 0.294000000000001 -0.594746681966314 0.295000000000001 -0.571464669856331
line 0.295000000000001 -0.571464669856331 0.296000000000001 -0.54726843618054
line 0.296000000000001 -0.54726843618054 0.297000000000001 -0.522196689751232
line 0.297000000000001 -0.522196689751232 0.298000000000001 -0.496289540014342
line 0.298000000000001 -0.496289540014342 0.299000000000001 -0.469588432882884
line 0.299000000000001 -0.469588432882884 0.300000000000001 -0.442136084432337
line 0.300000000000001 -0.442136084432337 0.301000000000001 -0.413976412564032
line 0.301000000000001 -0.413976412564032 0.302000000000001 -0.385154466745883
line 0.302000000000001 -0.385154466745883 0.303000000000001 -0.355716355942844
line 0.303000000000001 -0.355716355942844 0.304000000000001 -0.325709174852407
line 0.304000000000001 -0.325709174852407 0.305000000000001 -0.295180928563122
line 0.305000000000001 -0.295180928563122 0.306000000000001 -0.264180455756711
line 0.306000000000001 -0.264180455756711 0.307000000000001 -0.232757350576579
line 0.307000000000001 -0.232757350576579 0.308000000000001 -0.20096188328778
line 0.308000000000001 -0.20096188328778 0.309000000000001 -0.1688449198553
line 0.309000000000001 -0.1688449198553 0.310000000000001 -0.136457840569382
line 0.310000000000001 -0.136457840569382 0.311000000000001 -0.103852457848005
line 0.311000000000001 -0.103852457848005 0.312000000000001 -0.0710809333480825
line 0.312000000000001 -0.0710809333480825 0.313000000000001 -0.038195694517925
line 0.313000000000001 -0.038195694517925 0.314000000000001 -0.00524935072452048
line 0.314000000000001 -0.00524935072452048 0.315000000000001 0.027705390910243
line 0.315000000000001 0.027705390910243 0.316000000000001 0.0606158098297167
line 0.316000000000001 0.0606158098297167 0.317000000000001 0.0934292563841475
line 0.317000000000001 0.0934292563841475 0.318000000000001 0.126093236058874
line 0.318000000000001 0.126093236058874 0.319000000000001 0.158555493454363
line 0.319000000000001 0.158555493454363 0.320000000000001 0.190764095883692
line 0.320000000000001 0.190764095883692 0.321000000000001 0.222667516453779
line 0.321000000000001 0.222667516453779 0.322000000000001 0.254214716497408
line 0.322000000000001 0.254214716497408 0.323000000000001 0.285355227224223
line 0.323000000000001 0.285355227224223 0.324000000000001 0.316039230460014
line 0.324000000000001 0.316039230460014 0.325000000000001 0.346217638345176
line 0.325000000000001 0.346217638345176 0.326000000000001 0.375842171864809
line 0.326000000000001 0.375842171864809 0.327000000000001 0.404865438084846
line 0.327000000000001 0.404865438084846 0.328000000000001 0.433241005970634
line 0.328000000000001 0.433241005970634 0.329000000000001 0.460923480666688
line 0.329000000000001 0.460923480666688 0.330000000000001 0.487868576118773
line 0.330000000000001 0.487868576118773 0.331000000000001 0.514033185922148
line 0.331000000000001 0.514033185922148 0.332000000000001 0.539375452282611
line 0.332000000000001 0.539375452282611 0.333000000000001 0.563854832980049
line 0.333000000000001 0.563854832980049 0.334000000000001 0.587432166227334
line 0.334000000000001 0.587432166227334 0.335000000000001 0.610069733320835
line 0.335000000000001 0.610069733320835 0.336000000000001 0.631731318982291
line 0.336000000000001 0.631731318982291 0.337000000000001 0.652382269295536
line 0.337000000000001 0.652382269295536 0.338000000000001 0.671989547145369
line 0.338000000000001 0.671989547145369 0.339000000000001 0.690521785069895
line 0.339000000000001 0.690521785069895 0.340000000000001 0.707949335441766
line 0.340000000000001 0.707949335441766 0.341000000000001 0.724244317898068
line 0.341000000000001 0.724244317898068 0.342000000000001 0.739380663942947
line 0.342000000000001 0.739380663942947 0.343000000000001 0.753334158651647
line 0.343000000000001 0.753334158651647 0.344000000000001 0.76608247940922
line 0.344000000000001 0.76608247940922 0.345000000000001 0.777605231621951
line 0.345000000000001 0.777605231621951 0.346000000000001 0.787883981344356
line 0.346000000000001 0.787883981344356 0.347000000000001 0.796902284769562
line 0.347000000000001 0.796902284769562 0.348000000000001 0.804645714535891
line 0.348000000000001 0.804645714535891 0.349000000000001 0.81110188280756
line 0.349000000000001 0.81110188280756 0.350000000000001 0.816260461092577
line 0.350000000000001 0.816260461092577 0.351000000000001 0.820113196766124
line 0.351000000000001 0.820113196766124 0.352000000000001 0.822653926272996
line 0.352000000000001 0.822653926272996 0.353000000000001 0.823878584987976
line 0.353000000000001 0.823878584987976 0.354000000000001 0.823785213718366
line 0.432000000000001 -0.823999366094739 0.433000000000001 -0.823299381645142
line 0.433000000000001 -0.823299381645142 0.434000000000001 -0.821282293812748
line 0.434000000000001 -0.821282293812748 0.435000000000001 -0.817951329507798
line 0.435000000000001 -0.817951329507798 0.436000000000001 -0.813311817562613
line 0.436000000000001 -0.813311817562613 0.437000000000001 -0.807371180206596
line 0.437000000000001 -0.807371180206596 0.438000000000001 -0.800138921192247
line 0.438000000000001 -0.800138921192247 0.439000000000001 -0.791626610591191
line 0.439000000000001 -0.791626610591191 0.440000000000001 -0.781847866284525
line 0.440000000000001 -0.781847866284525 0.441000000000001 -0.77081833217712
line 0.441000000000001 -0.77081833217712 0.442000000000001 -0.758555653170707
line 0.442000000000001 -0.758555653170707 0.443000000000001 -0.745079446935796
line 0.443000000000001 -0.745079446935796 0.444000000000001 -0.730411272527591
line 0.444000000000001 -0.730411272527591 0.445000000000001 -0.714574595896105
line 0.445000000000001 -0.714574595896105 0.446000000000001 -0.697594752345635
line 0.446000000000001 -0.697594752345635 0.447000000000001 -0.679498906003689
line 0.447000000000001 -0.679498906003689 0.448000000000001 -0.660316006364172
line 0.448000000000001 -0.660316006364172 0.449000000000001 -0.640076741974375
line 0.449000000000001 -0.640076741974375 0.450000000000001 -0.618813491339842
line 0.450000000000001 -0.618813491339842 0.451000000000001 -0.596560271125669
line 0.451000000000001 -0.596560271125669 0.452000000000001 -0.573352681737098
line 0.452000000000001 -0.573352681737098 0.453000000000001 -0.549227850366464
line 0.453000000000001 -0.549227850366464 0.454000000000001 -0.524224371597603
line 0.454000000000001 -0.524224371597603 0.455000000000001 -0.498382245662755
line 0.455000000000001 -0.498382245662755 0.456000000000001 -0.471742814450719
line 0.456000000000001 -0.471742814450719 0.457000000000001 -0.444348695368664
line 0.457000000000001 -0.444348695368664 0.458000000000001 -0.416243713163352
line 0.458000000000001 -0.416243713163352 0.459000000000001 -0.387472829810902
line 0.459000000000001 -0.387472829810902 0.460000000000001 -0.358082072587214
line 0.460000000000001 -0.358082072587214 0.461000000000001 -0.328118460434157
line 0.461000000000001 -0.328118460434157 0.462000000000001 -0.297629928739277
line 0.462000000000001 -0.297629928739277 0.463000000000001 -0.266665252649412
line 0.463000000000001 -0.266665252649412 0.464000000000001 -0.23527396904086
line 0.464000000000001 -0.23527396904086 0.465000000000001 -0.203506297270947
line 0.465000000000001 -0.203506297270947 0.466000000000001 -0.171413058837763
line 0.466000000000001 -0.171413058837763 0.467000000000001 -0.139045596076607
line 0.467000000000001 -0.139045596076607 0.468000000000001 -0.106455690023204
line 0.468000000000001 -0.106455690023204 0.469000000000001 -0.0736954775751033
line 0.469000000000001 -0.0736954775751033 0.470000000000001 -0.0408173680837455
line 0.470000000000001 -0.0408173680837455 0.471000000000001 -0.00787395951069457
line 0.471000000000001 -0.00787395951069457 0.472000000000001 0.025082045717888
line 0.472000000000001 0.025082045717888 0.473000000000001 0.05799792502387
line 0.473000000000001 0.05799792502387 0.474000000000001 0.0908210200220446
line 0.474000000000001 0.0908210200220446 0.475000000000001 0.123498820762302
line 0.475000000000001 0.123498820762302 0.476000000000001 0.155979049734352
line 0.476000000000001 0.155979049734352 0.477000000000001 0.18820974550058
line 0.477000000000001 0.18820974550058 0.478000000000001 0.220139345823279
line 0.478000000000001 0.220139345823279 0.479000000000001 0.251716770153216
line 0.479000000000001 0.251716770153216 0.480000000000001 0.282891501347624
line 0.480000000000001 0.282891501347624 0.481000000000001 0.313613666486842
line 0.481000000000001 0.313613666486842 0.482000000000001 0.343834116660361
line 0.482000000000001 0.343834116660361 0.483000000000001 0.373504505594591
line 0.483000000000001 0.373504505594591 0.484000000000001 0.402577366996583
line 0.484000000000001 0.402577366996583 0.485000000000001 0.431006190489969
line 0.485000000000001 0.431006190489969 0.486000000000001 0.458745496021655
line 0.486000000000001 0.458745496021655 0.487000000000001 0.485750906620193
line 0.487000000000001 0.485750906620193 0.488000000000001 0.511979219389475
line 0.488000000000001 0.511979219389475 0.489000000000001 0.537388474624139
line 0.489000000000001 0.537388474624139 0.490000000000001 0.561938022936165
line 0.490000000000001 0.561938022936165 0.491000000000001 0.585588590285212
line 0.491000000000001 0.585588590285212 0.492000000000001 0.608302340808707
line 0.492000000000001 0.608302340808707 0.493000000000001 0.630042937351152
line 0.493000000000001 0.630042937351152 0.494000000000001 0.650775599595827
line 0.494000000000001 0.650775599595827 0.495000000000001 0.670467159705872
line 0.495000000000001 0.670467159705872 0.496000000000001 0.689086115385755
line 0.496000000000001 0.689086115385755 0.497000000000001 0.706602680278217
line 0.497000000000001 0.706602680278217 0.498000000000001 0.7229888316161
line 0.498000000000001 0.7229888316161 0.499000000000001 0.738218355052789
line 0.499000000000001 0.738218355052789 0.500000000000001 0.752266886599577
line 0.500000000000001 0.752266886599577 0.501000000000001 0.765111951602849
line 0.501000000000001 0.765111951602849 0.502000000000001 0.776733000698735
line 0.502000000000001 0.776733000698735 0.503000000000001 0.787111442687707
line 0.503000000000001 0.787111442687707 0.504000000000001 0.796230674276529
line 0.504000000000001 0.796230674276529 0.505000000000001 0.804076106639994
line 0.505000000000001 0.804076106639994 0.506000000000001 0.810635188759924
line 0.506000000000001 0.810635188759924 0.507000000000001 0.815897427504121
line 0.507000000000001 0.815897427504121 0.508000000000001 0.819854404413146
line 0.508000000000001 0.819854404413146 0.509000000000001 0.822499789168056
line 0.509000000000001 0.822499789168056 0.510000000000001 0.82382934971756
line 0.510000000000001 0.82382934971756 0.511000000000001 0.823840959048405
line 0.590000000000001 -0.82340341752058 0.591000000000001 -0.821491123671782
line 0.591000000000001 -0.821491123671782 0.592000000000001 -0.818264619267202
line 0.592000000000001 -0.818264619267202 0.593000000000001 -0.813729066025604
line 0.593000000000001 -0.813729066025604 0.594000000000001 -0.807891719864641
line 0.594000000000001 -0.807891719864641 0.595000000000001 -0.800761919292936
line 0.595000000000001 -0.800761919292936 0.596000000000001 -0.792351070470461
line 0.596000000000001 -0.792351070470461 0.597000000000001 -0.782672628961114
line 0.597000000000001 -0.782672628961114 0.598000000000001 -0.771742078206685
line 0.598000000000001 -0.771742078206685 0.599000000000001 -0.759576904756654
line 0.599000000000001 -0.759576904756654 0.600000000000001 -0.746196570293444
line 3.000000e-01 8.000000e-01 3.000000e-01 1.000000e+01
