Username
75.00
45.00
71.00
74.00
59.00
55.00
73.00
J
ralomran
33.00
67.00
100.00
100.00
77.00
55.00
23.00
daaniboy
88.00


60.00

89.00
49.00
607207504
93.00


47.00
90.00
86.00
94.00

86.00
96.00
89.00
33.00
62.00
64.00
43.00

98.00

99.00

92.00
68.00
60.00
65.00
85.00
87.00
92.00

53.00
19.00
acarropr

68.00

87.00
98.00
65.00
81.00
95.00

51.00
98.00
97.00
99.00
94.00
97.00
47.00
98.00
98.00
74.00
81.00
90.00
82.00
77.00
88.00
59.00

98.00
44.00
60.00

56.00
96.00
26.00
50.00

93.00


650110332
49.00
64.00

75.00
84.00
71.00
97.00
757850693
40.00

97.00
63.00
72.00

100.00
89.00
88.00
62.00

78.00
83.00

81.00
39.00
96.00

73.00

788203151
75.00
92.00
92.00
62.00
50.00
56.00
18.00
54.00
89.00
65.00
100.00
85.00
63.00
62.00
49.00

97.00
99.00
53.00
97.00
64.00

97.00
92.00
52.00
66.00
97.00
64.00

99.00
97.00
90.00
48.00
62.00

66.00
88.00
82.00
94.00
66.00
66.00
56.00
93.00
87.00
80.00

90.00
60.00
62.00
88.00
98.00
45.00
76.00
93.00
89.00
76.00
90.00
35.00
83.00
97.00
683183701
40.00
32.00

90.00

47.00
89.00
80.00
50.00
82.00
571054991

85.00
90.00

89.00
45.00
55.00
75.00


64.00
93.00

77.00
81.00
83.00
58.00
90.00
76.00
28.00

54.00
100.00
610805512
74.00
88.00
74.00
93.00
56.00
94.00

92.00
72.00
83.00
92.00
63.00
75.00
55.00
200722273
88.00
93.30
100.00
52.00
363020749

64.00
99.00
80.00
82.00
94.00
86.00
85.00
38.00
92.00
55.00
59.00
89.00
62.00
35.00

99.00
70.00
85.00
27.00
78.00

95.00
81.00
92.00

356378740
68.00
98.00
56.00
35.00
93.00
44.00
67.00

978413805
87.00
100.00


90.00
99.00
92.00
67.00
84.00
85.00
100.00
100.00
59.00

97.00
74.00
99.00

77.00
471671306
97.00
88.00
Evah
48.00
72.00
662448933
93.00
30.00
61.00
74.00
71.00
92.00
37.00

64.00
72.00
91.00
67.00
202194237
250155757
90.00
37.00
84.00

99.00
67.00
54.00
54.00

74.00
27.00
100.00
53.00
43.00
54.00
50.00
57.00
98.00
25.00
50.00
57.00
74.00
52.00

84.00
43.00
33.00
41.00


69.00
87.00
50.00
49.00
75.00

70.00
74.00
59.00
66.00
40.00

99.00

67.00
64.00
50.00
65.00
79.00
90.00
275983199
54.00
72.00

29.00
65.00
72.00
86.00
98.00
91.00
63.00
91.00
41.00
37.00
68.00
99.50
64.00
84.00
50.00
98.00
95.00
40.00
73.00
99.00
253855065

34.00
51.00
80.00

ztanruan

42.00
74.00
80.00

75.00
51.00
94.00
97.00
80.00
91.00
37.00
95.00
4.00
74.00
52.00
96.00
703394631
67.00
75.00
82.00
100.00
100.00
66.00
92.00

91.00
60.00
68.00
77.00
61.00
89.00
80.00
88.00
78.00
68.00
92.00
99.00
97.00
71.00

78.00
84.00
85.00
73.00
42.00

74.00
37.00
71.00
48.00
56.00
96.00
55.00

92.00

55.00
88.00
87.00
90.00


86.00
