line -8 -.5 8 -.5
line 8 -.5 8 .5
line 8 .5 -8 .5
line -8 .5 -8 -.5

#cm 1
line 0 0 -.31 -1
line 0 0 .3 -1
line -.3 -1 -.3 -5
line .3 -1 .3 -5
circ 0 0 0.1
circ 0 0 0.05

#cm 2

line -6 -.65 -7 -.65
line -6  .65 -7  .65
line -6 -.65 -6  .65
line -6 -.65 -6  .65
line -6.1 -.65 -6.1  .65
line -6.2 -.65 -6.2  .65
line -6.3 -.65 -6.3  .65
line -6.4 -.65 -6.4  .65
line -6.5 -.65 -6.5  .65
line -6.6 -.65 -6.6  .65
line -6.7 -.65 -6.7  .65
line -6.8 -.65 -6.8  .65
line -6.9 -.65 -6.9  .65
line -7 -.65 -7  .65

arrow -6.5 1 -7.5 1
arrow -6.5 1 -5.5 1
#cs 0.6
-8.3 1.5 "Movable 1kg mass"

#cm 3

line 8 0 8 -2
line 7.5 -2 8.5 -2
line 7.5 -3 8.5 -3
line 7.5 -2 7.5 -3
line 8.5 -2 8.5 -3

#cs 1
7.9 -2.5 "m"

