0.000000e+00 0
2.291833e-01 0.133279644586951
4.583666e-01 0.266557156702432
6.875499e-01 0.399830403909092
9.167332e-01 0.53309725383782
1.145917e+00 0.666355574221858
1.375100e+00 0.799603232930925
1.604283e+00 0.932838098005323
1.833466e+00 1.06605803769005
2.062650e+00 1.19926092046892
2.291833e+00 1.33244461509865
2.521016e+00 1.46560699064296
2.750200e+00 1.59874591650669
2.979383e+00 1.73185926246986
3.208566e+00 1.86494489872177
3.437750e+00 1.99800069589509
3.666933e+00 2.13102452509991
3.896116e+00 2.26401425795778
4.125300e+00 2.39696776663582
4.354483e+00 2.52988292388073
4.583666e+00 2.66275760305284
4.812850e+00 2.79558967816009
5.042033e+00 2.92837702389214
5.271216e+00 3.06111751565428
5.500399e+00 3.19380902960147
5.729583e+00 3.32644944267232
5.958766e+00 3.45903663262305
6.187949e+00 3.59156847806145
6.417133e+00 3.72404285848082
6.646316e+00 3.85645765429391
6.875499e+00 3.9888107468668
7.104683e+00 4.12110001855283
7.333866e+00 4.25332335272648
7.563049e+00 4.38547863381722
7.792233e+00 4.51756374734338
8.021416e+00 4.64957657994596
8.250599e+00 4.78151501942245
8.479783e+00 4.91337695476064
8.708966e+00 5.04516027617236
8.938149e+00 5.1768628751273
9.167332e+00 5.30848264438668
9.396516e+00 5.44001747803699
9.625699e+00 5.57146527152371
9.854882e+00 5.70282392168494
1.008407e+01 5.83409132678509
1.031325e+01 5.96526538654847
1.054243e+01 6.09634400219292
1.077162e+01 6.22732507646339
1.100080e+01 6.35820651366549
1.122998e+01 6.48898621969901
1.145917e+01 6.61966210209144
1.168835e+01 6.75023207003147
1.191753e+01 6.88069403440238
1.214672e+01 7.01104590781552
1.237590e+01 7.14128560464371
1.260508e+01 7.27141104105457
1.283427e+01 7.4014201350439
1.306345e+01 7.53131080646896
1.329263e+01 7.66108097708179
1.352182e+01 7.79072857056243
1.375100e+01 7.92025151255213
1.398018e+01 8.0496477306866
1.420937e+01 8.1789151546291
1.443855e+01 8.30805171610362
1.466773e+01 8.43705534892791
1.489692e+01 8.56592398904662
1.512610e+01 8.69465557456423
1.535528e+01 8.82324804577814
1.558447e+01 8.95169934521155
1.581365e+01 9.0800074176464
1.604283e+01 9.20817021015628
1.627202e+01 9.33618567213923
1.650120e+01 9.4640517553506
1.673038e+01 9.59176641393579
1.695957e+01 9.71932760446298
1.718875e+01 9.84673328595584
1.741793e+01 9.97398141992619
1.764711e+01 10.1010699704066
1.787630e+01 10.227996903983
1.810548e+01 10.3547601898271
1.833466e+01 10.4813577997291
1.856385e+01 10.6077877081298
1.879303e+01 10.7340478921536
1.902221e+01 10.86013633164
1.925140e+01 10.9860510091769
1.948058e+01 11.1117899101319
1.970976e+01 11.2373510226855
1.993895e+01 11.3627323378624
2.016813e+01 11.4879318495643
2.039731e+01 11.6129475546017
2.062650e+01 11.737777452726
2.085568e+01 11.8624195466614
2.108486e+01 11.9868718421372
2.131405e+01 12.1111323479192
2.154323e+01 12.235199075842
2.177241e+01 12.3590700408406
2.200160e+01 12.4827432609822
2.223078e+01 12.6062167574979
2.245996e+01 12.7294885548145
2.268915e+01 12.8525566805857
2.291833e+01 12.9754191657242
2.314751e+01 13.0980740444329
2.337670e+01 13.2205193542363
2.360588e+01 13.3427531360121
2.383506e+01 13.4647734340223
2.406425e+01 13.5865782959449
2.429343e+01 13.7081657729045
2.452261e+01 13.8295339195043
2.475180e+01 13.9506807938563
2.498098e+01 14.0716044576133
2.521016e+01 14.1923029759991
2.543935e+01 14.3127744178401
2.566853e+01 14.4330168555957
2.589771e+01 14.5530283653896
2.612690e+01 14.6728070270401
2.635608e+01 14.7923509240911
2.658526e+01 14.911658143843
2.681445e+01 15.0307267773826
2.704363e+01 15.1495549196145
2.727281e+01 15.2681406692909
2.750200e+01 15.3864821290422
2.773118e+01 15.5045774054078
2.796036e+01 15.6224246088656
2.818955e+01 15.7400218538629
2.841873e+01 15.8573672588464
2.864791e+01 15.9744589462921
2.887710e+01 16.0912950427353
2.910628e+01 16.2078736788012
2.933546e+01 16.324192989234
2.956465e+01 16.4402511129272
2.979383e+01 16.5560461929533
3.002301e+01 16.6715763765935
3.025220e+01 16.7868398153674
3.048138e+01 16.9018346650624
3.071056e+01 17.0165590857632
3.093975e+01 17.1310112418817
3.116893e+01 17.2451893021858
3.139811e+01 11.3763568466089
3.162730e+01 11.3484913636371
3.185648e+01 11.3204443050457
3.208566e+01 11.2922161195868
3.231485e+01 11.2638072589109
3.254403e+01 11.2352181775592
3.277321e+01 11.2064493329564
3.300240e+01 11.1775011854032
3.323158e+01 11.1483741980696
3.346076e+01 11.1190688369866
3.368995e+01 11.0895855710395
3.391913e+01 11.0599248719598
3.414831e+01 11.030087214318
3.437750e+01 11.0000730755162
3.460668e+01 10.9698829357798
3.483586e+01 10.9395172781505
3.506505e+01 10.9089765884781
3.529423e+01 10.878261355413
3.552341e+01 10.8473720703983
3.575260e+01 10.8163092276618
3.598178e+01 10.7850733242085
3.621096e+01 10.7536648598121
3.644015e+01 10.7220843370073
3.666933e+01 10.6903322610818
3.689851e+01 10.6584091400683
3.712770e+01 10.6263154847359
3.735688e+01 10.5940518085824
3.758606e+01 10.561618627826
3.781525e+01 10.5290164613969
3.804443e+01 10.496245830929
3.827361e+01 10.4633072607517
3.850280e+01 10.4302012778815
3.873198e+01 10.3969284120133
3.896116e+01 10.3634891955124
3.919035e+01 10.3298841634054
3.941953e+01 10.2961138533721
3.964871e+01 10.2621788057369
3.987790e+01 10.2280795634597
4.010708e+01 10.1938166721277
4.033626e+01 10.1593906799463
4.056545e+01 10.1248021377309
4.079463e+01 10.0900515988972
4.102381e+01 10.0551396194532
4.125300e+01 10.0200667579898
4.148218e+01 9.98483357567208
4.171136e+01 9.94944063623012
4.194055e+01 9.91388850595024
4.216973e+01 9.87817775366575
4.239891e+01 9.84230895074794
4.262810e+01 9.80628267109689
4.285728e+01 9.7700994911323
4.308646e+01 9.73375998978428
4.331565e+01 9.69726474848408
4.354483e+01 9.66061435115478
4.377401e+01 9.62380938420195
4.400320e+01 9.58685043650428
4.423238e+01 9.54973809940415
4.446156e+01 9.51247296669816
4.469075e+01 9.47505563462763
4.491993e+01 9.43748670186908
4.514911e+01 9.39976676952463
4.537830e+01 9.3618964411124
4.560748e+01 9.32387632255683
4.583666e+01 9.28570702217901
4.606585e+01 9.24738915068694
4.629503e+01 9.20892332116572
4.652421e+01 9.17031014906783
4.675340e+01 9.13155025220318
4.698258e+01 9.09264425072931
4.721176e+01 9.0535927671414
4.744095e+01 9.01439642626236
4.767013e+01 8.9750558552328
4.789931e+01 8.93557168350103
4.812850e+01 8.89594454281295
4.835768e+01 8.85617506720196
4.858686e+01 8.81626389297883
4.881605e+01 8.7762116587215
4.904523e+01 8.73601900526484
4.927441e+01 8.69568657569048
4.950360e+01 8.65521501531641
4.973278e+01 8.61460497168674
4.996196e+01 8.5738570945613
5.019115e+01 8.53297203590525
5.042033e+01 8.49195044987867
5.064951e+01 8.45079299282605
5.087870e+01 8.40950032326583
5.110788e+01 8.36807310187984
5.133706e+01 8.32651199150274
5.156625e+01 8.28481765711141
5.179543e+01 8.24299076581431
5.202461e+01 8.2010319868408
5.225380e+01 8.15894199153046
5.248298e+01 8.11672145332231
5.271216e+01 8.07437104774406
5.294134e+01 8.03189145240131
5.317053e+01 7.98928334696666
5.339971e+01 7.9465474131689
5.362889e+01 7.90368433478206
5.385808e+01 7.86069479761447
5.408726e+01 7.81757948949781
5.431644e+01 7.7743391002761
5.454563e+01 7.73097432179464
5.477481e+01 7.68748584788895
5.500399e+01 7.64387437437369
5.523318e+01 7.60014059903152
5.546236e+01 7.5562852216019
5.569154e+01 7.51230894376993
5.592073e+01 7.46821246915513
5.614991e+01 7.42399650330014
5.637909e+01 7.37966175365947
5.660828e+01 7.33520892958818
5.683746e+01 7.2906387423305
5.706664e+01 7.24595190500848
