0.000000e+00 0
5.729583e-02 0.0352799941200003
1.145917e-01 0.0705599529600094
1.718875e-01 0.105839841240071
2.291833e-01 0.141119623680301
2.864791e-01 0.176399265000919
3.437750e-01 0.211678729922286
4.010708e-01 0.246957983164941
4.583666e-01 0.282236989449634
5.156625e-01 0.31751571349736
5.729583e-01 0.3527941200294
6.302541e-01 0.388072173767349
6.875499e-01 0.423349839433157
7.448458e-01 0.45862708174916
8.021416e-01 0.49390386543812
8.594374e-01 0.529180155223255
9.167332e-01 0.56445591582828
9.740291e-01 0.599731111977435
1.031325e+00 0.635005708395529
1.088621e+00 0.670279669807967
1.145917e+00 0.705552960940791
1.203212e+00 0.740825546520714
1.260508e+00 0.776097391275151
1.317804e+00 0.811368459932261
1.375100e+00 0.84663871722098
1.432396e+00 0.881908127871052
1.489692e+00 0.917176656613069
1.546987e+00 0.952444268178506
1.604283e+00 0.987710927299754
1.661579e+00 1.02297659871016
1.718875e+00 1.05824124714405
1.776171e+00 1.09350483733678
1.833466e+00 1.12876733402476
1.890762e+00 1.16402870194551
1.948058e+00 1.19928890583765
2.005354e+00 1.23454791044098
2.062650e+00 1.26980568049651
2.119946e+00 1.30506218074646
2.177241e+00 1.34031737593434
2.234537e+00 1.37557123080495
2.291833e+00 1.41082371010445
2.349129e+00 1.44607477858036
2.406425e+00 1.48132440098161
2.463721e+00 1.51657254205858
2.521016e+00 1.55181916656314
2.578312e+00 1.58706423924865
2.635608e+00 1.62230772487007
2.692904e+00 1.65754958818389
2.750200e+00 1.69278979394826
2.807496e+00 1.72802830692298
2.864791e+00 1.76326509186953
2.922087e+00 1.79850011355114
2.979383e+00 1.83373333673279
3.036679e+00 1.86896472618125
3.093975e+00 1.90419424666515
3.151271e+00 1.93942186295495
3.208566e+00 1.97464753982305
3.265862e+00 2.00987124204378
3.323158e+00 2.04509293439344
3.380454e+00 2.08031258165033
3.437750e+00 2.11553014859481
3.495046e+00 2.15074560000932
3.552341e+00 2.1859589006784
3.609637e+00 2.22117001538877
3.666933e+00 2.25637890892931
3.724229e+00 2.29158554609113
3.781525e+00 2.3267898916676
3.838820e+00 2.36199191045436
3.896116e+00 2.39719156724941
3.953412e+00 2.4323888268531
4.010708e+00 2.46758365406816
4.068004e+00 2.50277601369977
4.125300e+00 2.53796587055558
4.182595e+00 2.57315318944572
4.239891e+00 2.6083379351829
4.297187e+00 2.64352007258235
4.354483e+00 2.67869956646195
4.411779e+00 2.71387638164221
4.469075e+00 2.74905048294632
4.526370e+00 2.78422183520017
4.583666e+00 2.81939040323241
4.640962e+00 2.85455615187449
4.698258e+00 2.88971904596066
4.755554e+00 2.92487905032802
4.812850e+00 2.96003612981657
4.870145e+00 2.99519024926924
4.927441e+00 3.03034137353191
4.984737e+00 3.06548946745346
5.042033e+00 3.1006344958858
5.099329e+00 3.13577642368389
5.156625e+00 3.17091521570583
5.213920e+00 3.20605083681282
5.271216e+00 3.24118325186923
5.328512e+00 3.27631242574267
5.385808e+00 3.31143832330395
5.443104e+00 3.34656090942718
5.500399e+00 3.38168014898979
5.557695e+00 3.41679600687252
5.614991e+00 3.45190844795954
5.672287e+00 3.48701743713839
5.729583e+00 3.5221229393001
5.786879e+00 3.55722491933916
5.844174e+00 3.5923233421536
5.901470e+00 3.627418172645
5.958766e+00 3.66250937571852
6.016062e+00 3.69759691628298
6.073358e+00 3.73268075925082
6.130654e+00 3.76776086953822
6.187949e+00 3.80283721206507
6.245245e+00 3.83790975175501
6.302541e+00 3.87297845353553
6.359837e+00 3.90804328233792
6.417133e+00 3.94310420309734
6.474429e+00 3.9781611807529
6.531724e+00 4.0132141802476
6.589020e+00 4.04826316652846
6.646316e+00 4.08330810454649
6.703612e+00 4.11834895925676
6.760908e+00 4.15338569561841
6.818204e+00 4.18841827859471
6.875499e+00 4.22344667315308
6.932795e+00 4.25847084426513
6.990091e+00 4.29349075690669
7.047387e+00 4.32850637605785
7.104683e+00 4.36351766670299
7.161978e+00 4.39852459383084
7.219274e+00 4.43352712243445
7.276570e+00 4.46852521751131
7.333866e+00 4.50351884406333
7.391162e+00 4.53850796709688
7.448458e+00 4.57349255162284
7.505753e+00 4.60847256265663
7.563049e+00 4.64344796521824
7.620345e+00 4.67841872433227
7.677641e+00 4.71338480502797
7.734937e+00 4.74834617233925
7.792233e+00 4.78330279130476
7.849528e+00 4.81825462696788
7.906824e+00 4.85320164437677
7.964120e+00 4.88814380858442
8.021416e+00 4.92308108464867
8.078712e+00 4.95801343763224
8.136008e+00 4.99294083260279
8.193303e+00 5.02786323463293
8.250599e+00 5.06278060880024
8.307895e+00 5.09769292018738
8.365191e+00 5.13260013388201
8.422487e+00 5.16750221497694
8.479783e+00 5.20239912857009
8.537078e+00 5.23729083976454
8.594374e+00 5.27217731366858
8.651670e+00 5.30705851539576
8.708966e+00 5.34193441006486
8.766262e+00 5.37680496279999
8.823557e+00 5.41167013873061
8.880853e+00 5.44652990299154
8.938149e+00 5.48138422072303
8.995445e+00 5.51623305707075
9.052741e+00 5.55107637718587
9.110037e+00 5.58591414622508
9.167332e+00 5.6207463293506
9.224628e+00 5.65557289173027
9.281924e+00 5.69039379853751
9.339220e+00 5.72520901495143
9.396516e+00 5.76001850615682
9.453812e+00 5.79482223734417
9.511107e+00 5.82962017370978
9.568403e+00 5.86441228045569
9.625699e+00 5.89919852278981
9.682995e+00 5.9339788659259
9.740291e+00 5.96875327508362
9.797587e+00 6.00352171548857
9.854882e+00 6.03828415237229
9.912178e+00 6.07304055097237
9.969474e+00 6.1077908765324
1.002677e+01 6.14253509430207
1.008407e+01 6.17727316953715
1.014136e+01 6.21200506749958
1.019866e+01 6.24673075345746
1.025595e+01 6.2814501926851
1.031325e+01 6.31616335046308
1.037054e+01 6.35087019207823
1.042784e+01 6.38557068282372
1.048514e+01 6.42026478799906
1.054243e+01 6.45495247291015
1.059973e+01 6.4896337028693
1.065702e+01 6.52430844319529
1.071432e+01 6.55897665921338
1.077162e+01 6.59363831625535
1.082891e+01 6.62829337965956
1.088621e+01 6.66294181477094
1.094350e+01 6.69758358694107
1.100080e+01 6.73221866152816
1.105809e+01 6.76684700389716
1.111539e+01 6.80146857941971
1.117269e+01 6.83608335347425
1.122998e+01 6.87069129144601
1.128728e+01 6.90529235872705
1.134457e+01 6.9398865207163
1.140187e+01 6.97447374281961
1.145917e+01 7.00905399044976
1.151646e+01 7.04362722902651
1.157376e+01 7.07819342397661
1.163105e+01 7.11275254073388
1.168835e+01 7.1473045447392
1.174564e+01 7.18184940144057
1.180294e+01 7.21638707629314
1.186024e+01 7.25091753475923
1.191753e+01 7.2854407423084
1.197483e+01 7.31995666441743
1.203212e+01 7.3544652665704
1.208942e+01 7.38896651425872
1.214672e+01 7.42346037298114
1.220401e+01 7.45794680824381
1.226131e+01 7.49242578556029
1.231860e+01 7.52689727045161
1.237590e+01 7.56136122844628
1.243319e+01 7.59581762508036
1.249049e+01 7.63026642589744
1.254779e+01 7.66470759644874
1.260508e+01 7.69914110229308
1.266238e+01 7.73356690899695
1.271967e+01 7.76798498213457
1.277697e+01 7.80239528728784
1.283427e+01 7.83679779004648
1.289156e+01 7.87119245600799
1.294886e+01 7.90557925077769
1.300615e+01 7.9399581399688
1.306345e+01 7.97432908920243
1.312074e+01 8.00869206410764
1.317804e+01 8.04304703032145
1.323534e+01 8.0773939534889
1.329263e+01 8.11173279926308
1.334993e+01 8.14606353330512
1.340722e+01 8.18038612128432
1.346452e+01 8.21470052887807
1.352182e+01 8.24900672177198
1.357911e+01 8.28330466565986
1.363641e+01 8.31759432624376
1.369370e+01 8.35187566923402
1.375100e+01 8.38614866034932
1.380829e+01 8.42041326531665
1.386559e+01 8.45466944987142
1.392289e+01 8.48891717975744
1.398018e+01 8.52315642072699
1.403748e+01 8.55738713854083
1.409477e+01 8.59160929896824
1.415207e+01 8.62582286778708
1.420937e+01 8.66002781078376
1.426666e+01 8.69422409375335
1.432396e+01 8.72841168249957
1.438125e+01 8.76259054283484
1.443855e+01 8.7967606405803
1.449584e+01 8.83092194156585
1.455314e+01 8.86507441163019
1.461044e+01 8.89921801662086
1.466773e+01 8.93335272239426
1.472503e+01 8.96747849481568
1.478232e+01 9.00159529975935
1.483962e+01 9.03570310310847
1.489692e+01 9.06980187075524
1.495421e+01 9.10389156860089
1.501151e+01 9.13797216255574
1.506880e+01 9.17204361853918
1.512610e+01 9.20610590247978
1.518339e+01 9.24015898031523
1.524069e+01 9.27420281799247
1.529799e+01 9.30823738146767
1.535528e+01 9.34226263670627
1.541258e+01 9.376278549683
1.546987e+01 9.41028508638197
1.552717e+01 9.44428221279663
1.558447e+01 9.47826989492987
1.564176e+01 9.51224809879401
1.569906e+01 9.54621679041084
1.575635e+01 9.58017593581167
1.581365e+01 9.61412550103736
1.587094e+01 9.64806545213836
1.592824e+01 9.68199575517471
1.598554e+01 9.71591637621611
1.604283e+01 9.74982728134194
1.610013e+01 9.7837284366413
1.615742e+01 9.81761980821305
1.621472e+01 9.8515013621658
1.627202e+01 9.88537306461801
1.632931e+01 9.91923488169798
1.638661e+01 9.9530867795439
1.644390e+01 9.98692872430386
1.650120e+01 10.0207606821359
1.655849e+01 10.0545826192082
1.661579e+01 10.0883945016986
1.667309e+01 10.1221962957954
1.673038e+01 10.1559879676967
1.678768e+01 10.1897694836109
1.684497e+01 10.2235408097565
1.690227e+01 10.2573019123621
1.695957e+01 10.2910527576667
1.701686e+01 10.3247933119193
1.707416e+01 10.3585235413796
1.713145e+01 10.3922434123171
1.718875e+01 10.4259528910121
1.724604e+01 10.459651943755
1.730334e+01 10.4933405368469
1.736064e+01 10.5270186365991
1.741793e+01 10.5606862093336
1.747523e+01 10.5943432213828
1.753252e+01 10.6279896390896
1.758982e+01 10.6616254288076
1.764711e+01 10.6952505569011
1.770441e+01 10.7288649897449
1.776171e+01 10.7624686937247
1.781900e+01 10.7960616352366
1.787630e+01 10.8296437806879
1.793359e+01 10.8632150964962
1.799089e+01 10.8967755490903
1.804819e+01 10.9303251049098
1.810548e+01 10.9638637304051
1.816278e+01 10.9973913920376
1.822007e+01 11.0309080562797
1.827737e+01 11.0644136896145
1.833466e+01 11.0979082585366
1.839196e+01 11.1313917295514
1.844926e+01 11.1648640691754
1.850655e+01 11.1983252439362
1.856385e+01 11.2317752203728
1.862114e+01 11.265213965035
1.867844e+01 11.2986414444842
1.873574e+01 11.3320576252929
1.879303e+01 11.365462474045
1.885033e+01 11.3988559573355
1.890762e+01 11.432238041771
1.896492e+01 11.4656086939694
1.902221e+01 11.49896788056
1.907951e+01 11.5323155681838
1.913681e+01 11.5656517234929
1.919410e+01 11.5989763131513
1.925140e+01 11.6322893038343
1.930869e+01 11.665590662229
1.936599e+01 11.6988803550341
1.942329e+01 11.7321583489597
1.948058e+01 11.7654246107279
1.953788e+01 11.7986791070726
1.959517e+01 11.8319218047391
1.965247e+01 11.8651526704848
1.970976e+01 11.8983716710788
1.976706e+01 11.9315787733021
1.982436e+01 11.9647739439476
1.988165e+01 11.9979571498202
1.993895e+01 12.0311283577367
1.999624e+01 12.0642875345258
2.005354e+01 12.0974346470283
2.011084e+01 12.1305696620973
2.016813e+01 12.1636925465975
2.022543e+01 12.1968032674063
2.028272e+01 12.2299017914128
2.034002e+01 12.2629880855185
2.039731e+01 12.2960621166371
2.045461e+01 12.3291238516947
2.051191e+01 12.3621732576294
2.056920e+01 12.3952103013919
2.062650e+01 12.4282349499452
2.068379e+01 12.4612471702645
2.074109e+01 12.4942469293377
2.079839e+01 12.527234194165
2.085568e+01 12.5602089317592
2.091298e+01 12.5931711091454
2.097027e+01 12.6261206933617
2.102757e+01 12.6590576514582
2.108486e+01 12.6919819504982
2.114216e+01 12.7248935575573
2.119946e+01 12.7577924397239
2.125675e+01 12.7906785640991
2.131405e+01 12.8235518977968
2.137134e+01 12.8564124079437
2.142864e+01 12.8892600616792
2.148594e+01 12.9220948261558
2.154323e+01 12.9549166685386
2.160053e+01 12.9877255560058
2.165782e+01 13.0205214557485
2.171512e+01 13.0533043349709
2.177241e+01 13.08607416089
2.182971e+01 13.1188309007361
2.188701e+01 13.1515745217523
2.194430e+01 13.1843049911952
2.200160e+01 13.2170222763341
2.205889e+01 13.2497263444519
2.211619e+01 13.2824171628444
2.217349e+01 13.3150946988208
2.223078e+01 13.3477589197037
2.228808e+01 13.3804097928288
2.234537e+01 13.4130472855451
2.240267e+01 13.4456713652154
2.245996e+01 13.4782819992153
2.251726e+01 13.5108791549344
2.257456e+01 13.5434627997755
2.263185e+01 13.5760329011549
2.268915e+01 13.6085894265025
2.274644e+01 13.6411323432619
2.280374e+01 13.67366161889
2.286104e+01 13.7061772208576
2.291833e+01 13.7386791166492
2.297563e+01 13.7711672737628
2.303292e+01 13.8036416597103
2.309022e+01 13.8361022420172
2.314751e+01 13.8685489882231
2.320481e+01 13.9009818658811
2.326211e+01 13.9334008425585
2.331940e+01 13.9658058858361
2.337670e+01 13.9981969633091
2.343399e+01 14.0305740425862
2.349129e+01 14.0629370912905
2.354859e+01 14.0952860770588
2.360588e+01 14.1276209675422
2.366318e+01 14.1599417304059
2.372047e+01 14.192248333329
2.377777e+01 14.2245407440049
2.383506e+01 14.2568189301413
2.389236e+01 14.28908285946
2.394966e+01 14.3213324996969
2.400695e+01 14.3535678186026
2.406425e+01 14.3857887839416
2.412154e+01 14.4179953634931
2.417884e+01 14.4501875250504
2.423614e+01 9.65114266521329
2.429343e+01 9.64679313079556
2.435073e+01 9.64243394958549
2.440802e+01 9.63806512594228
2.446532e+01 9.63368666423475
2.452261e+01 9.62929856884135
2.457991e+01 9.62490084415019
2.463721e+01 9.62049349455898
2.469450e+01 9.61607652447509
2.475180e+01 9.61164993831547
2.480909e+01 9.60721374050671
2.486639e+01 9.60276793548501
2.492369e+01 9.59831252769618
2.498098e+01 9.59384752159562
2.503828e+01 9.58937292164833
2.509557e+01 9.58488873232893
2.515287e+01 9.58039495812159
2.521016e+01 9.57589160352009
2.526746e+01 9.57137867302779
2.532476e+01 9.56685617115761
2.538205e+01 9.56232410243205
2.543935e+01 9.5577824713832
2.549664e+01 9.55323128255266
2.555394e+01 9.54867054049164
2.561124e+01 9.54410024976088
2.566853e+01 9.53952041493066
2.572583e+01 9.53493104058082
2.578312e+01 9.53033213130073
2.584042e+01 9.52572369168931
2.589771e+01 9.52110572635499
2.595501e+01 9.51647823991573
2.601231e+01 9.51184123699903
2.606960e+01 9.50719472224189
2.612690e+01 9.50253870029082
2.618419e+01 9.49787317580183
2.624149e+01 9.49319815344046
2.629879e+01 9.48851363788173
2.635608e+01 9.48381963381016
2.641338e+01 9.47911614591974
2.647067e+01 9.47440317891396
2.652797e+01 9.4696807375058
2.658526e+01 9.46494882641768
2.664256e+01 9.46020745038153
2.669986e+01 9.45545661413871
2.675715e+01 9.45069632244008
2.681445e+01 9.4459265800459
2.687174e+01 9.44114739172593
2.692904e+01 9.43635876225936
2.698633e+01 9.43156069643481
2.704363e+01 9.42675319905035
2.710093e+01 9.42193627491348
2.715822e+01 9.41710992884112
2.721552e+01 9.41227416565961
2.727281e+01 9.40742899020472
2.733011e+01 9.40257440732163
2.738741e+01 9.39771042186491
2.744470e+01 9.39283703869855
2.750200e+01 9.38795426269594
2.755929e+01 9.38306209873985
2.761659e+01 9.37816055172244
2.767388e+01 9.37324962654526
2.773118e+01 9.36832932811923
2.778848e+01 9.36339966136466
2.784577e+01 9.35846063121121
2.790307e+01 9.3535122425979
2.796036e+01 9.34855450047313
2.801766e+01 9.34358740979464
2.807496e+01 9.33861097552952
2.813225e+01 9.33362520265421
2.818955e+01 9.32863009615446
2.824684e+01 9.3236256610254
2.830414e+01 9.31861190227145
2.836143e+01 9.31358882490638
2.841873e+01 9.30855643395326
2.847603e+01 9.30351473444448
2.853332e+01 9.29846373142175
2.859062e+01 9.29340342993605
2.864791e+01 9.2883338350477
2.870521e+01 9.28325495182629
2.876251e+01 9.2781667853507
2.881980e+01 9.2730693407091
2.887710e+01 9.26796262299893
2.893439e+01 9.26284663732691
2.899169e+01 9.25772138880903
2.904898e+01 9.25258688257052
2.910628e+01 9.24744312374591
2.916358e+01 9.24229011747894
2.922087e+01 9.23712786892263
2.927817e+01 9.23195638323922
2.933546e+01 9.22677566560019
2.939276e+01 9.22158572118626
2.945006e+01 9.21638655518739
2.950735e+01 9.21117817280272
2.956465e+01 9.20596057924065
2.962194e+01 9.20073377971877
2.967924e+01 9.19549777946388
2.973653e+01 9.19025258371197
2.979383e+01 9.18499819770824
2.985113e+01 9.17973462670709
2.990842e+01 9.17446187597207
2.996572e+01 9.16917995077594
3.002301e+01 9.16388885640062
3.008031e+01 9.15858859813721
3.013761e+01 9.15327918128596
3.019490e+01 9.1479606111563
3.025220e+01 9.14263289306679
3.030949e+01 9.13729603234514
3.036679e+01 9.13195003432823
3.042408e+01 9.12659490436204
3.048138e+01 9.12123064780171
3.053868e+01 9.11585727001149
3.059597e+01 9.11047477636476
3.065327e+01 9.10508317224401
3.071056e+01 9.09968246304085
3.076786e+01 9.09427265415599
3.082516e+01 9.08885375099922
3.088245e+01 9.08342575898947
3.093975e+01 9.07798868355471
3.099704e+01 9.07254253013203
3.105434e+01 9.06708730416757
3.111163e+01 9.06162301111656
3.116893e+01 9.0561496564433
3.122623e+01 9.05066724562114
3.128352e+01 9.04517578413248
3.134082e+01 9.03967527746879
3.139811e+01 9.03416573113058
3.145541e+01 9.02864715062739
3.151271e+01 9.02311954147781
3.157000e+01 9.01758290920943
3.162730e+01 9.0120372593589
3.168459e+01 9.00648259747185
3.174189e+01 9.00091892910296
3.179918e+01 8.99534625981589
3.185648e+01 8.98976459518332
3.191378e+01 8.98417394078689
3.197107e+01 8.97857430221727
3.202837e+01 8.9729656850741
3.208566e+01 8.96734809496599
3.214296e+01 8.96172153751054
3.220026e+01 8.95608601833429
3.225755e+01 8.95044154307277
3.231485e+01 8.94478811737046
3.237214e+01 8.93912574688077
3.242944e+01 8.93345443726608
3.248673e+01 8.9277741941977
3.254403e+01 8.92208502335586
3.260133e+01 8.91638693042975
3.265862e+01 8.91067992111745
3.271592e+01 8.90496400112597
3.277321e+01 8.89923917617123
3.283051e+01 8.89350545197806
3.288781e+01 8.88776283428018
3.294510e+01 8.8820113288202
3.300240e+01 8.87625094134964
3.305969e+01 8.87048167762887
3.311699e+01 8.86470354342716
3.317428e+01 8.85891654452265
3.323158e+01 8.85312068670234
3.328888e+01 8.84731597576207
3.334617e+01 8.84150241750657
3.340347e+01 8.83568001774938
3.346076e+01 8.82984878231292
3.351806e+01 8.8240087170284
3.357536e+01 8.81815982773591
3.363265e+01 8.81230212028432
3.368995e+01 8.80643560053135
3.374724e+01 8.80056027434351
3.380454e+01 8.79467614759613
3.386183e+01 8.78878322617333
3.391913e+01 8.78288151596804
3.397643e+01 8.77697102288197
3.403372e+01 8.7710517528256
3.409102e+01 8.76512371171822
3.414831e+01 8.75918690548785
3.420561e+01 8.75324134007131
3.426291e+01 8.74728702141415
3.432020e+01 8.74132395547071
3.437750e+01 8.73535214820403
3.443479e+01 8.72937160558594
3.449209e+01 8.72338233359697
3.454938e+01 8.71738433822639
3.460668e+01 8.7113776254722
3.466398e+01 8.70536220134111
3.472127e+01 8.69933807184854
3.477857e+01 8.69330524301863
3.483586e+01 8.6872637208842
3.489316e+01 8.68121351148677
3.495046e+01 8.67515462087655
3.500775e+01 8.66908705511244
3.506505e+01 8.66301082026199
3.512234e+01 8.65692592240145
3.517964e+01 8.6508323676157
3.523693e+01 8.64473016199831
3.529423e+01 8.63861931165147
3.535153e+01 8.63249982268605
3.540882e+01 8.62637170122152
3.546612e+01 8.620234953386
3.552341e+01 8.61408958531626
3.558071e+01 8.60793560315764
3.563800e+01 8.60177301306414
3.569530e+01 8.59560182119834
3.575260e+01 8.58942203373144
3.580989e+01 8.58323365684322
3.586719e+01 8.57703669672206
3.592448e+01 8.57083115956492
3.598178e+01 8.56461705157733
3.603908e+01 8.55839437897341
3.609637e+01 8.55216314797581
3.615367e+01 8.54592336481578
3.621096e+01 8.5396750357331
3.626826e+01 8.5334181669761
3.632555e+01 8.52715276480164
3.638285e+01 8.52087883547513
3.644015e+01 8.51459638527049
3.649744e+01 8.50830542047017
3.655474e+01 8.50200594736515
3.661203e+01 8.49569797225488
3.666933e+01 8.48938150144735
3.672663e+01 8.48305654125903
3.678392e+01 8.47672309801487
3.684122e+01 8.47038117804832
3.689851e+01 8.4640307877013
3.695581e+01 8.45767193332419
3.701310e+01 8.45130462127586
3.707040e+01 8.44492885792361
3.712770e+01 8.43854464964321
3.718499e+01 8.43215200281885
3.724229e+01 8.4257509238432
3.729958e+01 8.41934141911733
3.735688e+01 8.41292349505074
3.741418e+01 8.40649715806136
3.747147e+01 8.40006241457552
3.752877e+01 8.39361927102796
3.758606e+01 8.38716773386183
3.764336e+01 8.38070780952867
3.770065e+01 8.3742395044884
3.775795e+01 8.36776282520932
3.781525e+01 8.36127777816811
3.787254e+01 8.35478436984982
3.792984e+01 8.34828260674786
3.798713e+01 8.34177249536398
3.804443e+01 8.33525404220831
3.810173e+01 8.32872725379929
3.815902e+01 8.3221921366637
3.821632e+01 8.31564869733668
3.827361e+01 8.30909694236165
3.833091e+01 8.30253687829037
3.838820e+01 8.29596851168291
3.844550e+01 8.28939184910762
3.850280e+01 8.28280689714118
3.856009e+01 8.27621366236852
3.861739e+01 8.2696121513829
3.867468e+01 8.26300237078581
3.873198e+01 8.25638432718705
3.878928e+01 8.24975802720464
3.884657e+01 8.24312347746489
3.890387e+01 8.23648068460235
3.896116e+01 8.22982965525982
3.901846e+01 8.22317039608831
3.907575e+01 8.2165029137471
3.913305e+01 8.20982721490365
3.919035e+01 8.20314330623368
3.924764e+01 8.19645119442108
3.930494e+01 8.18975088615797
3.936223e+01 8.18304238814465
3.941953e+01 8.17632570708963
3.947683e+01 8.16960084970959
3.953412e+01 8.16286782272937
3.959142e+01 8.15612663288202
3.964871e+01 8.14937728690871
3.970601e+01 8.14261979155879
3.976330e+01 8.13585415358976
3.982060e+01 8.12908037976725
3.987790e+01 8.12229847686504
3.993519e+01 8.11550845166503
3.999249e+01 8.10871031095725
4.004978e+01 8.10190406153983
4.010708e+01 8.09508971021902
4.016438e+01 8.08826726380918
4.022167e+01 8.08143672913275
4.027897e+01 8.07459811302026
4.033626e+01 8.06775142231034
4.039356e+01 8.06089666384966
4.045085e+01 8.05403384449299
4.050815e+01 8.04716297110315
4.056545e+01 8.040284050551
4.062274e+01 8.03339708971548
4.068004e+01 8.02650209548353
4.073733e+01 8.01959907475016
4.079463e+01 8.01268803441839
4.085193e+01 8.00576898139924
4.090922e+01 7.99884192261178
4.096652e+01 7.99190686498307
4.102381e+01 7.98496381544816
4.108111e+01 7.9780127809501
4.113840e+01 7.97105376843992
4.119570e+01 7.96408678487663
4.125300e+01 7.95711183722723
4.131029e+01 7.95012893246665
4.136759e+01 7.9431380775778
4.142488e+01 7.93613927955154
4.148218e+01 7.92913254538665
4.153948e+01 7.92211788208989
4.159677e+01 7.9150952966759
4.165407e+01 7.90806479616727
4.171136e+01 7.90102638759451
4.176866e+01 7.89398007799602
4.182595e+01 7.8869258744181
4.188325e+01 7.87986378391497
4.194055e+01 7.87279381354872
4.199784e+01 7.8657159703893
4.205514e+01 7.85863026151457
4.211243e+01 7.85153669401024
4.216973e+01 7.84443527496986
4.222703e+01 7.83732601149486
4.228432e+01 7.83020891069451
4.234162e+01 7.8230839796859
4.239891e+01 7.81595122559395
4.245621e+01 7.80881065555144
4.251350e+01 7.80166227669892
4.257080e+01 7.79450609618477
4.262810e+01 7.78734212116518
4.268539e+01 7.78017035880411
4.274269e+01 7.77299081627334
4.279998e+01 7.76580350075239
4.285728e+01 7.75860841942859
4.291458e+01 7.75140557949702
4.297187e+01 7.74419498816052
4.302917e+01 7.73697665262967
4.308646e+01 7.72975058012281
4.314376e+01 7.72251677786602
4.320105e+01 7.7152752530931
4.325835e+01 7.70802601304556
4.331565e+01 7.70076906497265
4.337294e+01 7.69350441613132
4.343024e+01 7.68623207378622
4.348753e+01 7.67895204520968
4.354483e+01 7.67166433768174
4.360213e+01 7.66436895849009
4.365942e+01 7.65706591493013
4.371672e+01 7.64975521430489
4.377401e+01 7.64243686392508
4.383131e+01 7.63511087110904
4.388860e+01 7.62777724318276
4.394590e+01 7.62043598747987
4.400320e+01 7.61308711134164
4.406049e+01 7.60573062211692
4.411779e+01 7.59836652716222
4.417508e+01 7.59099483384162
4.423238e+01 7.58361554952683
4.428967e+01 7.57622868159711
4.434697e+01 7.56883423743935
4.440427e+01 7.56143222444797
4.446156e+01 7.55402265002501
4.451886e+01 7.54660552158002
4.457615e+01 7.53918084653014
4.463345e+01 7.53174863230004
4.469075e+01 7.52430888632194
4.474804e+01 7.51686161603558
4.480534e+01 7.50940682888823
4.486263e+01 7.50194453233467
4.491993e+01 7.49447473383721
4.497722e+01 7.48699744086564
4.503452e+01 7.47951266089725
4.509182e+01 7.47202040141682
4.514911e+01 7.46452066991662
4.520641e+01 7.45701347389637
4.526370e+01 7.44949882086326
4.532100e+01 7.44197671833196
4.537830e+01 7.43444717382456
4.543559e+01 7.4269101948706
4.549289e+01 7.41936578900706
4.555018e+01 7.41181396377836
4.560748e+01 7.40425472673631
4.566477e+01 7.39668808544015
4.572207e+01 7.38911404745652
4.577937e+01 7.38153262035946
4.583666e+01 7.37394381173039
4.589396e+01 7.36634762915813
4.595125e+01 7.35874408023885
4.600855e+01 7.35113317257611
4.606585e+01 7.3435149137808
4.612314e+01 7.3358893114712
4.618044e+01 7.32825637327289
4.623773e+01 7.32061610681882
4.629503e+01 7.31296851974925
4.635232e+01 7.30531361971177
4.640962e+01 7.29765141436129
4.646692e+01 7.28998191135999
4.652421e+01 7.28230511837739
4.658151e+01 7.27462104309028
4.663880e+01 7.26692969318274
4.669610e+01 7.2592310763461
4.675340e+01 7.251525200279
4.681069e+01 7.2438120726873
4.686799e+01 7.23609170128413
4.692528e+01 7.22836409378986
4.698258e+01 7.2206292579321
4.703987e+01 7.21288720144568
4.709717e+01 7.20513793207266
4.715447e+01 7.19738145756232
4.721176e+01 7.18961778567111
4.726906e+01 7.18184692416272
4.732635e+01 7.174068880808
4.738365e+01 7.166283663385
4.744095e+01 7.15849127967893
4.749824e+01 7.15069173748218
4.755554e+01 7.14288504459429
4.761283e+01 7.13507120882194
4.767013e+01 7.12725023797899
4.772742e+01 7.11942213988639
4.778472e+01 7.11158692237224
4.784202e+01 7.10374459327177
4.789931e+01 7.09589516042729
4.795661e+01 7.08803863168824
4.801390e+01 7.08017501491115
4.807120e+01 7.07230431795964
4.812850e+01 7.0644265487044
4.818579e+01 7.0565417150232
4.824309e+01 7.04864982480087
4.830038e+01 7.04075088592931
4.835768e+01 7.03284490630744
4.841497e+01 7.02493189384126
4.847227e+01 7.01701185644376
4.852957e+01 7.009084802035
4.858686e+01 7.00115073854201
4.864416e+01 6.99320967389888
4.870145e+01 6.98526161604665
4.875875e+01 6.97730657293338
4.881605e+01 6.96934455251413
4.887334e+01 6.9613755627509
4.893064e+01 6.95339961161269
4.898793e+01 6.94541670707545
4.904523e+01 6.93742685712208
4.910252e+01 6.92943006974243
4.915982e+01 6.92142635293329
4.921712e+01 6.91341571469838
4.927441e+01 6.90539816304832
4.933171e+01 6.89737370600068
4.938900e+01 6.8893423515799
4.944630e+01 6.88130410781735
4.950360e+01 6.87325898275126
4.956089e+01 6.86520698442677
4.961819e+01 6.85714812089586
4.967548e+01 6.8490824002174
4.973278e+01 6.84100983045711
4.979007e+01 6.83293041968757
4.984737e+01 6.82484417598817
4.990467e+01 6.81675110744516
4.996196e+01 6.80865122215162
5.001926e+01 6.80054452820742
5.007655e+01 6.79243103371926
5.013385e+01 6.78431074680063
5.019115e+01 6.77618367557182
5.024844e+01 6.7680498281599
5.030574e+01 6.75990921269871
5.036303e+01 6.75176183732888
5.042033e+01 6.74360771019777
5.047762e+01 6.73544683945951
5.053492e+01 6.72727923327498
5.059222e+01 6.71910489981177
5.064951e+01 6.71092384724422
5.070681e+01 6.70273608375338
5.076410e+01 6.69454161752702
5.082140e+01 6.6863404567596
5.087870e+01 6.67813260965228
5.093599e+01 6.66991808441291
5.099329e+01 6.661696889256
5.105058e+01 6.65346903240277
5.110788e+01 6.64523452208105
5.116517e+01 6.63699336652537
5.122247e+01 6.62874557397687
5.127977e+01 6.62049115268335
5.133706e+01 6.61223011089924
5.139436e+01 6.60396245688556
5.145165e+01 6.59568819890997
5.150895e+01 6.58740734524674
5.156625e+01 6.57911990417671
5.162354e+01 6.57082588398732
5.168084e+01 6.5625252929726
5.173813e+01 6.55421813943313
5.179543e+01 6.54590443167607
5.185272e+01 6.53758417801512
5.191002e+01 6.52925738677054
5.196732e+01 6.52092406626911
5.202461e+01 6.51258422484416
5.208191e+01 6.50423787083553
5.213920e+01 6.49588501258958
5.219650e+01 6.48752565845915
5.225380e+01 6.4791598168036
5.231109e+01 6.47078749598878
5.236839e+01 6.46240870438699
5.242568e+01 6.45402345037705
5.248298e+01 6.44563174234419
5.254027e+01 6.43723358868012
5.259757e+01 6.42882899778301
5.265487e+01 6.42041797805743
5.271216e+01 6.4120005379144
5.276946e+01 6.40357668577138
5.282675e+01 6.3951464300522
5.288405e+01 6.38670977918713
5.294134e+01 6.3782667416128
5.299864e+01 6.36981732577227
5.305594e+01 6.36136154011495
5.311323e+01 6.35289939309661
5.317053e+01 6.34443089317941
5.322782e+01 6.33595604883184
5.328512e+01 6.32747486852876
5.334242e+01 6.31898736075133
5.339971e+01 6.31049353398707
5.345701e+01 6.3019933967298
5.351430e+01 6.29348695747966
5.357160e+01 6.28497422474309
5.362889e+01 6.27645520703281
5.368619e+01 6.26792991286785
5.374349e+01 6.2593983507735
5.380078e+01 6.25086052928132
5.385808e+01 6.24231645692914
5.391537e+01 6.23376614226101
5.397267e+01 6.22520959382727
5.402997e+01 6.21664682018445
5.408726e+01 6.20807782989532
5.414456e+01 6.19950263152889
5.420185e+01 6.19092123366033
5.425915e+01 6.18233364487107
5.431644e+01 6.17373987374867
5.437374e+01 6.16513992888691
5.443104e+01 6.15653381888574
5.448833e+01 6.14792155235126
5.454563e+01 6.13930313789574
5.460292e+01 6.13067858413759
5.466022e+01 6.12204789970137
5.471752e+01 6.11341109321777
5.477481e+01 6.10476817332358
5.483211e+01 6.09611914866172
5.488940e+01 6.08746402788122
5.494670e+01 6.07880281963721
5.500399e+01 6.07013553259087
5.506129e+01 6.06146217540952
5.511859e+01 6.05278275676649
5.517588e+01 6.04409728534121
5.523318e+01 6.03540576981915
5.529047e+01 6.02670821889182
5.534777e+01 6.01800464125678
5.540507e+01 6.00929504561759
5.546236e+01 6.00057944068386
5.551966e+01 5.99185783517119
5.557695e+01 5.98313023780118
5.563425e+01 5.97439665730144
5.569154e+01 5.96565710240553
5.574884e+01 5.95691158185302
5.580614e+01 5.94816010438943
5.586343e+01 5.93940267876622
5.592073e+01 5.93063931374083
5.597802e+01 5.92187001807663
5.603532e+01 5.9130948005429
5.609262e+01 5.90431366991485
5.614991e+01 5.89552663497364
5.620721e+01 5.88673370450628
5.626450e+01 5.8779348873057
5.632180e+01 5.86913019217073
5.637909e+01 5.86031962790605
5.643639e+01 5.85150320332224
5.649369e+01 5.8426809272357
5.655098e+01 5.83385280846873
5.660828e+01 5.82501885584944
5.666557e+01 5.81617907821177
5.672287e+01 5.80733348439552
5.678017e+01 5.79848208324626
5.683746e+01 5.7896248836154
5.689476e+01 5.78076189436014
5.695205e+01 5.77189312434347
5.700935e+01 5.76301858243415
5.706664e+01 5.75413827750673
5.712394e+01 5.74525221844152
5.718124e+01 5.73636041412456
5.723853e+01 5.72746287344767
