arc 0 0 1.2 2.298929e+02 270
line 0 0 -3.865306e+00 -4.589053e+00
circ -4.251837e+00 -5.047958e+00 0.6
circ -4.251837e+00 -5.047958e+00 0.4
stickfig -3.865306e+00 -4.589053e+00 -3.221088e+00 -3.824211e+00
-5.024898e+00 -5.965769e+00 "A"
#cm 2
line 0 0 0.000000e+00 -6.000000e+00
circ 0.000000e+00 -6.600000e+00 0.6
circ 0.000000e+00 -6.600000e+00 0.4
stickfig 0.000000e+00 -6.000000e+00 0.000000e+00 -5.000000e+00
0.000000e+00 -7.800000e+00 "B"
#cm 1
arc 0 0 1 270 3.272958e+02
line 0 0 5.048826e+00 -3.241814e+00
circ 5.553708e+00 -3.565995e+00 0.6
circ 5.553708e+00 -3.565995e+00 0.4
stickfig 5.048826e+00 -3.241814e+00 4.207355e+00 -2.701512e+00
6.563474e+00 -4.214358e+00 "C"
#cm 3
line -4.734550e+00 -4.598264e+00 -4.618126e+00 -4.715179e+00
line -4.498816e+00 -4.829147e+00 -4.376694e+00 -4.940096e+00
line -4.251837e+00 -5.047958e+00 -4.124322e+00 -5.152666e+00
line -3.994230e+00 -5.254153e+00 -3.861642e+00 -5.352357e+00
line -3.726640e+00 -5.447215e+00 -3.589310e+00 -5.538669e+00
line -3.449736e+00 -5.626662e+00 -3.308006e+00 -5.711138e+00
line -3.164209e+00 -5.792045e+00 -3.018434e+00 -5.869332e+00
line -2.870773e+00 -5.942951e+00 -2.721317e+00 -6.012856e+00
line -2.570161e+00 -6.079003e+00 -2.417399e+00 -6.141350e+00
line -2.263126e+00 -6.199860e+00 -2.107438e+00 -6.254495e+00
line -1.950433e+00 -6.305221e+00 -1.792210e+00 -6.352006e+00
line -1.632866e+00 -6.394822e+00 -1.472502e+00 -6.433641e+00
line -1.311218e+00 -6.468439e+00 -1.149114e+00 -6.499195e+00
line -9.862917e-01 -6.525889e+00 -8.228532e-01 -6.548505e+00
line -6.589005e-01 -6.567027e+00 -4.945361e-01 -6.581446e+00
line -3.298625e-01 -6.591752e+00 -1.649828e-01 -6.597938e+00
line 6.411538e-16 -6.600000e+00 1.649828e-01 -6.597938e+00
line 3.298625e-01 -6.591752e+00 4.945361e-01 -6.581446e+00
line 6.589005e-01 -6.567027e+00 8.228532e-01 -6.548505e+00
line 9.862917e-01 -6.525889e+00 1.149114e+00 -6.499195e+00
line 1.311218e+00 -6.468439e+00 1.472502e+00 -6.433641e+00
line 1.632866e+00 -6.394822e+00 1.792210e+00 -6.352006e+00
line 1.950433e+00 -6.305221e+00 2.107438e+00 -6.254495e+00
line 2.263126e+00 -6.199860e+00 2.417399e+00 -6.141350e+00
line 2.570161e+00 -6.079003e+00 2.721317e+00 -6.012856e+00
line 2.870773e+00 -5.942951e+00 3.018434e+00 -5.869332e+00
line 3.164209e+00 -5.792045e+00 3.308006e+00 -5.711138e+00
line 3.449736e+00 -5.626662e+00 3.589310e+00 -5.538669e+00
line 3.726640e+00 -5.447215e+00 3.861642e+00 -5.352357e+00
line 3.994230e+00 -5.254153e+00 4.124322e+00 -5.152666e+00
line 4.251837e+00 -5.047958e+00 4.376694e+00 -4.940096e+00
line 4.498816e+00 -4.829147e+00 4.618126e+00 -4.715179e+00
line 4.734550e+00 -4.598264e+00 4.848015e+00 -4.478476e+00
line 4.958451e+00 -4.355889e+00 5.065787e+00 -4.230579e+00
line 5.169958e+00 -4.102626e+00 5.270897e+00 -3.972108e+00
line 5.368542e+00 -3.839108e+00 5.462832e+00 -3.703709e+00
#cm 3
-0.6 -1.6 "\gh"
0.6 -1.3 "\gf"
