2.000000e-03 3.042000e-05
4.000000e-03 3.042312e-05
6.000000e-03 3.042286e-05
8.000000e-03 3.041923e-05
1.000000e-02 3.041223e-05
1.200000e-02 3.040186e-05
1.400000e-02 3.038814e-05
1.600000e-02 3.037108e-05
1.800000e-02 3.035069e-05
2.000000e-02 3.032700e-05
2.200000e-02 3.030001e-05
2.400000e-02 3.026977e-05
2.600000e-02 3.023629e-05
2.800000e-02 3.019961e-05
3.000000e-02 3.015976e-05
3.200000e-02 3.011678e-05
3.400000e-02 3.007069e-05
3.600000e-02 3.002155e-05
3.800000e-02 2.996940e-05
4.000000e-02 2.991428e-05
4.200000e-02 2.985623e-05
4.400000e-02 2.979531e-05
4.600000e-02 2.973158e-05
4.800000e-02 2.966507e-05
5.000000e-02 2.959585e-05
5.200000e-02 2.952397e-05
5.400000e-02 2.944949e-05
5.600000e-02 2.937247e-05
5.800000e-02 2.929297e-05
6.000000e-02 2.921105e-05
6.200000e-02 2.912677e-05
6.400000e-02 2.904020e-05
6.600000e-02 2.895140e-05
6.800000e-02 2.886043e-05
7.000000e-02 2.876736e-05
7.200000e-02 2.867225e-05
7.400000e-02 2.857518e-05
7.600000e-02 2.847620e-05
7.800000e-02 2.837539e-05
8.000000e-02 2.827280e-05
8.200000e-02 2.816851e-05
8.400000e-02 2.806258e-05
8.600000e-02 2.795507e-05
8.800000e-02 2.784606e-05
9.000000e-02 2.773560e-05
9.200000e-02 2.762376e-05
9.400000e-02 2.751061e-05
9.600000e-02 2.739620e-05
9.800000e-02 2.728060e-05
1.000000e-01 2.716386e-05
1.020000e-01 2.704606e-05
1.040000e-01 2.692725e-05
1.060000e-01 2.680749e-05
1.080000e-01 2.668684e-05
1.100000e-01 2.656535e-05
1.120000e-01 2.644308e-05
1.140000e-01 2.632009e-05
1.160000e-01 2.619642e-05
1.180000e-01 2.607214e-05
1.200000e-01 2.594728e-05
1.220000e-01 2.582191e-05
1.240000e-01 2.569607e-05
1.260000e-01 2.556981e-05
1.280000e-01 2.544317e-05
1.300000e-01 2.531621e-05
1.320000e-01 2.518896e-05
1.340000e-01 2.506147e-05
1.360000e-01 2.493378e-05
1.380000e-01 2.480593e-05
1.400000e-01 2.467796e-05
1.420000e-01 2.454991e-05
1.440000e-01 2.442181e-05
1.460000e-01 2.429371e-05
1.480000e-01 2.416563e-05
1.500000e-01 2.403761e-05
1.520000e-01 2.390968e-05
1.540000e-01 2.378187e-05
1.560000e-01 2.365421e-05
1.580000e-01 2.352674e-05
1.600000e-01 2.339947e-05
1.620000e-01 2.327244e-05
1.640000e-01 2.314567e-05
1.660000e-01 2.301919e-05
1.680000e-01 2.289302e-05
1.700000e-01 2.276718e-05
1.720000e-01 2.264169e-05
1.740000e-01 2.251658e-05
1.760000e-01 2.239187e-05
1.780000e-01 2.226757e-05
1.800000e-01 2.214370e-05
1.820000e-01 2.202028e-05
1.840000e-01 2.189733e-05
1.860000e-01 2.177486e-05
1.880000e-01 2.165289e-05
1.900000e-01 2.153142e-05
1.920000e-01 2.141049e-05
1.940000e-01 2.129008e-05
1.960000e-01 2.117023e-05
1.980000e-01 2.105094e-05
2.000000e-01 2.093222e-05
2.020000e-01 2.081408e-05
2.040000e-01 2.069653e-05
2.060000e-01 2.057958e-05
2.080000e-01 2.046324e-05
2.100000e-01 2.034751e-05
2.120000e-01 2.023241e-05
2.140000e-01 2.011793e-05
2.160000e-01 2.000409e-05
2.180000e-01 1.989089e-05
2.200000e-01 1.977834e-05
2.220000e-01 1.966644e-05
2.240000e-01 1.955519e-05
2.260000e-01 1.944460e-05
2.280000e-01 1.933467e-05
2.300000e-01 1.922541e-05
2.320000e-01 1.911682e-05
2.340000e-01 1.900889e-05
2.360000e-01 1.890164e-05
2.380000e-01 1.879507e-05
2.400000e-01 1.868917e-05
2.420000e-01 1.858394e-05
2.440000e-01 1.847940e-05
2.460000e-01 1.837553e-05
2.480000e-01 1.827234e-05
2.500000e-01 1.816983e-05
2.520000e-01 1.806799e-05
2.540000e-01 1.796684e-05
2.560000e-01 1.786636e-05
2.580000e-01 1.776656e-05
2.600000e-01 1.766743e-05
2.620000e-01 1.756898e-05
2.640000e-01 1.747120e-05
2.660000e-01 1.737409e-05
2.680000e-01 1.727764e-05
2.700000e-01 1.718187e-05
2.720000e-01 1.708676e-05
2.740000e-01 1.699231e-05
2.760000e-01 1.689853e-05
2.780000e-01 1.680540e-05
2.800000e-01 1.671292e-05
2.820000e-01 1.662110e-05
2.840000e-01 1.652993e-05
2.860000e-01 1.643940e-05
2.880000e-01 1.634952e-05
2.900000e-01 1.626027e-05
2.920000e-01 1.617167e-05
2.940000e-01 1.608369e-05
2.960000e-01 1.599635e-05
2.980000e-01 1.590964e-05
3.000000e-01 1.582355e-05
3.020000e-01 1.573807e-05
3.040000e-01 1.565322e-05
3.060000e-01 1.556897e-05
3.080000e-01 1.548534e-05
3.100000e-01 1.540231e-05
3.120000e-01 1.531988e-05
3.140000e-01 1.523805e-05
3.160000e-01 1.515681e-05
3.180000e-01 1.507616e-05
3.200000e-01 1.499610e-05
3.220000e-01 1.491662e-05
3.240000e-01 1.483771e-05
3.260000e-01 1.475938e-05
3.280000e-01 1.468162e-05
3.300000e-01 1.460443e-05
3.320000e-01 1.452779e-05
3.340000e-01 1.445172e-05
3.360000e-01 1.437619e-05
3.380000e-01 1.430122e-05
3.400000e-01 1.422679e-05
3.420000e-01 1.415290e-05
3.440000e-01 1.407955e-05
3.460000e-01 1.400674e-05
3.480000e-01 1.393445e-05
3.500000e-01 1.386268e-05
3.520000e-01 1.379144e-05
3.540000e-01 1.372071e-05
3.560000e-01 1.365050e-05
3.580000e-01 1.358079e-05
3.600000e-01 1.351159e-05
3.620000e-01 1.344289e-05
3.640000e-01 1.337469e-05
3.660000e-01 1.330698e-05
3.680000e-01 1.323975e-05
3.700000e-01 1.317301e-05
3.720000e-01 1.310676e-05
3.740000e-01 1.304098e-05
3.760000e-01 1.297567e-05
3.780000e-01 1.291083e-05
3.800000e-01 1.284646e-05
3.820000e-01 1.278254e-05
3.840000e-01 1.271909e-05
3.860000e-01 1.265609e-05
3.880000e-01 1.259354e-05
3.900000e-01 1.253143e-05
3.920000e-01 1.246977e-05
3.940000e-01 1.240854e-05
3.960000e-01 1.234775e-05
3.980000e-01 1.228740e-05
4.000000e-01 1.222747e-05
4.020000e-01 1.216796e-05
4.040000e-01 1.210888e-05
4.060000e-01 1.205021e-05
4.080000e-01 1.199196e-05
4.100000e-01 1.193411e-05
4.120000e-01 1.187667e-05
4.140000e-01 1.181964e-05
4.160000e-01 1.176300e-05
4.180000e-01 1.170676e-05
4.200000e-01 1.165092e-05
4.220000e-01 1.159546e-05
4.240000e-01 1.154039e-05
4.260000e-01 1.148570e-05
4.280000e-01 1.143140e-05
4.300000e-01 1.137747e-05
4.320000e-01 1.132391e-05
4.340000e-01 1.127072e-05
4.360000e-01 1.121790e-05
4.380000e-01 1.116544e-05
4.400000e-01 1.111335e-05
4.420000e-01 1.106161e-05
4.440000e-01 1.101022e-05
4.460000e-01 1.095919e-05
4.480000e-01 1.090851e-05
4.500000e-01 1.085817e-05
4.520000e-01 1.080817e-05
4.540000e-01 1.075851e-05
4.560000e-01 1.070920e-05
4.580000e-01 1.066021e-05
4.600000e-01 1.061155e-05
4.620000e-01 1.056323e-05
4.640000e-01 1.051523e-05
4.660000e-01 1.046755e-05
4.680000e-01 1.042019e-05
4.700000e-01 1.037315e-05
4.720000e-01 1.032642e-05
4.740000e-01 1.028001e-05
4.760000e-01 1.023390e-05
4.780000e-01 1.018811e-05
4.800000e-01 1.014261e-05
4.820000e-01 1.009742e-05
4.840000e-01 1.005253e-05
4.860000e-01 1.000793e-05
4.880000e-01 9.963626e-06
4.900000e-01 9.919614e-06
4.920000e-01 9.875891e-06
4.940000e-01 9.832455e-06
4.960000e-01 9.789304e-06
4.980000e-01 9.746434e-06
5.000000e-01 9.703844e-06
5.020000e-01 9.661531e-06
5.040000e-01 9.619492e-06
5.060000e-01 9.577727e-06
5.080000e-01 9.536232e-06
5.100000e-01 9.495005e-06
5.120000e-01 9.454043e-06
5.140000e-01 9.413346e-06
5.160000e-01 9.372910e-06
5.180000e-01 9.332734e-06
5.200000e-01 9.292814e-06
5.220000e-01 9.253150e-06
5.240000e-01 9.213739e-06
5.260000e-01 9.174579e-06
5.280000e-01 9.135667e-06
5.300000e-01 9.097003e-06
5.320000e-01 9.058583e-06
5.340000e-01 9.020407e-06
5.360000e-01 8.982471e-06
5.380000e-01 8.944774e-06
5.400000e-01 8.907314e-06
5.420000e-01 8.870090e-06
5.440000e-01 8.833098e-06
5.460000e-01 8.796338e-06
5.480000e-01 8.759807e-06
5.500000e-01 8.723504e-06
5.520000e-01 8.687427e-06
5.540000e-01 8.651573e-06
5.560000e-01 8.615942e-06
5.580000e-01 8.580531e-06
5.600000e-01 8.545339e-06
5.620000e-01 8.510364e-06
5.640000e-01 8.475604e-06
5.660000e-01 8.441058e-06
5.680000e-01 8.406723e-06
5.700000e-01 8.372599e-06
5.720000e-01 8.338683e-06
5.740000e-01 8.304974e-06
5.760000e-01 8.271470e-06
5.780000e-01 8.238170e-06
5.800000e-01 8.205072e-06
5.820000e-01 8.172174e-06
5.840000e-01 8.139476e-06
5.860000e-01 8.106974e-06
5.880000e-01 8.074669e-06
5.900000e-01 8.042558e-06
5.920000e-01 8.010639e-06
5.940000e-01 7.978912e-06
5.960000e-01 7.947375e-06
5.980000e-01 7.916027e-06
6.000000e-01 7.884865e-06
6.020000e-01 7.853889e-06
6.040000e-01 7.823097e-06
6.060000e-01 7.792488e-06
6.080000e-01 7.762060e-06
6.100000e-01 7.731812e-06
6.120000e-01 7.701743e-06
6.140000e-01 7.671851e-06
6.160000e-01 7.642135e-06
6.180000e-01 7.612593e-06
6.200000e-01 7.583225e-06
6.220000e-01 7.554029e-06
6.240000e-01 7.525004e-06
6.260000e-01 7.496148e-06
6.280000e-01 7.467460e-06
6.300000e-01 7.438939e-06
6.320000e-01 7.410584e-06
6.340000e-01 7.382394e-06
6.360000e-01 7.354366e-06
6.380000e-01 7.326501e-06
6.400000e-01 7.298797e-06
6.420000e-01 7.271252e-06
6.440000e-01 7.243866e-06
6.460000e-01 7.216637e-06
6.480000e-01 7.189565e-06
6.500000e-01 7.162648e-06
6.520000e-01 7.135884e-06
6.540000e-01 7.109274e-06
6.560000e-01 7.082815e-06
6.580000e-01 7.056507e-06
6.600000e-01 7.030349e-06
6.620000e-01 7.004339e-06
6.640000e-01 6.978477e-06
6.660000e-01 6.952761e-06
6.680000e-01 6.927190e-06
6.700000e-01 6.901764e-06
6.720000e-01 6.876481e-06
6.740000e-01 6.851340e-06
6.760000e-01 6.826341e-06
6.780000e-01 6.801482e-06
6.800000e-01 6.776763e-06
6.820000e-01 6.752181e-06
6.840000e-01 6.727738e-06
6.860000e-01 6.703430e-06
6.880000e-01 6.679258e-06
6.900000e-01 6.655221e-06
6.920000e-01 6.631317e-06
6.940000e-01 6.607546e-06
6.960000e-01 6.583907e-06
6.980000e-01 6.560398e-06
7.000000e-01 6.537020e-06
7.020000e-01 6.513771e-06
7.040000e-01 6.490650e-06
7.060000e-01 6.467656e-06
7.080000e-01 6.444788e-06
7.100000e-01 6.422047e-06
7.120000e-01 6.399430e-06
7.140000e-01 6.376937e-06
7.160000e-01 6.354567e-06
7.180000e-01 6.332319e-06
7.200000e-01 6.310193e-06
7.220000e-01 6.288188e-06
7.240000e-01 6.266302e-06
7.260000e-01 6.244535e-06
7.280000e-01 6.222887e-06
7.300000e-01 6.201356e-06
7.320000e-01 6.179941e-06
7.340000e-01 6.158643e-06
7.360000e-01 6.137460e-06
7.380000e-01 6.116391e-06
7.400000e-01 6.095436e-06
7.420000e-01 6.074594e-06
7.440000e-01 6.053864e-06
7.460000e-01 6.033245e-06
7.480000e-01 6.012737e-06
7.500000e-01 5.992339e-06
7.520000e-01 5.972051e-06
7.540000e-01 5.951871e-06
7.560000e-01 5.931799e-06
7.580000e-01 5.911834e-06
7.600000e-01 5.891976e-06
7.620000e-01 5.872223e-06
7.640000e-01 5.852576e-06
7.660000e-01 5.833033e-06
7.680000e-01 5.813595e-06
7.700000e-01 5.794259e-06
7.720000e-01 5.775026e-06
7.740000e-01 5.755895e-06
7.760000e-01 5.736865e-06
7.780000e-01 5.717935e-06
7.800000e-01 5.699106e-06
7.820000e-01 5.680376e-06
7.840000e-01 5.661745e-06
7.860000e-01 5.643212e-06
7.880000e-01 5.624777e-06
7.900000e-01 5.606438e-06
7.920000e-01 5.588196e-06
7.940000e-01 5.570050e-06
7.960000e-01 5.551999e-06
7.980000e-01 5.534042e-06
8.000000e-01 5.516180e-06
8.020000e-01 5.498411e-06
8.040000e-01 5.480735e-06
8.060000e-01 5.463151e-06
8.080000e-01 5.445659e-06
8.100000e-01 5.428258e-06
8.120000e-01 5.410948e-06
8.140000e-01 5.393728e-06
8.160000e-01 5.376598e-06
8.180000e-01 5.359557e-06
8.200000e-01 5.342604e-06
8.220000e-01 5.325740e-06
8.240000e-01 5.308963e-06
8.260000e-01 5.292272e-06
8.280000e-01 5.275669e-06
8.300000e-01 5.259151e-06
8.320000e-01 5.242719e-06
8.340000e-01 5.226372e-06
8.360000e-01 5.210109e-06
8.380000e-01 5.193930e-06
8.400000e-01 5.177835e-06
8.420000e-01 5.161823e-06
8.440000e-01 5.145893e-06
8.460000e-01 5.130046e-06
8.480000e-01 5.114280e-06
8.500000e-01 5.098595e-06
8.520000e-01 5.082991e-06
8.540000e-01 5.067467e-06
8.560000e-01 5.052023e-06
8.580000e-01 5.036658e-06
8.600000e-01 5.021372e-06
8.620000e-01 5.006165e-06
8.640000e-01 4.991036e-06
8.660000e-01 4.975984e-06
8.680000e-01 4.961009e-06
8.700000e-01 4.946111e-06
8.720000e-01 4.931289e-06
8.740000e-01 4.916543e-06
8.760000e-01 4.901873e-06
8.780000e-01 4.887277e-06
8.800000e-01 4.872757e-06
8.820000e-01 4.858310e-06
8.840000e-01 4.843937e-06
8.860000e-01 4.829638e-06
8.880000e-01 4.815411e-06
8.900000e-01 4.801257e-06
8.920000e-01 4.787176e-06
8.940000e-01 4.773166e-06
8.960000e-01 4.759228e-06
8.980000e-01 4.745360e-06
9.000000e-01 4.731564e-06
9.020000e-01 4.717838e-06
9.040000e-01 4.704181e-06
9.060000e-01 4.690595e-06
9.080000e-01 4.677077e-06
9.100000e-01 4.663628e-06
9.120000e-01 4.650248e-06
9.140000e-01 4.636936e-06
9.160000e-01 4.623691e-06
9.180000e-01 4.610514e-06
9.200000e-01 4.597404e-06
9.220000e-01 4.584361e-06
9.240000e-01 4.571384e-06
9.260000e-01 4.558473e-06
9.280000e-01 4.545628e-06
9.300000e-01 4.532848e-06
9.320000e-01 4.520134e-06
9.340000e-01 4.507484e-06
9.360000e-01 4.494898e-06
9.380000e-01 4.482376e-06
9.400000e-01 4.469918e-06
9.420000e-01 4.457523e-06
9.440000e-01 4.445192e-06
9.460000e-01 4.432923e-06
9.480000e-01 4.420717e-06
9.500000e-01 4.408572e-06
9.520000e-01 4.396490e-06
9.540000e-01 4.384469e-06
9.560000e-01 4.372509e-06
9.580000e-01 4.360610e-06
9.600000e-01 4.348772e-06
9.620000e-01 4.336994e-06
9.640000e-01 4.325276e-06
9.660000e-01 4.313618e-06
9.680000e-01 4.302020e-06
9.700000e-01 4.290480e-06
9.720000e-01 4.278999e-06
9.740000e-01 4.267577e-06
9.760000e-01 4.256214e-06
9.780000e-01 4.244908e-06
9.800000e-01 4.233660e-06
9.820000e-01 4.222469e-06
9.840000e-01 4.211336e-06
9.860000e-01 4.200260e-06
9.880000e-01 4.189240e-06
9.900000e-01 4.178277e-06
9.920000e-01 4.167369e-06
9.940000e-01 4.156518e-06
9.960000e-01 4.145722e-06
9.980000e-01 4.134982e-06
1.000000e+00 4.124297e-06
1.002000e+00 4.113666e-06
1.004000e+00 4.103091e-06
1.006000e+00 4.092569e-06
1.008000e+00 4.082102e-06
1.010000e+00 4.071688e-06
1.012000e+00 4.061328e-06
1.014000e+00 4.051022e-06
1.016000e+00 4.040768e-06
1.018000e+00 4.030568e-06
1.020000e+00 4.020420e-06
1.022000e+00 4.010324e-06
1.024000e+00 4.000281e-06
1.026000e+00 3.990290e-06
1.028000e+00 3.980350e-06
1.030000e+00 3.970462e-06
1.032000e+00 3.960625e-06
1.034000e+00 3.950839e-06
1.036000e+00 3.941104e-06
1.038000e+00 3.931420e-06
1.040000e+00 3.921786e-06
1.042000e+00 3.912202e-06
1.044000e+00 3.902668e-06
1.046000e+00 3.893184e-06
1.048000e+00 3.883749e-06
1.050000e+00 3.874364e-06
1.052000e+00 3.865027e-06
1.054000e+00 3.855740e-06
1.056000e+00 3.846501e-06
1.058000e+00 3.837311e-06
1.060000e+00 3.828169e-06
1.062000e+00 3.819075e-06
1.064000e+00 3.810029e-06
1.066000e+00 3.801030e-06
1.068000e+00 3.792079e-06
1.070000e+00 3.783176e-06
1.072000e+00 3.774319e-06
1.074000e+00 3.765509e-06
1.076000e+00 3.756746e-06
1.078000e+00 3.748030e-06
1.080000e+00 3.739360e-06
1.082000e+00 3.730736e-06
1.084000e+00 3.722157e-06
1.086000e+00 3.713625e-06
1.088000e+00 3.705138e-06
1.090000e+00 3.696697e-06
1.092000e+00 3.688301e-06
1.094000e+00 3.679949e-06
1.096000e+00 3.671643e-06
1.098000e+00 3.663382e-06
1.100000e+00 3.655164e-06
1.102000e+00 3.646992e-06
1.104000e+00 3.638863e-06
1.106000e+00 3.630778e-06
1.108000e+00 3.622737e-06
1.110000e+00 3.614740e-06
1.112000e+00 3.606787e-06
1.114000e+00 3.598876e-06
1.116000e+00 3.591009e-06
1.118000e+00 3.583185e-06
1.120000e+00 3.575403e-06
1.122000e+00 3.567664e-06
1.124000e+00 3.559968e-06
1.126000e+00 3.552314e-06
1.128000e+00 3.544703e-06
1.130000e+00 3.537133e-06
1.132000e+00 3.529605e-06
1.134000e+00 3.522119e-06
1.136000e+00 3.514674e-06
1.138000e+00 3.507271e-06
1.140000e+00 3.499909e-06
1.142000e+00 3.492589e-06
1.144000e+00 3.485309e-06
1.146000e+00 3.478070e-06
1.148000e+00 3.470871e-06
1.150000e+00 3.463714e-06
1.152000e+00 3.456596e-06
1.154000e+00 3.449519e-06
1.156000e+00 3.442482e-06
1.158000e+00 3.435485e-06
1.160000e+00 3.428528e-06
1.162000e+00 3.421610e-06
1.164000e+00 3.414732e-06
1.166000e+00 3.407894e-06
1.168000e+00 3.401094e-06
1.170000e+00 3.394334e-06
1.172000e+00 3.387613e-06
1.174000e+00 3.380930e-06
1.176000e+00 3.374287e-06
1.178000e+00 3.367682e-06
1.180000e+00 3.361115e-06
1.182000e+00 3.354587e-06
1.184000e+00 3.348097e-06
1.186000e+00 3.341645e-06
1.188000e+00 3.335231e-06
1.190000e+00 3.328855e-06
1.192000e+00 3.322517e-06
1.194000e+00 3.316216e-06
1.196000e+00 3.309953e-06
1.198000e+00 3.303727e-06
1.200000e+00 3.297539e-06
1.202000e+00 3.291387e-06
1.204000e+00 3.285273e-06
1.206000e+00 3.279195e-06
1.208000e+00 3.273154e-06
1.210000e+00 3.267150e-06
1.212000e+00 3.261182e-06
1.214000e+00 3.255251e-06
1.216000e+00 3.249356e-06
1.218000e+00 3.243497e-06
1.220000e+00 3.237675e-06
1.222000e+00 3.231888e-06
1.224000e+00 3.226137e-06
1.226000e+00 3.220422e-06
1.228000e+00 3.214743e-06
1.230000e+00 3.209099e-06
1.232000e+00 3.203491e-06
1.234000e+00 3.197918e-06
1.236000e+00 3.192380e-06
1.238000e+00 3.186877e-06
1.240000e+00 3.181410e-06
1.242000e+00 3.175977e-06
1.244000e+00 3.170579e-06
1.246000e+00 3.165216e-06
1.248000e+00 3.159887e-06
1.250000e+00 3.154593e-06
1.252000e+00 3.149333e-06
1.254000e+00 3.144108e-06
1.256000e+00 3.138917e-06
1.258000e+00 3.133760e-06
1.260000e+00 3.128637e-06
1.262000e+00 3.123548e-06
1.264000e+00 3.118493e-06
1.266000e+00 3.113472e-06
1.268000e+00 3.108485e-06
1.270000e+00 3.103530e-06
1.272000e+00 3.098610e-06
1.274000e+00 3.093723e-06
1.276000e+00 3.088869e-06
1.278000e+00 3.084048e-06
1.280000e+00 3.079261e-06
1.282000e+00 3.074506e-06
1.284000e+00 3.069785e-06
1.286000e+00 3.065096e-06
1.288000e+00 3.060441e-06
1.290000e+00 3.055818e-06
1.292000e+00 3.051227e-06
1.294000e+00 3.046669e-06
1.296000e+00 3.042144e-06
1.298000e+00 3.037651e-06
1.300000e+00 3.033190e-06
1.302000e+00 3.028762e-06
1.304000e+00 3.024365e-06
1.306000e+00 3.020001e-06
1.308000e+00 3.015669e-06
1.310000e+00 3.011368e-06
1.312000e+00 3.007100e-06
1.314000e+00 3.002863e-06
1.316000e+00 2.998658e-06
1.318000e+00 2.994484e-06
1.320000e+00 2.990342e-06
1.322000e+00 2.986232e-06
1.324000e+00 2.982153e-06
1.326000e+00 2.978105e-06
1.328000e+00 2.974089e-06
1.330000e+00 2.970103e-06
1.332000e+00 2.966149e-06
1.334000e+00 2.962226e-06
1.336000e+00 2.958334e-06
1.338000e+00 2.954472e-06
1.340000e+00 2.950642e-06
1.342000e+00 2.946842e-06
1.344000e+00 2.943073e-06
1.346000e+00 2.939335e-06
1.348000e+00 2.935627e-06
1.350000e+00 2.931950e-06
1.352000e+00 2.928303e-06
1.354000e+00 2.924686e-06
1.356000e+00 2.921100e-06
1.358000e+00 2.917544e-06
1.360000e+00 2.914019e-06
1.362000e+00 2.910523e-06
1.364000e+00 2.907058e-06
1.366000e+00 2.903622e-06
1.368000e+00 2.900217e-06
1.370000e+00 2.896841e-06
1.372000e+00 2.893495e-06
1.374000e+00 2.890179e-06
1.376000e+00 2.886893e-06
1.378000e+00 2.883637e-06
1.380000e+00 2.880410e-06
1.382000e+00 2.877212e-06
1.384000e+00 2.874044e-06
1.386000e+00 2.870906e-06
1.388000e+00 2.867797e-06
1.390000e+00 2.864717e-06
1.392000e+00 2.861667e-06
1.394000e+00 2.858646e-06
1.396000e+00 2.855654e-06
1.398000e+00 2.852691e-06
1.400000e+00 2.849757e-06
1.402000e+00 2.846852e-06
1.404000e+00 2.843977e-06
1.406000e+00 2.841130e-06
1.408000e+00 2.838312e-06
1.410000e+00 2.835523e-06
1.412000e+00 2.832763e-06
1.414000e+00 2.830031e-06
1.416000e+00 2.827329e-06
1.418000e+00 2.824655e-06
1.420000e+00 2.822009e-06
1.422000e+00 2.819392e-06
1.424000e+00 2.816804e-06
1.426000e+00 2.814244e-06
1.428000e+00 2.811712e-06
1.430000e+00 2.809209e-06
1.432000e+00 2.806735e-06
1.434000e+00 2.804288e-06
1.436000e+00 2.801870e-06
1.438000e+00 2.799480e-06
1.440000e+00 2.797119e-06
1.442000e+00 2.794785e-06
1.444000e+00 2.792480e-06
1.446000e+00 2.790203e-06
1.448000e+00 2.787953e-06
1.450000e+00 2.785732e-06
1.452000e+00 2.783539e-06
1.454000e+00 2.781373e-06
1.456000e+00 2.779236e-06
1.458000e+00 2.777126e-06
1.460000e+00 2.775045e-06
1.462000e+00 2.772991e-06
1.464000e+00 2.770964e-06
1.466000e+00 2.768966e-06
1.468000e+00 2.766995e-06
1.470000e+00 2.765052e-06
1.472000e+00 2.763136e-06
1.474000e+00 2.761248e-06
1.476000e+00 2.759388e-06
1.478000e+00 2.757555e-06
1.480000e+00 2.755750e-06
1.482000e+00 2.753972e-06
1.484000e+00 2.752222e-06
1.486000e+00 2.750499e-06
1.488000e+00 2.748803e-06
1.490000e+00 2.747135e-06
1.492000e+00 2.745494e-06
1.494000e+00 2.743880e-06
1.496000e+00 2.742294e-06
1.498000e+00 2.740735e-06
1.500000e+00 2.739203e-06
1.502000e+00 2.737698e-06
1.504000e+00 2.736221e-06
1.506000e+00 2.734771e-06
1.508000e+00 2.733347e-06
1.510000e+00 2.731951e-06
1.512000e+00 2.730582e-06
1.514000e+00 2.729240e-06
1.516000e+00 2.727926e-06
1.518000e+00 2.726638e-06
1.520000e+00 2.725377e-06
1.522000e+00 2.724143e-06
1.524000e+00 2.722936e-06
1.526000e+00 2.721756e-06
1.528000e+00 2.720603e-06
1.530000e+00 2.719477e-06
1.532000e+00 2.718377e-06
1.534000e+00 2.717305e-06
1.536000e+00 2.716259e-06
1.538000e+00 2.715241e-06
1.540000e+00 2.714249e-06
1.542000e+00 2.713284e-06
1.544000e+00 2.712345e-06
1.546000e+00 2.711434e-06
1.548000e+00 2.710549e-06
1.550000e+00 2.709691e-06
1.552000e+00 2.708859e-06
1.554000e+00 2.708055e-06
1.556000e+00 2.707277e-06
1.558000e+00 2.706525e-06
1.560000e+00 2.705801e-06
1.562000e+00 2.705103e-06
1.564000e+00 2.704431e-06
1.566000e+00 2.703787e-06
1.568000e+00 2.703169e-06
1.570000e+00 2.702577e-06
1.572000e+00 2.702012e-06
1.574000e+00 2.701474e-06
1.576000e+00 2.700962e-06
1.578000e+00 2.700477e-06
1.580000e+00 2.700019e-06
1.582000e+00 2.699587e-06
1.584000e+00 2.699182e-06
1.586000e+00 2.698803e-06
1.588000e+00 2.698450e-06
1.590000e+00 2.698125e-06
1.592000e+00 2.697825e-06
1.594000e+00 2.697553e-06
1.596000e+00 2.697307e-06
1.598000e+00 2.697087e-06
1.600000e+00 2.696894e-06
1.602000e+00 2.696727e-06
1.604000e+00 2.696587e-06
1.606000e+00 2.696474e-06
1.608000e+00 2.696387e-06
1.610000e+00 2.696326e-06
1.612000e+00 2.696292e-06
1.614000e+00 2.696285e-06
1.616000e+00 2.696304e-06
1.618000e+00 2.696349e-06
1.620000e+00 2.696421e-06
1.622000e+00 2.696520e-06
1.624000e+00 2.696645e-06
1.626000e+00 2.696796e-06
1.628000e+00 2.696974e-06
1.630000e+00 2.697179e-06
1.632000e+00 2.697410e-06
1.634000e+00 2.697667e-06
1.636000e+00 2.697951e-06
1.638000e+00 2.698262e-06
1.640000e+00 2.698599e-06
1.642000e+00 2.698963e-06
1.644000e+00 2.699353e-06
1.646000e+00 2.699770e-06
1.648000e+00 2.700214e-06
1.650000e+00 2.700684e-06
1.652000e+00 2.701180e-06
1.654000e+00 2.701703e-06
1.656000e+00 2.702253e-06
1.658000e+00 2.702829e-06
1.660000e+00 2.703432e-06
1.662000e+00 2.704062e-06
1.664000e+00 2.704718e-06
1.666000e+00 2.705401e-06
1.668000e+00 2.706110e-06
1.670000e+00 2.706846e-06
1.672000e+00 2.707609e-06
1.674000e+00 2.708399e-06
1.676000e+00 2.709215e-06
1.678000e+00 2.710058e-06
1.680000e+00 2.710928e-06
1.682000e+00 2.711824e-06
1.684000e+00 2.712747e-06
1.686000e+00 2.713697e-06
1.688000e+00 2.714674e-06
1.690000e+00 2.715677e-06
1.692000e+00 2.716708e-06
1.694000e+00 2.717765e-06
1.696000e+00 2.718849e-06
1.698000e+00 2.719960e-06
1.700000e+00 2.721098e-06
1.702000e+00 2.722262e-06
1.704000e+00 2.723454e-06
1.706000e+00 2.724673e-06
1.708000e+00 2.725918e-06
1.710000e+00 2.727191e-06
1.712000e+00 2.728490e-06
1.714000e+00 2.729817e-06
1.716000e+00 2.731170e-06
1.718000e+00 2.732551e-06
1.720000e+00 2.733959e-06
1.722000e+00 2.735394e-06
1.724000e+00 2.736856e-06
1.726000e+00 2.738345e-06
1.728000e+00 2.739861e-06
1.730000e+00 2.741405e-06
1.732000e+00 2.742976e-06
1.734000e+00 2.744574e-06
1.736000e+00 2.746199e-06
1.738000e+00 2.747852e-06
1.740000e+00 2.749532e-06
1.742000e+00 2.751239e-06
1.744000e+00 2.752974e-06
1.746000e+00 2.754737e-06
1.748000e+00 2.756526e-06
1.750000e+00 2.758343e-06
1.752000e+00 2.760188e-06
1.754000e+00 2.762060e-06
1.756000e+00 2.763960e-06
1.758000e+00 2.765888e-06
1.760000e+00 2.767843e-06
1.762000e+00 2.769826e-06
1.764000e+00 2.771836e-06
1.766000e+00 2.773874e-06
1.768000e+00 2.775940e-06
1.770000e+00 2.778034e-06
1.772000e+00 2.780156e-06
1.774000e+00 2.782305e-06
1.776000e+00 2.784483e-06
1.778000e+00 2.786688e-06
1.780000e+00 2.788921e-06
1.782000e+00 2.791183e-06
1.784000e+00 2.793472e-06
1.786000e+00 2.795790e-06
1.788000e+00 2.798135e-06
1.790000e+00 2.800509e-06
1.792000e+00 2.802911e-06
1.794000e+00 2.805341e-06
1.796000e+00 2.807800e-06
1.798000e+00 2.810287e-06
1.800000e+00 2.812802e-06
1.802000e+00 2.815346e-06
1.804000e+00 2.817918e-06
1.806000e+00 2.820519e-06
1.808000e+00 2.823148e-06
1.810000e+00 2.825806e-06
1.812000e+00 2.828492e-06
1.814000e+00 2.831208e-06
1.816000e+00 2.833951e-06
1.818000e+00 2.836724e-06
1.820000e+00 2.839526e-06
1.822000e+00 2.842356e-06
1.824000e+00 2.845215e-06
1.826000e+00 2.848103e-06
1.828000e+00 2.851021e-06
1.830000e+00 2.853967e-06
1.832000e+00 2.856942e-06
1.834000e+00 2.859947e-06
1.836000e+00 2.862981e-06
1.838000e+00 2.866044e-06
1.840000e+00 2.869136e-06
1.842000e+00 2.872258e-06
1.844000e+00 2.875409e-06
1.846000e+00 2.878590e-06
1.848000e+00 2.881800e-06
1.850000e+00 2.885039e-06
1.852000e+00 2.888309e-06
1.854000e+00 2.891608e-06
1.856000e+00 2.894937e-06
1.858000e+00 2.898295e-06
1.860000e+00 2.901684e-06
1.862000e+00 2.905102e-06
1.864000e+00 2.908551e-06
1.866000e+00 2.912029e-06
1.868000e+00 2.915538e-06
1.870000e+00 2.919076e-06
1.872000e+00 2.922645e-06
1.874000e+00 2.926245e-06
1.876000e+00 2.929874e-06
1.878000e+00 2.933534e-06
1.880000e+00 2.937225e-06
1.882000e+00 2.940946e-06
1.884000e+00 2.944697e-06
1.886000e+00 2.948479e-06
1.888000e+00 2.952292e-06
1.890000e+00 2.956136e-06
1.892000e+00 2.960011e-06
1.894000e+00 2.963916e-06
1.896000e+00 2.967853e-06
1.898000e+00 2.971821e-06
1.900000e+00 2.975819e-06
1.902000e+00 2.979849e-06
1.904000e+00 2.983911e-06
1.906000e+00 2.988003e-06
1.908000e+00 2.992127e-06
1.910000e+00 2.996283e-06
1.912000e+00 3.000470e-06
1.914000e+00 3.004689e-06
1.916000e+00 3.008939e-06
1.918000e+00 3.013222e-06
1.920000e+00 3.017536e-06
1.922000e+00 3.021882e-06
1.924000e+00 3.026260e-06
1.926000e+00 3.030670e-06
1.928000e+00 3.035113e-06
1.930000e+00 3.039587e-06
1.932000e+00 3.044094e-06
1.934000e+00 3.048634e-06
1.936000e+00 3.053206e-06
1.938000e+00 3.057810e-06
1.940000e+00 3.062447e-06
1.942000e+00 3.067117e-06
1.944000e+00 3.071820e-06
1.946000e+00 3.076556e-06
1.948000e+00 3.081325e-06
1.950000e+00 3.086126e-06
1.952000e+00 3.090961e-06
1.954000e+00 3.095829e-06
1.956000e+00 3.100731e-06
1.958000e+00 3.105666e-06
1.960000e+00 3.110635e-06
1.962000e+00 3.115637e-06
1.964000e+00 3.120673e-06
1.966000e+00 3.125742e-06
1.968000e+00 3.130846e-06
1.970000e+00 3.135983e-06
1.972000e+00 3.141155e-06
1.974000e+00 3.146361e-06
1.976000e+00 3.151601e-06
1.978000e+00 3.156875e-06
1.980000e+00 3.162184e-06
1.982000e+00 3.167528e-06
1.984000e+00 3.172906e-06
1.986000e+00 3.178319e-06
1.988000e+00 3.183767e-06
1.990000e+00 3.189250e-06
1.992000e+00 3.194767e-06
1.994000e+00 3.200320e-06
1.996000e+00 3.205909e-06
1.998000e+00 3.211532e-06
2.000000e+00 3.217192e-06
2.002000e+00 3.222886e-06
2.004000e+00 3.228617e-06
2.006000e+00 3.234383e-06
2.008000e+00 3.240185e-06
2.010000e+00 3.246023e-06
2.012000e+00 3.251898e-06
2.014000e+00 3.257808e-06
2.016000e+00 3.263755e-06
2.018000e+00 3.269739e-06
2.020000e+00 3.275759e-06
2.022000e+00 3.281815e-06
2.024000e+00 3.287909e-06
2.026000e+00 3.294039e-06
2.028000e+00 3.300207e-06
2.030000e+00 3.306412e-06
2.032000e+00 3.312654e-06
2.034000e+00 3.318933e-06
2.036000e+00 3.325250e-06
2.038000e+00 3.331605e-06
2.040000e+00 3.337997e-06
2.042000e+00 3.344427e-06
2.044000e+00 3.350895e-06
2.046000e+00 3.357402e-06
2.048000e+00 3.363947e-06
2.050000e+00 3.370530e-06
2.052000e+00 3.377151e-06
2.054000e+00 3.383812e-06
2.056000e+00 3.390511e-06
2.058000e+00 3.397249e-06
2.060000e+00 3.404026e-06
2.062000e+00 3.410842e-06
2.064000e+00 3.417698e-06
2.066000e+00 3.424593e-06
2.068000e+00 3.431528e-06
2.070000e+00 3.438502e-06
2.072000e+00 3.445517e-06
2.074000e+00 3.452571e-06
2.076000e+00 3.459665e-06
2.078000e+00 3.466800e-06
2.080000e+00 3.473975e-06
2.082000e+00 3.481191e-06
2.084000e+00 3.488448e-06
2.086000e+00 3.495745e-06
2.088000e+00 3.503084e-06
2.090000e+00 3.510464e-06
2.092000e+00 3.517885e-06
2.094000e+00 3.525347e-06
2.096000e+00 3.532851e-06
2.098000e+00 3.540397e-06
2.100000e+00 3.547985e-06
2.102000e+00 3.555615e-06
2.104000e+00 3.563287e-06
2.106000e+00 3.571002e-06
2.108000e+00 3.578759e-06
2.110000e+00 3.586559e-06
2.112000e+00 3.594402e-06
2.114000e+00 3.602287e-06
2.116000e+00 3.610216e-06
2.118000e+00 3.618189e-06
2.120000e+00 3.626205e-06
2.122000e+00 3.634265e-06
2.124000e+00 3.642368e-06
2.126000e+00 3.650516e-06
2.128000e+00 3.658708e-06
2.130000e+00 3.666944e-06
2.132000e+00 3.675225e-06
2.134000e+00 3.683551e-06
2.136000e+00 3.691921e-06
2.138000e+00 3.700337e-06
2.140000e+00 3.708798e-06
2.142000e+00 3.717305e-06
2.144000e+00 3.725857e-06
2.146000e+00 3.734455e-06
2.148000e+00 3.743099e-06
2.150000e+00 3.751789e-06
2.152000e+00 3.760525e-06
2.154000e+00 3.769308e-06
2.156000e+00 3.778138e-06
2.158000e+00 3.787015e-06
2.160000e+00 3.795939e-06
2.162000e+00 3.804911e-06
2.164000e+00 3.813930e-06
2.166000e+00 3.822997e-06
2.168000e+00 3.832111e-06
2.170000e+00 3.841274e-06
2.172000e+00 3.850485e-06
2.174000e+00 3.859745e-06
2.176000e+00 3.869054e-06
2.178000e+00 3.878411e-06
2.180000e+00 3.887818e-06
2.182000e+00 3.897274e-06
2.184000e+00 3.906780e-06
2.186000e+00 3.916335e-06
2.188000e+00 3.925941e-06
2.190000e+00 3.935596e-06
2.192000e+00 3.945303e-06
2.194000e+00 3.955060e-06
2.196000e+00 3.964867e-06
2.198000e+00 3.974726e-06
2.200000e+00 3.984637e-06
2.202000e+00 3.994599e-06
2.204000e+00 4.004612e-06
2.206000e+00 4.014678e-06
2.208000e+00 4.024796e-06
2.210000e+00 4.034967e-06
2.212000e+00 4.045190e-06
2.214000e+00 4.055467e-06
2.216000e+00 4.065796e-06
2.218000e+00 4.076179e-06
2.220000e+00 4.086616e-06
2.222000e+00 4.097107e-06
2.224000e+00 4.107651e-06
2.226000e+00 4.118251e-06
2.228000e+00 4.128905e-06
2.230000e+00 4.139614e-06
2.232000e+00 4.150378e-06
2.234000e+00 4.161198e-06
2.236000e+00 4.172073e-06
2.238000e+00 4.183005e-06
2.240000e+00 4.193992e-06
2.242000e+00 4.205036e-06
2.244000e+00 4.216137e-06
2.246000e+00 4.227295e-06
2.248000e+00 4.238511e-06
2.250000e+00 4.249784e-06
2.252000e+00 4.261114e-06
2.254000e+00 4.272503e-06
2.256000e+00 4.283951e-06
2.258000e+00 4.295457e-06
2.260000e+00 4.307022e-06
2.262000e+00 4.318646e-06
2.264000e+00 4.330330e-06
2.266000e+00 4.342074e-06
2.268000e+00 4.353878e-06
2.270000e+00 4.365742e-06
2.272000e+00 4.377667e-06
2.274000e+00 4.389653e-06
2.276000e+00 4.401701e-06
2.278000e+00 4.413810e-06
2.280000e+00 4.425981e-06
2.282000e+00 4.438214e-06
2.284000e+00 4.450510e-06
2.286000e+00 4.462869e-06
2.288000e+00 4.475291e-06
2.290000e+00 4.487776e-06
2.292000e+00 4.500326e-06
2.294000e+00 4.512939e-06
2.296000e+00 4.525617e-06
2.298000e+00 4.538360e-06
2.300000e+00 4.551168e-06
2.302000e+00 4.564042e-06
2.304000e+00 4.576981e-06
2.306000e+00 4.589986e-06
2.308000e+00 4.603058e-06
2.310000e+00 4.616197e-06
2.312000e+00 4.629403e-06
2.314000e+00 4.642677e-06
2.316000e+00 4.656018e-06
2.318000e+00 4.669428e-06
2.320000e+00 4.682907e-06
2.322000e+00 4.696454e-06
2.324000e+00 4.710071e-06
2.326000e+00 4.723757e-06
2.328000e+00 4.737514e-06
2.330000e+00 4.751341e-06
2.332000e+00 4.765239e-06
2.334000e+00 4.779208e-06
2.336000e+00 4.793249e-06
2.338000e+00 4.807362e-06
2.340000e+00 4.821547e-06
2.342000e+00 4.835805e-06
2.344000e+00 4.850136e-06
2.346000e+00 4.864540e-06
2.348000e+00 4.879019e-06
2.350000e+00 4.893572e-06
2.352000e+00 4.908200e-06
2.354000e+00 4.922903e-06
2.356000e+00 4.937681e-06
2.358000e+00 4.952536e-06
2.360000e+00 4.967467e-06
2.362000e+00 4.982475e-06
2.364000e+00 4.997560e-06
2.366000e+00 5.012723e-06
2.368000e+00 5.027965e-06
2.370000e+00 5.043285e-06
2.372000e+00 5.058684e-06
2.374000e+00 5.074162e-06
2.376000e+00 5.089721e-06
2.378000e+00 5.105359e-06
2.380000e+00 5.121079e-06
2.382000e+00 5.136880e-06
2.384000e+00 5.152763e-06
2.386000e+00 5.168728e-06
2.388000e+00 5.184776e-06
2.390000e+00 5.200908e-06
2.392000e+00 5.217123e-06
2.394000e+00 5.233422e-06
2.396000e+00 5.249806e-06
2.398000e+00 5.266275e-06
2.400000e+00 5.282829e-06
2.402000e+00 5.299470e-06
2.404000e+00 5.316198e-06
2.406000e+00 5.333013e-06
2.408000e+00 5.349915e-06
2.410000e+00 5.366906e-06
2.412000e+00 5.383986e-06
2.414000e+00 5.401155e-06
2.416000e+00 5.418413e-06
2.418000e+00 5.435763e-06
2.420000e+00 5.453203e-06
2.422000e+00 5.470734e-06
2.424000e+00 5.488358e-06
2.426000e+00 5.506074e-06
2.428000e+00 5.523883e-06
2.430000e+00 5.541786e-06
2.432000e+00 5.559783e-06
2.434000e+00 5.577876e-06
2.436000e+00 5.596063e-06
2.438000e+00 5.614347e-06
2.440000e+00 5.632727e-06
2.442000e+00 5.651205e-06
2.444000e+00 5.669780e-06
2.446000e+00 5.688453e-06
2.448000e+00 5.707226e-06
2.450000e+00 5.726099e-06
2.452000e+00 5.745071e-06
2.454000e+00 5.764145e-06
2.456000e+00 5.783320e-06
2.458000e+00 5.802597e-06
2.460000e+00 5.821978e-06
2.462000e+00 5.841461e-06
2.464000e+00 5.861049e-06
2.466000e+00 5.880742e-06
2.468000e+00 5.900540e-06
2.470000e+00 5.920444e-06
2.472000e+00 5.940455e-06
2.474000e+00 5.960573e-06
2.476000e+00 5.980800e-06
2.478000e+00 6.001136e-06
2.480000e+00 6.021581e-06
2.482000e+00 6.042137e-06
2.484000e+00 6.062803e-06
2.486000e+00 6.083582e-06
2.488000e+00 6.104473e-06
2.490000e+00 6.125477e-06
2.492000e+00 6.146595e-06
2.494000e+00 6.167828e-06
2.496000e+00 6.189176e-06
2.498000e+00 6.210641e-06
2.500000e+00 6.232222e-06
2.502000e+00 6.253922e-06
2.504000e+00 6.275740e-06
2.506000e+00 6.297677e-06
2.508000e+00 6.319735e-06
2.510000e+00 6.341913e-06
2.512000e+00 6.364213e-06
2.514000e+00 6.386636e-06
2.516000e+00 6.409183e-06
2.518000e+00 6.431853e-06
2.520000e+00 6.454649e-06
2.522000e+00 6.477571e-06
2.524000e+00 6.500620e-06
2.526000e+00 6.523796e-06
2.528000e+00 6.547101e-06
2.530000e+00 6.570536e-06
2.532000e+00 6.594100e-06
2.534000e+00 6.617797e-06
2.536000e+00 6.641625e-06
2.538000e+00 6.665586e-06
2.540000e+00 6.689681e-06
2.542000e+00 6.713912e-06
2.544000e+00 6.738278e-06
2.546000e+00 6.762781e-06
2.548000e+00 6.787422e-06
2.550000e+00 6.812202e-06
2.552000e+00 6.837121e-06
2.554000e+00 6.862181e-06
2.556000e+00 6.887383e-06
2.558000e+00 6.912728e-06
2.560000e+00 6.938216e-06
2.562000e+00 6.963849e-06
2.564000e+00 6.989629e-06
2.566000e+00 7.015554e-06
2.568000e+00 7.041628e-06
2.570000e+00 7.067851e-06
2.572000e+00 7.094224e-06
2.574000e+00 7.120748e-06
2.576000e+00 7.147425e-06
2.578000e+00 7.174254e-06
2.580000e+00 7.201238e-06
2.582000e+00 7.228378e-06
2.584000e+00 7.255675e-06
2.586000e+00 7.283129e-06
2.588000e+00 7.310742e-06
2.590000e+00 7.338516e-06
2.592000e+00 7.366451e-06
2.594000e+00 7.394549e-06
2.596000e+00 7.422810e-06
2.598000e+00 7.451237e-06
2.600000e+00 7.479830e-06
2.602000e+00 7.508590e-06
2.604000e+00 7.537519e-06
2.606000e+00 7.566618e-06
2.608000e+00 7.595888e-06
2.610000e+00 7.625331e-06
2.612000e+00 7.654948e-06
2.614000e+00 7.684739e-06
2.616000e+00 7.714708e-06
2.618000e+00 7.744854e-06
2.620000e+00 7.775180e-06
2.622000e+00 7.805686e-06
2.624000e+00 7.836374e-06
2.626000e+00 7.867245e-06
2.628000e+00 7.898301e-06
2.630000e+00 7.929543e-06
2.632000e+00 7.960973e-06
2.634000e+00 7.992592e-06
2.636000e+00 8.024401e-06
2.638000e+00 8.056403e-06
2.640000e+00 8.088598e-06
2.642000e+00 8.120987e-06
2.644000e+00 8.153574e-06
2.646000e+00 8.186358e-06
2.648000e+00 8.219342e-06
2.650000e+00 8.252527e-06
2.652000e+00 8.285915e-06
2.654000e+00 8.319507e-06
2.656000e+00 8.353306e-06
2.658000e+00 8.387311e-06
2.660000e+00 8.421526e-06
2.662000e+00 8.455952e-06
2.664000e+00 8.490591e-06
2.666000e+00 8.525443e-06
2.668000e+00 8.560512e-06
2.670000e+00 8.595798e-06
2.672000e+00 8.631304e-06
2.674000e+00 8.667031e-06
2.676000e+00 8.702981e-06
2.678000e+00 8.739155e-06
2.680000e+00 8.775557e-06
2.682000e+00 8.812186e-06
2.684000e+00 8.849046e-06
2.686000e+00 8.886138e-06
2.688000e+00 8.923464e-06
2.690000e+00 8.961026e-06
2.692000e+00 8.998826e-06
2.694000e+00 9.036866e-06
2.696000e+00 9.075147e-06
2.698000e+00 9.113672e-06
2.700000e+00 9.152443e-06
2.702000e+00 9.191461e-06
2.704000e+00 9.230730e-06
2.706000e+00 9.270250e-06
2.708000e+00 9.310024e-06
2.710000e+00 9.350054e-06
2.712000e+00 9.390342e-06
2.714000e+00 9.430891e-06
2.716000e+00 9.471702e-06
2.718000e+00 9.512778e-06
2.720000e+00 9.554120e-06
2.722000e+00 9.595732e-06
2.724000e+00 9.637615e-06
2.726000e+00 9.679772e-06
2.728000e+00 9.722204e-06
2.730000e+00 9.764915e-06
2.732000e+00 9.807906e-06
2.734000e+00 9.851180e-06
2.736000e+00 9.894740e-06
2.738000e+00 9.938587e-06
2.740000e+00 9.982724e-06
2.742000e+00 1.002715e-05
2.744000e+00 1.007188e-05
2.746000e+00 1.011690e-05
2.748000e+00 1.016222e-05
2.750000e+00 1.020785e-05
2.752000e+00 1.025378e-05
2.754000e+00 1.030002e-05
2.756000e+00 1.034657e-05
2.758000e+00 1.039343e-05
2.760000e+00 1.044061e-05
2.762000e+00 1.048810e-05
2.764000e+00 1.053592e-05
2.766000e+00 1.058406e-05
2.768000e+00 1.063253e-05
2.770000e+00 1.068133e-05
2.772000e+00 1.073046e-05
2.774000e+00 1.077992e-05
2.776000e+00 1.082972e-05
2.778000e+00 1.087987e-05
2.780000e+00 1.093035e-05
2.782000e+00 1.098119e-05
2.784000e+00 1.103237e-05
2.786000e+00 1.108391e-05
2.788000e+00 1.113580e-05
2.790000e+00 1.118805e-05
2.792000e+00 1.124067e-05
2.794000e+00 1.129365e-05
2.796000e+00 1.134699e-05
2.798000e+00 1.140071e-05
2.800000e+00 1.145481e-05
2.802000e+00 1.150928e-05
2.804000e+00 1.156413e-05
2.806000e+00 1.161937e-05
2.808000e+00 1.167499e-05
2.810000e+00 1.173101e-05
2.812000e+00 1.178742e-05
2.814000e+00 1.184422e-05
2.816000e+00 1.190143e-05
2.818000e+00 1.195904e-05
2.820000e+00 1.201706e-05
2.822000e+00 1.207550e-05
2.824000e+00 1.213434e-05
2.826000e+00 1.219361e-05
2.828000e+00 1.225330e-05
2.830000e+00 1.231341e-05
2.832000e+00 1.237396e-05
2.834000e+00 1.243493e-05
2.836000e+00 1.249635e-05
2.838000e+00 1.255820e-05
2.840000e+00 1.262050e-05
2.842000e+00 1.268324e-05
2.844000e+00 1.274644e-05
2.846000e+00 1.281009e-05
2.848000e+00 1.287420e-05
2.850000e+00 1.293878e-05
2.852000e+00 1.300382e-05
2.854000e+00 1.306933e-05
2.856000e+00 1.313531e-05
2.858000e+00 1.320178e-05
2.860000e+00 1.326873e-05
2.862000e+00 1.333616e-05
2.864000e+00 1.340408e-05
2.866000e+00 1.347250e-05
2.868000e+00 1.354142e-05
2.870000e+00 1.361084e-05
2.872000e+00 1.368076e-05
2.874000e+00 1.375120e-05
2.876000e+00 1.382215e-05
2.878000e+00 1.389361e-05
2.880000e+00 1.396560e-05
2.882000e+00 1.403812e-05
2.884000e+00 1.411117e-05
2.886000e+00 1.418475e-05
2.888000e+00 1.425887e-05
2.890000e+00 1.433353e-05
2.892000e+00 1.440875e-05
2.894000e+00 1.448451e-05
2.896000e+00 1.456082e-05
2.898000e+00 1.463770e-05
2.900000e+00 1.471514e-05
2.902000e+00 1.479314e-05
2.904000e+00 1.487172e-05
2.906000e+00 1.495088e-05
2.908000e+00 1.503061e-05
2.910000e+00 1.511092e-05
2.912000e+00 1.519183e-05
2.914000e+00 1.527332e-05
2.916000e+00 1.535541e-05
2.918000e+00 1.543810e-05
2.920000e+00 1.552139e-05
2.922000e+00 1.560528e-05
2.924000e+00 1.568979e-05
2.926000e+00 1.577491e-05
2.928000e+00 1.586065e-05
2.930000e+00 1.594701e-05
2.932000e+00 1.603400e-05
2.934000e+00 1.612161e-05
2.936000e+00 1.620986e-05
2.938000e+00 1.629874e-05
2.940000e+00 1.638826e-05
2.942000e+00 1.647842e-05
2.944000e+00 1.656922e-05
2.946000e+00 1.666068e-05
2.948000e+00 1.675278e-05
2.950000e+00 1.684554e-05
2.952000e+00 1.693895e-05
2.954000e+00 1.703302e-05
2.956000e+00 1.712776e-05
2.958000e+00 1.722315e-05
2.960000e+00 1.731922e-05
2.962000e+00 1.741595e-05
2.964000e+00 1.751335e-05
2.966000e+00 1.761142e-05
2.968000e+00 1.771016e-05
2.970000e+00 1.780958e-05
2.972000e+00 1.790967e-05
2.974000e+00 1.801044e-05
2.976000e+00 1.811189e-05
2.978000e+00 1.821402e-05
2.980000e+00 1.831682e-05
2.982000e+00 1.842031e-05
2.984000e+00 1.852447e-05
2.986000e+00 1.862930e-05
2.988000e+00 1.873482e-05
2.990000e+00 1.884101e-05
2.992000e+00 1.894788e-05
2.994000e+00 1.905542e-05
2.996000e+00 1.916364e-05
2.998000e+00 1.927252e-05
3.000000e+00 1.938207e-05
3.002000e+00 1.949228e-05
3.004000e+00 1.960316e-05
3.006000e+00 1.971469e-05
3.008000e+00 1.982687e-05
3.010000e+00 1.993971e-05
3.012000e+00 2.005318e-05
3.014000e+00 2.016730e-05
3.016000e+00 2.028205e-05
3.018000e+00 2.039742e-05
3.020000e+00 2.051341e-05
3.022000e+00 2.063002e-05
3.024000e+00 2.074723e-05
3.026000e+00 2.086503e-05
3.028000e+00 2.098343e-05
3.030000e+00 2.110239e-05
3.032000e+00 2.122193e-05
3.034000e+00 2.134202e-05
3.036000e+00 2.146265e-05
3.038000e+00 2.158382e-05
3.040000e+00 2.170550e-05
3.042000e+00 2.182769e-05
3.044000e+00 2.195037e-05
3.046000e+00 2.207353e-05
3.048000e+00 2.219714e-05
3.050000e+00 2.232120e-05
3.052000e+00 2.244568e-05
3.054000e+00 2.257057e-05
3.056000e+00 2.269584e-05
3.058000e+00 2.282149e-05
3.060000e+00 2.294747e-05
3.062000e+00 2.307378e-05
3.064000e+00 2.320039e-05
3.066000e+00 2.332727e-05
3.068000e+00 2.345441e-05
3.070000e+00 2.358177e-05
3.072000e+00 2.370933e-05
3.074000e+00 2.383705e-05
3.076000e+00 2.396492e-05
3.078000e+00 2.409289e-05
3.080000e+00 2.422094e-05
3.082000e+00 2.434904e-05
3.084000e+00 2.447714e-05
3.086000e+00 2.460522e-05
3.088000e+00 2.473324e-05
3.090000e+00 2.486117e-05
3.092000e+00 2.498895e-05
3.094000e+00 2.511656e-05
3.096000e+00 2.524395e-05
3.098000e+00 2.537108e-05
3.100000e+00 2.549791e-05
3.102000e+00 2.562439e-05
3.104000e+00 2.575047e-05
3.106000e+00 2.587612e-05
3.108000e+00 2.600127e-05
3.110000e+00 2.612589e-05
3.112000e+00 2.624991e-05
3.114000e+00 2.637329e-05
3.116000e+00 2.649598e-05
3.118000e+00 2.661792e-05
3.120000e+00 2.673906e-05
3.122000e+00 2.685933e-05
3.124000e+00 2.697869e-05
3.126000e+00 2.709707e-05
3.128000e+00 2.721441e-05
3.130000e+00 2.733067e-05
3.132000e+00 2.744576e-05
3.134000e+00 2.755963e-05
3.136000e+00 2.767223e-05
3.138000e+00 2.778348e-05
3.140000e+00 2.789332e-05
3.142000e+00 2.800170e-05
3.144000e+00 2.810853e-05
3.146000e+00 2.821376e-05
3.148000e+00 2.831732e-05
3.150000e+00 2.841915e-05
3.152000e+00 2.851918e-05
3.154000e+00 2.861734e-05
3.156000e+00 2.871358e-05
3.158000e+00 2.880781e-05
3.160000e+00 2.889998e-05
3.162000e+00 2.899002e-05
3.164000e+00 2.907787e-05
3.166000e+00 2.916345e-05
3.168000e+00 2.924672e-05
3.170000e+00 2.932761e-05
3.172000e+00 2.940604e-05
3.174000e+00 2.948197e-05
3.176000e+00 2.955534e-05
3.178000e+00 2.962607e-05
3.180000e+00 2.969413e-05
3.182000e+00 2.975945e-05
3.184000e+00 2.982197e-05
3.186000e+00 2.988166e-05
3.188000e+00 2.993845e-05
3.190000e+00 2.999229e-05
3.192000e+00 3.004315e-05
3.194000e+00 3.009098e-05
3.196000e+00 3.013573e-05
3.198000e+00 3.017736e-05
3.200000e+00 3.021585e-05
3.202000e+00 3.025115e-05
3.204000e+00 3.028323e-05
3.206000e+00 3.031207e-05
3.208000e+00 3.033763e-05
3.210000e+00 3.035990e-05
3.212000e+00 3.037886e-05
3.214000e+00 3.039448e-05
3.216000e+00 3.040675e-05
3.218000e+00 3.041566e-05
3.220000e+00 3.042121e-05
3.222000e+00 3.042339e-05
3.224000e+00 3.042218e-05
3.226000e+00 3.041761e-05
3.228000e+00 3.040967e-05
3.230000e+00 3.039836e-05
3.232000e+00 3.038371e-05
3.234000e+00 3.036571e-05
3.236000e+00 3.034440e-05
3.238000e+00 3.031978e-05
3.240000e+00 3.029189e-05
3.242000e+00 3.026074e-05
3.244000e+00 3.022636e-05
3.246000e+00 3.018879e-05
3.248000e+00 3.014806e-05
3.250000e+00 3.010421e-05
3.252000e+00 3.005726e-05
3.254000e+00 3.000728e-05
3.256000e+00 2.995429e-05
3.258000e+00 2.989834e-05
3.260000e+00 2.983949e-05
3.262000e+00 2.977778e-05
3.264000e+00 2.971326e-05
3.266000e+00 2.964599e-05
3.268000e+00 2.957602e-05
3.270000e+00 2.950341e-05
3.272000e+00 2.942821e-05
3.274000e+00 2.935049e-05
3.276000e+00 2.927031e-05
3.278000e+00 2.918772e-05
3.280000e+00 2.910280e-05
3.282000e+00 2.901560e-05
3.284000e+00 2.892618e-05
3.286000e+00 2.883462e-05
3.288000e+00 2.874098e-05
3.290000e+00 2.864532e-05
3.292000e+00 2.854770e-05
3.294000e+00 2.844821e-05
3.296000e+00 2.834689e-05
3.298000e+00 2.824382e-05
3.300000e+00 2.813906e-05
3.302000e+00 2.803269e-05
3.304000e+00 2.792475e-05
3.306000e+00 2.781533e-05
3.308000e+00 2.770447e-05
3.310000e+00 2.759226e-05
3.312000e+00 2.747875e-05
3.314000e+00 2.736400e-05
3.316000e+00 2.724808e-05
3.318000e+00 2.713104e-05
3.320000e+00 2.701295e-05
3.322000e+00 2.689387e-05
3.324000e+00 2.677386e-05
3.326000e+00 2.665296e-05
3.328000e+00 2.653125e-05
3.330000e+00 2.640877e-05
3.332000e+00 2.628558e-05
3.334000e+00 2.616174e-05
3.336000e+00 2.603729e-05
3.338000e+00 2.591229e-05
3.340000e+00 2.578678e-05
3.342000e+00 2.566082e-05
3.344000e+00 2.553445e-05
3.346000e+00 2.540772e-05
3.348000e+00 2.528067e-05
3.350000e+00 2.515335e-05
3.352000e+00 2.502580e-05
3.354000e+00 2.489806e-05
3.356000e+00 2.477017e-05
3.358000e+00 2.464218e-05
3.360000e+00 2.451411e-05
3.362000e+00 2.438601e-05
3.364000e+00 2.425790e-05
3.366000e+00 2.412984e-05
3.368000e+00 2.400184e-05
3.370000e+00 2.387394e-05
3.372000e+00 2.374617e-05
3.374000e+00 2.361856e-05
3.376000e+00 2.349114e-05
3.378000e+00 2.336394e-05
3.380000e+00 2.323698e-05
3.382000e+00 2.311029e-05
3.384000e+00 2.298389e-05
3.386000e+00 2.285781e-05
3.388000e+00 2.273206e-05
3.390000e+00 2.260668e-05
3.392000e+00 2.248168e-05
3.394000e+00 2.235708e-05
3.396000e+00 2.223290e-05
3.398000e+00 2.210915e-05
3.400000e+00 2.198586e-05
3.402000e+00 2.186305e-05
3.404000e+00 2.174071e-05
3.406000e+00 2.161888e-05
3.408000e+00 2.149756e-05
3.410000e+00 2.137678e-05
3.412000e+00 2.125653e-05
3.414000e+00 2.113683e-05
3.416000e+00 2.101770e-05
3.418000e+00 2.089914e-05
3.420000e+00 2.078116e-05
3.422000e+00 2.066378e-05
3.424000e+00 2.054700e-05
3.426000e+00 2.043083e-05
3.428000e+00 2.031528e-05
3.430000e+00 2.020035e-05
3.432000e+00 2.008605e-05
3.434000e+00 1.997239e-05
3.436000e+00 1.985937e-05
3.438000e+00 1.974699e-05
3.440000e+00 1.963527e-05
3.442000e+00 1.952421e-05
3.444000e+00 1.941380e-05
3.446000e+00 1.930406e-05
3.448000e+00 1.919499e-05
3.450000e+00 1.908658e-05
3.452000e+00 1.897885e-05
3.454000e+00 1.887178e-05
3.456000e+00 1.876540e-05
3.458000e+00 1.865968e-05
3.460000e+00 1.855465e-05
3.462000e+00 1.845029e-05
3.464000e+00 1.834662e-05
3.466000e+00 1.824362e-05
3.468000e+00 1.814129e-05
3.470000e+00 1.803965e-05
3.472000e+00 1.793868e-05
3.474000e+00 1.783839e-05
3.476000e+00 1.773878e-05
3.478000e+00 1.763984e-05
3.480000e+00 1.754158e-05
3.482000e+00 1.744398e-05
3.484000e+00 1.734706e-05
3.486000e+00 1.725081e-05
3.488000e+00 1.715522e-05
3.490000e+00 1.706029e-05
3.492000e+00 1.696603e-05
3.494000e+00 1.687243e-05
3.496000e+00 1.677948e-05
3.498000e+00 1.668719e-05
3.500000e+00 1.659555e-05
3.502000e+00 1.650456e-05
3.504000e+00 1.641421e-05
3.506000e+00 1.632451e-05
3.508000e+00 1.623544e-05
3.510000e+00 1.614701e-05
3.512000e+00 1.605922e-05
3.514000e+00 1.597205e-05
3.516000e+00 1.588551e-05
3.518000e+00 1.579959e-05
3.520000e+00 1.571429e-05
3.522000e+00 1.562961e-05
3.524000e+00 1.554553e-05
3.526000e+00 1.546207e-05
3.528000e+00 1.537921e-05
3.530000e+00 1.529695e-05
3.532000e+00 1.521528e-05
3.534000e+00 1.513421e-05
3.536000e+00 1.505372e-05
3.538000e+00 1.497382e-05
3.540000e+00 1.489450e-05
3.542000e+00 1.481576e-05
3.544000e+00 1.473759e-05
3.546000e+00 1.465999e-05
3.548000e+00 1.458295e-05
3.550000e+00 1.450647e-05
3.552000e+00 1.443055e-05
3.554000e+00 1.435518e-05
3.556000e+00 1.428036e-05
3.558000e+00 1.420608e-05
3.560000e+00 1.413235e-05
3.562000e+00 1.405915e-05
3.564000e+00 1.398648e-05
3.566000e+00 1.391433e-05
3.568000e+00 1.384272e-05
3.570000e+00 1.377162e-05
3.572000e+00 1.370103e-05
3.574000e+00 1.363096e-05
3.576000e+00 1.356140e-05
3.578000e+00 1.349234e-05
3.580000e+00 1.342378e-05
3.582000e+00 1.335571e-05
3.584000e+00 1.328814e-05
3.586000e+00 1.322105e-05
3.588000e+00 1.315445e-05
3.590000e+00 1.308832e-05
3.592000e+00 1.302267e-05
3.594000e+00 1.295750e-05
3.596000e+00 1.289279e-05
3.598000e+00 1.282854e-05
3.600000e+00 1.276476e-05
3.602000e+00 1.270143e-05
3.604000e+00 1.263856e-05
3.606000e+00 1.257613e-05
3.608000e+00 1.251415e-05
3.610000e+00 1.245261e-05
3.612000e+00 1.239151e-05
3.614000e+00 1.233084e-05
3.616000e+00 1.227060e-05
3.618000e+00 1.221079e-05
3.620000e+00 1.215140e-05
3.622000e+00 1.209244e-05
3.624000e+00 1.203388e-05
3.626000e+00 1.197574e-05
3.628000e+00 1.191801e-05
3.630000e+00 1.186069e-05
3.632000e+00 1.180377e-05
3.634000e+00 1.174724e-05
3.636000e+00 1.169111e-05
3.638000e+00 1.163538e-05
3.640000e+00 1.158003e-05
3.642000e+00 1.152507e-05
3.644000e+00 1.147049e-05
3.646000e+00 1.141628e-05
3.648000e+00 1.136246e-05
3.650000e+00 1.130900e-05
3.652000e+00 1.125592e-05
3.654000e+00 1.120320e-05
3.656000e+00 1.115084e-05
3.658000e+00 1.109885e-05
3.660000e+00 1.104721e-05
3.662000e+00 1.099592e-05
3.664000e+00 1.094499e-05
3.666000e+00 1.089440e-05
3.668000e+00 1.084416e-05
3.670000e+00 1.079426e-05
3.672000e+00 1.074469e-05
3.674000e+00 1.069547e-05
3.676000e+00 1.064658e-05
3.678000e+00 1.059801e-05
3.680000e+00 1.054978e-05
3.682000e+00 1.050187e-05
3.684000e+00 1.045428e-05
3.686000e+00 1.040701e-05
3.688000e+00 1.036006e-05
3.690000e+00 1.031342e-05
3.692000e+00 1.026709e-05
3.694000e+00 1.022107e-05
3.696000e+00 1.017536e-05
3.698000e+00 1.012995e-05
3.700000e+00 1.008484e-05
3.702000e+00 1.004003e-05
3.704000e+00 9.995515e-06
3.706000e+00 9.951294e-06
3.708000e+00 9.907363e-06
3.710000e+00 9.863721e-06
3.712000e+00 9.820365e-06
3.714000e+00 9.777292e-06
3.716000e+00 9.734501e-06
3.718000e+00 9.691988e-06
3.720000e+00 9.649752e-06
3.722000e+00 9.607790e-06
3.724000e+00 9.566101e-06
3.726000e+00 9.524681e-06
3.728000e+00 9.483528e-06
3.730000e+00 9.442641e-06
3.732000e+00 9.402017e-06
3.734000e+00 9.361654e-06
3.736000e+00 9.321549e-06
3.738000e+00 9.281701e-06
3.740000e+00 9.242108e-06
3.742000e+00 9.202767e-06
3.744000e+00 9.163677e-06
3.746000e+00 9.124835e-06
3.748000e+00 9.086239e-06
3.750000e+00 9.047888e-06
3.752000e+00 9.009778e-06
3.754000e+00 8.971910e-06
3.756000e+00 8.934279e-06
3.758000e+00 8.896885e-06
3.760000e+00 8.859726e-06
3.762000e+00 8.822799e-06
3.764000e+00 8.786103e-06
3.766000e+00 8.749636e-06
3.768000e+00 8.713397e-06
3.770000e+00 8.677382e-06
3.772000e+00 8.641591e-06
3.774000e+00 8.606022e-06
3.776000e+00 8.570672e-06
3.778000e+00 8.535541e-06
3.780000e+00 8.500626e-06
3.782000e+00 8.465926e-06
3.784000e+00 8.431439e-06
3.786000e+00 8.397163e-06
3.788000e+00 8.363097e-06
3.790000e+00 8.329240e-06
3.792000e+00 8.295588e-06
3.794000e+00 8.262141e-06
3.796000e+00 8.228898e-06
3.798000e+00 8.195856e-06
3.800000e+00 8.163014e-06
3.802000e+00 8.130371e-06
3.804000e+00 8.097924e-06
3.806000e+00 8.065673e-06
3.808000e+00 8.033616e-06
3.810000e+00 8.001752e-06
3.812000e+00 7.970078e-06
3.814000e+00 7.938594e-06
3.816000e+00 7.907297e-06
3.818000e+00 7.876188e-06
3.820000e+00 7.845263e-06
3.822000e+00 7.814523e-06
3.824000e+00 7.783964e-06
3.826000e+00 7.753587e-06
3.828000e+00 7.723389e-06
3.830000e+00 7.693369e-06
3.832000e+00 7.663527e-06
3.834000e+00 7.633860e-06
3.836000e+00 7.604367e-06
3.838000e+00 7.575047e-06
3.840000e+00 7.545898e-06
3.842000e+00 7.516921e-06
3.844000e+00 7.488112e-06
3.846000e+00 7.459471e-06
3.848000e+00 7.430997e-06
3.850000e+00 7.402688e-06
3.852000e+00 7.374543e-06
3.854000e+00 7.346561e-06
3.856000e+00 7.318741e-06
3.858000e+00 7.291081e-06
3.860000e+00 7.263581e-06
3.862000e+00 7.236239e-06
3.864000e+00 7.209054e-06
3.866000e+00 7.182025e-06
3.868000e+00 7.155151e-06
3.870000e+00 7.128431e-06
3.872000e+00 7.101863e-06
3.874000e+00 7.075446e-06
3.876000e+00 7.049180e-06
3.878000e+00 7.023063e-06
3.880000e+00 6.997095e-06
3.882000e+00 6.971274e-06
3.884000e+00 6.945598e-06
3.886000e+00 6.920068e-06
3.888000e+00 6.894682e-06
3.890000e+00 6.869439e-06
3.892000e+00 6.844338e-06
3.894000e+00 6.819378e-06
3.896000e+00 6.794558e-06
3.898000e+00 6.769878e-06
3.900000e+00 6.745335e-06
3.902000e+00 6.720929e-06
3.904000e+00 6.696660e-06
3.906000e+00 6.672526e-06
3.908000e+00 6.648526e-06
3.910000e+00 6.624659e-06
3.912000e+00 6.600925e-06
3.914000e+00 6.577322e-06
3.916000e+00 6.553850e-06
3.918000e+00 6.530508e-06
3.920000e+00 6.507295e-06
3.922000e+00 6.484209e-06
3.924000e+00 6.461251e-06
3.926000e+00 6.438419e-06
3.928000e+00 6.415712e-06
3.930000e+00 6.393130e-06
3.932000e+00 6.370671e-06
3.934000e+00 6.348336e-06
3.936000e+00 6.326122e-06
3.938000e+00 6.304030e-06
3.940000e+00 6.282058e-06
3.942000e+00 6.260205e-06
3.944000e+00 6.238472e-06
3.946000e+00 6.216856e-06
3.948000e+00 6.195358e-06
3.950000e+00 6.173976e-06
3.952000e+00 6.152710e-06
3.954000e+00 6.131559e-06
3.956000e+00 6.110522e-06
3.958000e+00 6.089599e-06
3.960000e+00 6.068788e-06
3.962000e+00 6.048089e-06
3.964000e+00 6.027501e-06
3.966000e+00 6.007024e-06
3.968000e+00 5.986657e-06
3.970000e+00 5.966399e-06
3.972000e+00 5.946249e-06
3.974000e+00 5.926207e-06
3.976000e+00 5.906272e-06
3.978000e+00 5.886444e-06
3.980000e+00 5.866721e-06
3.982000e+00 5.847103e-06
3.984000e+00 5.827589e-06
3.986000e+00 5.808179e-06
3.988000e+00 5.788872e-06
3.990000e+00 5.769668e-06
3.992000e+00 5.750565e-06
3.994000e+00 5.731563e-06
3.996000e+00 5.712662e-06
3.998000e+00 5.693861e-06
4.000000e+00 5.675158e-06
4.002000e+00 5.656555e-06
4.004000e+00 5.638049e-06
4.006000e+00 5.619641e-06
4.008000e+00 5.601329e-06
4.010000e+00 5.583114e-06
4.012000e+00 5.564995e-06
4.014000e+00 5.546970e-06
4.016000e+00 5.529040e-06
4.018000e+00 5.511204e-06
4.020000e+00 5.493461e-06
4.022000e+00 5.475810e-06
4.024000e+00 5.458252e-06
4.026000e+00 5.440786e-06
4.028000e+00 5.423411e-06
4.030000e+00 5.406126e-06
4.032000e+00 5.388931e-06
4.034000e+00 5.371826e-06
4.036000e+00 5.354809e-06
4.038000e+00 5.337881e-06
4.040000e+00 5.321041e-06
4.042000e+00 5.304288e-06
4.044000e+00 5.287623e-06
4.046000e+00 5.271043e-06
4.048000e+00 5.254549e-06
4.050000e+00 5.238141e-06
4.052000e+00 5.221817e-06
4.054000e+00 5.205578e-06
4.056000e+00 5.189423e-06
4.058000e+00 5.173351e-06
4.060000e+00 5.157362e-06
4.062000e+00 5.141455e-06
4.064000e+00 5.125631e-06
4.066000e+00 5.109887e-06
4.068000e+00 5.094225e-06
4.070000e+00 5.078644e-06
4.072000e+00 5.063142e-06
4.074000e+00 5.047720e-06
4.076000e+00 5.032378e-06
4.078000e+00 5.017114e-06
4.080000e+00 5.001928e-06
4.082000e+00 4.986820e-06
4.084000e+00 4.971790e-06
4.086000e+00 4.956837e-06
4.088000e+00 4.941960e-06
4.090000e+00 4.927160e-06
4.092000e+00 4.912435e-06
4.094000e+00 4.897785e-06
4.096000e+00 4.883211e-06
4.098000e+00 4.868711e-06
4.100000e+00 4.854285e-06
4.102000e+00 4.839933e-06
4.104000e+00 4.825654e-06
4.106000e+00 4.811448e-06
4.108000e+00 4.797314e-06
4.110000e+00 4.783252e-06
4.112000e+00 4.769263e-06
4.114000e+00 4.755344e-06
4.116000e+00 4.741497e-06
4.118000e+00 4.727720e-06
4.120000e+00 4.714013e-06
4.122000e+00 4.700376e-06
4.124000e+00 4.686809e-06
4.126000e+00 4.673311e-06
4.128000e+00 4.659881e-06
4.130000e+00 4.646520e-06
4.132000e+00 4.633227e-06
4.134000e+00 4.620001e-06
4.136000e+00 4.606843e-06
4.138000e+00 4.593752e-06
4.140000e+00 4.580727e-06
4.142000e+00 4.567769e-06
4.144000e+00 4.554876e-06
4.146000e+00 4.542049e-06
4.148000e+00 4.529288e-06
4.150000e+00 4.516591e-06
4.152000e+00 4.503959e-06
4.154000e+00 4.491391e-06
4.156000e+00 4.478887e-06
4.158000e+00 4.466447e-06
4.160000e+00 4.454070e-06
4.162000e+00 4.441756e-06
4.164000e+00 4.429505e-06
4.166000e+00 4.417316e-06
4.168000e+00 4.405189e-06
4.170000e+00 4.393123e-06
4.172000e+00 4.381120e-06
4.174000e+00 4.369177e-06
4.176000e+00 4.357295e-06
4.178000e+00 4.345474e-06
4.180000e+00 4.333713e-06
4.182000e+00 4.322012e-06
4.184000e+00 4.310370e-06
4.186000e+00 4.298788e-06
4.188000e+00 4.287265e-06
4.190000e+00 4.275801e-06
4.192000e+00 4.264395e-06
4.194000e+00 4.253047e-06
4.196000e+00 4.241758e-06
4.198000e+00 4.230526e-06
4.200000e+00 4.219351e-06
4.202000e+00 4.208234e-06
4.204000e+00 4.197174e-06
4.206000e+00 4.186170e-06
4.208000e+00 4.175222e-06
4.210000e+00 4.164330e-06
4.212000e+00 4.153495e-06
4.214000e+00 4.142715e-06
4.216000e+00 4.131990e-06
4.218000e+00 4.121320e-06
4.220000e+00 4.110705e-06
4.222000e+00 4.100144e-06
4.224000e+00 4.089638e-06
4.226000e+00 4.079185e-06
4.228000e+00 4.068787e-06
4.230000e+00 4.058442e-06
4.232000e+00 4.048150e-06
4.234000e+00 4.037912e-06
4.236000e+00 4.027726e-06
4.238000e+00 4.017593e-06
4.240000e+00 4.007512e-06
4.242000e+00 3.997483e-06
4.244000e+00 3.987506e-06
4.246000e+00 3.977581e-06
4.248000e+00 3.967707e-06
4.250000e+00 3.957885e-06
4.252000e+00 3.948113e-06
4.254000e+00 3.938392e-06
4.256000e+00 3.928722e-06
4.258000e+00 3.919102e-06
4.260000e+00 3.909532e-06
4.262000e+00 3.900012e-06
4.264000e+00 3.890541e-06
4.266000e+00 3.881121e-06
4.268000e+00 3.871749e-06
4.270000e+00 3.862426e-06
4.272000e+00 3.853152e-06
4.274000e+00 3.843927e-06
4.276000e+00 3.834750e-06
4.278000e+00 3.825622e-06
4.280000e+00 3.816541e-06
4.282000e+00 3.807509e-06
4.284000e+00 3.798523e-06
4.286000e+00 3.789586e-06
4.288000e+00 3.780695e-06
4.290000e+00 3.771852e-06
4.292000e+00 3.763055e-06
4.294000e+00 3.754305e-06
4.296000e+00 3.745602e-06
4.298000e+00 3.736944e-06
4.300000e+00 3.728333e-06
4.302000e+00 3.719768e-06
4.304000e+00 3.711248e-06
4.306000e+00 3.702774e-06
4.308000e+00 3.694345e-06
4.310000e+00 3.685962e-06
4.312000e+00 3.677623e-06
4.314000e+00 3.669329e-06
4.316000e+00 3.661080e-06
4.318000e+00 3.652875e-06
4.320000e+00 3.644715e-06
4.322000e+00 3.636599e-06
4.324000e+00 3.628526e-06
4.326000e+00 3.620498e-06
4.328000e+00 3.612513e-06
4.330000e+00 3.604571e-06
4.332000e+00 3.596673e-06
4.334000e+00 3.588818e-06
4.336000e+00 3.581005e-06
4.338000e+00 3.573236e-06
4.340000e+00 3.565509e-06
4.342000e+00 3.557824e-06
4.344000e+00 3.550182e-06
4.346000e+00 3.542582e-06
4.348000e+00 3.535024e-06
4.350000e+00 3.527508e-06
4.352000e+00 3.520034e-06
4.354000e+00 3.512601e-06
4.356000e+00 3.505209e-06
4.358000e+00 3.497859e-06
4.360000e+00 3.490550e-06
4.362000e+00 3.483281e-06
4.364000e+00 3.476054e-06
4.366000e+00 3.468867e-06
4.368000e+00 3.461720e-06
4.370000e+00 3.454614e-06
4.372000e+00 3.447548e-06
4.374000e+00 3.440522e-06
4.376000e+00 3.433536e-06
4.378000e+00 3.426590e-06
4.380000e+00 3.419684e-06
4.382000e+00 3.412817e-06
4.384000e+00 3.405989e-06
4.386000e+00 3.399201e-06
4.388000e+00 3.392451e-06
4.390000e+00 3.385741e-06
4.392000e+00 3.379069e-06
4.394000e+00 3.372437e-06
4.396000e+00 3.365842e-06
4.398000e+00 3.359287e-06
4.400000e+00 3.352769e-06
4.402000e+00 3.346290e-06
4.404000e+00 3.339849e-06
4.406000e+00 3.333445e-06
4.408000e+00 3.327080e-06
4.410000e+00 3.320752e-06
4.412000e+00 3.314462e-06
4.414000e+00 3.308209e-06
4.416000e+00 3.301994e-06
4.418000e+00 3.295815e-06
4.420000e+00 3.289674e-06
4.422000e+00 3.283570e-06
4.424000e+00 3.277503e-06
4.426000e+00 3.271472e-06
4.428000e+00 3.265478e-06
4.430000e+00 3.259521e-06
4.432000e+00 3.253600e-06
4.434000e+00 3.247715e-06
4.436000e+00 3.241866e-06
4.438000e+00 3.236054e-06
4.440000e+00 3.230277e-06
4.442000e+00 3.224536e-06
4.444000e+00 3.218831e-06
4.446000e+00 3.213162e-06
4.448000e+00 3.207528e-06
4.450000e+00 3.201929e-06
4.452000e+00 3.196366e-06
4.454000e+00 3.190838e-06
4.456000e+00 3.185345e-06
4.458000e+00 3.179887e-06
4.460000e+00 3.174464e-06
4.462000e+00 3.169076e-06
4.464000e+00 3.163723e-06
4.466000e+00 3.158404e-06
4.468000e+00 3.153119e-06
4.470000e+00 3.147869e-06
4.472000e+00 3.142654e-06
4.474000e+00 3.137472e-06
4.476000e+00 3.132325e-06
4.478000e+00 3.127211e-06
4.480000e+00 3.122132e-06
4.482000e+00 3.117086e-06
4.484000e+00 3.112075e-06
4.486000e+00 3.107096e-06
4.488000e+00 3.102152e-06
4.490000e+00 3.097240e-06
4.492000e+00 3.092363e-06
4.494000e+00 3.087518e-06
4.496000e+00 3.082707e-06
4.498000e+00 3.077929e-06
4.500000e+00 3.073183e-06
4.502000e+00 3.068471e-06
4.504000e+00 3.063792e-06
4.506000e+00 3.059145e-06
4.508000e+00 3.054531e-06
4.510000e+00 3.049950e-06
4.512000e+00 3.045401e-06
4.514000e+00 3.040885e-06
4.516000e+00 3.036401e-06
4.518000e+00 3.031949e-06
4.520000e+00 3.027529e-06
4.522000e+00 3.023142e-06
4.524000e+00 3.018787e-06
4.526000e+00 3.014463e-06
4.528000e+00 3.010172e-06
4.530000e+00 3.005912e-06
4.532000e+00 3.001684e-06
4.534000e+00 2.997488e-06
4.536000e+00 2.993323e-06
4.538000e+00 2.989190e-06
4.540000e+00 2.985089e-06
4.542000e+00 2.981018e-06
4.544000e+00 2.976979e-06
4.546000e+00 2.972971e-06
4.548000e+00 2.968995e-06
4.550000e+00 2.965049e-06
4.552000e+00 2.961135e-06
4.554000e+00 2.957251e-06
4.556000e+00 2.953398e-06
4.558000e+00 2.949577e-06
4.560000e+00 2.945785e-06
4.562000e+00 2.942025e-06
4.564000e+00 2.938295e-06
4.566000e+00 2.934596e-06
4.568000e+00 2.930927e-06
4.570000e+00 2.927289e-06
4.572000e+00 2.923681e-06
4.574000e+00 2.920103e-06
4.576000e+00 2.916556e-06
4.578000e+00 2.913039e-06
4.580000e+00 2.909551e-06
4.582000e+00 2.906094e-06
4.584000e+00 2.902667e-06
4.586000e+00 2.899270e-06
4.588000e+00 2.895903e-06
4.590000e+00 2.892565e-06
4.592000e+00 2.889258e-06
4.594000e+00 2.885980e-06
4.596000e+00 2.882732e-06
4.598000e+00 2.879513e-06
4.600000e+00 2.876324e-06
4.602000e+00 2.873164e-06
4.604000e+00 2.870034e-06
4.606000e+00 2.866933e-06
4.608000e+00 2.863862e-06
4.610000e+00 2.860819e-06
4.612000e+00 2.857806e-06
4.614000e+00 2.854823e-06
4.616000e+00 2.851868e-06
4.618000e+00 2.848942e-06
4.620000e+00 2.846046e-06
4.622000e+00 2.843178e-06
4.624000e+00 2.840339e-06
4.626000e+00 2.837530e-06
4.628000e+00 2.834749e-06
4.630000e+00 2.831996e-06
4.632000e+00 2.829273e-06
4.634000e+00 2.826578e-06
4.636000e+00 2.823912e-06
4.638000e+00 2.821275e-06
4.640000e+00 2.818666e-06
4.642000e+00 2.816085e-06
4.644000e+00 2.813533e-06
4.646000e+00 2.811010e-06
4.648000e+00 2.808515e-06
4.650000e+00 2.806048e-06
4.652000e+00 2.803610e-06
4.654000e+00 2.801199e-06
4.656000e+00 2.798817e-06
4.658000e+00 2.796464e-06
4.660000e+00 2.794138e-06
4.662000e+00 2.791840e-06
4.664000e+00 2.789571e-06
4.666000e+00 2.787330e-06
4.668000e+00 2.785116e-06
4.670000e+00 2.782931e-06
4.672000e+00 2.780773e-06
4.674000e+00 2.778643e-06
4.676000e+00 2.776542e-06
4.678000e+00 2.774468e-06
4.680000e+00 2.772421e-06
4.682000e+00 2.770403e-06
4.684000e+00 2.768412e-06
4.686000e+00 2.766449e-06
4.688000e+00 2.764514e-06
4.690000e+00 2.762606e-06
4.692000e+00 2.760726e-06
4.694000e+00 2.758873e-06
4.696000e+00 2.757048e-06
4.698000e+00 2.755250e-06
4.700000e+00 2.753480e-06
4.702000e+00 2.751737e-06
4.704000e+00 2.750022e-06
4.706000e+00 2.748334e-06
4.708000e+00 2.746673e-06
4.710000e+00 2.745040e-06
4.712000e+00 2.743434e-06
4.714000e+00 2.741855e-06
4.716000e+00 2.740304e-06
4.718000e+00 2.738780e-06
4.720000e+00 2.737283e-06
4.722000e+00 2.735813e-06
4.724000e+00 2.734370e-06
4.726000e+00 2.732954e-06
4.728000e+00 2.731566e-06
4.730000e+00 2.730205e-06
4.732000e+00 2.728870e-06
4.734000e+00 2.727563e-06
4.736000e+00 2.726283e-06
4.738000e+00 2.725029e-06
4.740000e+00 2.723803e-06
4.742000e+00 2.722603e-06
4.744000e+00 2.721431e-06
4.746000e+00 2.720285e-06
4.748000e+00 2.719167e-06
4.750000e+00 2.718075e-06
4.752000e+00 2.717010e-06
4.754000e+00 2.715972e-06
4.756000e+00 2.714961e-06
4.758000e+00 2.713976e-06
4.760000e+00 2.713019e-06
4.762000e+00 2.712088e-06
4.764000e+00 2.711184e-06
4.766000e+00 2.710306e-06
4.768000e+00 2.709456e-06
4.770000e+00 2.708632e-06
4.772000e+00 2.707834e-06
4.774000e+00 2.707064e-06
4.776000e+00 2.706320e-06
4.778000e+00 2.705603e-06
4.780000e+00 2.704912e-06
4.782000e+00 2.704248e-06
4.784000e+00 2.703611e-06
4.786000e+00 2.703001e-06
4.788000e+00 2.702417e-06
4.790000e+00 2.701859e-06
4.792000e+00 2.701328e-06
4.794000e+00 2.700824e-06
4.796000e+00 2.700346e-06
4.798000e+00 2.699895e-06
4.800000e+00 2.699471e-06
4.802000e+00 2.699073e-06
4.804000e+00 2.698702e-06
4.806000e+00 2.698357e-06
4.808000e+00 2.698038e-06
4.810000e+00 2.697747e-06
4.812000e+00 2.697481e-06
4.814000e+00 2.697243e-06
4.816000e+00 2.697030e-06
4.818000e+00 2.696845e-06
4.820000e+00 2.696686e-06
4.822000e+00 2.696553e-06
4.824000e+00 2.696447e-06
4.826000e+00 2.696367e-06
4.828000e+00 2.696314e-06
4.830000e+00 2.696287e-06
4.832000e+00 2.696287e-06
4.834000e+00 2.696314e-06
4.836000e+00 2.696367e-06
4.838000e+00 2.696446e-06
4.840000e+00 2.696552e-06
4.842000e+00 2.696684e-06
4.844000e+00 2.696843e-06
4.846000e+00 2.697029e-06
4.848000e+00 2.697241e-06
4.850000e+00 2.697479e-06
4.852000e+00 2.697744e-06
4.854000e+00 2.698036e-06
4.856000e+00 2.698354e-06
4.858000e+00 2.698698e-06
4.860000e+00 2.699069e-06
4.862000e+00 2.699467e-06
4.864000e+00 2.699891e-06
4.866000e+00 2.700342e-06
4.868000e+00 2.700820e-06
4.870000e+00 2.701324e-06
4.872000e+00 2.701854e-06
4.874000e+00 2.702411e-06
4.876000e+00 2.702995e-06
4.878000e+00 2.703606e-06
4.880000e+00 2.704243e-06
4.882000e+00 2.704906e-06
4.884000e+00 2.705596e-06
4.886000e+00 2.706313e-06
4.888000e+00 2.707057e-06
4.890000e+00 2.707827e-06
4.892000e+00 2.708624e-06
4.894000e+00 2.709448e-06
4.896000e+00 2.710298e-06
4.898000e+00 2.711176e-06
4.900000e+00 2.712079e-06
4.902000e+00 2.713010e-06
4.904000e+00 2.713967e-06
4.906000e+00 2.714952e-06
4.908000e+00 2.715963e-06
4.910000e+00 2.717001e-06
4.912000e+00 2.718065e-06
4.914000e+00 2.719157e-06
4.916000e+00 2.720275e-06
4.918000e+00 2.721421e-06
4.920000e+00 2.722593e-06
4.922000e+00 2.723792e-06
4.924000e+00 2.725018e-06
4.926000e+00 2.726271e-06
4.928000e+00 2.727551e-06
4.930000e+00 2.728858e-06
4.932000e+00 2.730192e-06
4.934000e+00 2.731554e-06
4.936000e+00 2.732942e-06
4.938000e+00 2.734357e-06
4.940000e+00 2.735800e-06
4.942000e+00 2.737269e-06
4.944000e+00 2.738766e-06
4.946000e+00 2.740290e-06
4.948000e+00 2.741841e-06
4.950000e+00 2.743420e-06
4.952000e+00 2.745025e-06
4.954000e+00 2.746658e-06
4.956000e+00 2.748319e-06
4.958000e+00 2.750007e-06
4.960000e+00 2.751722e-06
4.962000e+00 2.753464e-06
4.964000e+00 2.755234e-06
4.966000e+00 2.757031e-06
4.968000e+00 2.758856e-06
4.970000e+00 2.760709e-06
4.972000e+00 2.762589e-06
4.974000e+00 2.764496e-06
4.976000e+00 2.766431e-06
4.978000e+00 2.768394e-06
4.980000e+00 2.770385e-06
4.982000e+00 2.772403e-06
4.984000e+00 2.774449e-06
4.986000e+00 2.776523e-06
4.988000e+00 2.778624e-06
4.990000e+00 2.780754e-06
4.992000e+00 2.782911e-06
4.994000e+00 2.785096e-06
4.996000e+00 2.787309e-06
4.998000e+00 2.789551e-06
5.000000e+00 2.791820e-06
5.002000e+00 2.794117e-06
5.004000e+00 2.796442e-06
5.006000e+00 2.798796e-06
5.008000e+00 2.801178e-06
5.010000e+00 2.803588e-06
5.012000e+00 2.806026e-06
5.014000e+00 2.808492e-06
5.016000e+00 2.810987e-06
5.018000e+00 2.813510e-06
5.020000e+00 2.816062e-06
5.022000e+00 2.818642e-06
5.024000e+00 2.821251e-06
5.026000e+00 2.823888e-06
5.028000e+00 2.826554e-06
5.030000e+00 2.829248e-06
5.032000e+00 2.831972e-06
5.034000e+00 2.834724e-06
5.036000e+00 2.837504e-06
5.038000e+00 2.840314e-06
5.040000e+00 2.843152e-06
5.042000e+00 2.846020e-06
5.044000e+00 2.848916e-06
5.046000e+00 2.851841e-06
5.048000e+00 2.854796e-06
5.050000e+00 2.857779e-06
5.052000e+00 2.860792e-06
5.054000e+00 2.863834e-06
5.056000e+00 2.866905e-06
5.058000e+00 2.870006e-06
5.060000e+00 2.873136e-06
5.062000e+00 2.876295e-06
5.064000e+00 2.879484e-06
5.066000e+00 2.882702e-06
5.068000e+00 2.885950e-06
5.070000e+00 2.889228e-06
5.072000e+00 2.892535e-06
5.074000e+00 2.895873e-06
5.076000e+00 2.899240e-06
5.078000e+00 2.902636e-06
5.080000e+00 2.906063e-06
5.082000e+00 2.909520e-06
5.084000e+00 2.913007e-06
5.086000e+00 2.916524e-06
5.088000e+00 2.920071e-06
5.090000e+00 2.923648e-06
5.092000e+00 2.927256e-06
5.094000e+00 2.930894e-06
5.096000e+00 2.934563e-06
5.098000e+00 2.938262e-06
5.100000e+00 2.941991e-06
5.102000e+00 2.945751e-06
5.104000e+00 2.949542e-06
5.106000e+00 2.953364e-06
5.108000e+00 2.957216e-06
5.110000e+00 2.961099e-06
5.112000e+00 2.965014e-06
5.114000e+00 2.968959e-06
5.116000e+00 2.972935e-06
5.118000e+00 2.976943e-06
5.120000e+00 2.980982e-06
5.122000e+00 2.985052e-06
5.124000e+00 2.989153e-06
5.126000e+00 2.993286e-06
5.128000e+00 2.997450e-06
5.130000e+00 3.001646e-06
5.132000e+00 3.005874e-06
5.134000e+00 3.010133e-06
5.136000e+00 3.014424e-06
5.138000e+00 3.018747e-06
5.140000e+00 3.023103e-06
5.142000e+00 3.027490e-06
5.144000e+00 3.031909e-06
5.146000e+00 3.036360e-06
5.148000e+00 3.040844e-06
5.150000e+00 3.045360e-06
5.152000e+00 3.049909e-06
5.154000e+00 3.054490e-06
5.156000e+00 3.059103e-06
5.158000e+00 3.063750e-06
5.160000e+00 3.068429e-06
5.162000e+00 3.073141e-06
5.164000e+00 3.077885e-06
5.166000e+00 3.082663e-06
5.168000e+00 3.087474e-06
5.170000e+00 3.092319e-06
5.172000e+00 3.097196e-06
5.174000e+00 3.102107e-06
5.176000e+00 3.107051e-06
5.178000e+00 3.112029e-06
5.180000e+00 3.117041e-06
5.182000e+00 3.122086e-06
5.184000e+00 3.127165e-06
5.186000e+00 3.132278e-06
5.188000e+00 3.137426e-06
5.190000e+00 3.142607e-06
5.192000e+00 3.147822e-06
5.194000e+00 3.153072e-06
5.196000e+00 3.158356e-06
5.198000e+00 3.163674e-06
5.200000e+00 3.169028e-06
5.202000e+00 3.174416e-06
5.204000e+00 3.179838e-06
5.206000e+00 3.185296e-06
5.208000e+00 3.190788e-06
5.210000e+00 3.196316e-06
5.212000e+00 3.201879e-06
5.214000e+00 3.207477e-06
5.216000e+00 3.213111e-06
5.218000e+00 3.218780e-06
5.220000e+00 3.224485e-06
5.222000e+00 3.230225e-06
5.224000e+00 3.236001e-06
5.226000e+00 3.241813e-06
5.228000e+00 3.247662e-06
5.230000e+00 3.253546e-06
5.232000e+00 3.259467e-06
5.234000e+00 3.265424e-06
5.236000e+00 3.271418e-06
5.238000e+00 3.277448e-06
5.240000e+00 3.283515e-06
5.242000e+00 3.289619e-06
5.244000e+00 3.295760e-06
5.246000e+00 3.301938e-06
5.248000e+00 3.308153e-06
5.250000e+00 3.314405e-06
5.252000e+00 3.320695e-06
5.254000e+00 3.327022e-06
5.256000e+00 3.333388e-06
5.258000e+00 3.339791e-06
5.260000e+00 3.346231e-06
5.262000e+00 3.352710e-06
5.264000e+00 3.359227e-06
5.266000e+00 3.365783e-06
5.268000e+00 3.372377e-06
5.270000e+00 3.379009e-06
5.272000e+00 3.385680e-06
5.274000e+00 3.392390e-06
5.276000e+00 3.399139e-06
5.278000e+00 3.405927e-06
5.280000e+00 3.412755e-06
5.282000e+00 3.419621e-06
5.284000e+00 3.426528e-06
5.286000e+00 3.433473e-06
5.288000e+00 3.440459e-06
5.290000e+00 3.447484e-06
5.292000e+00 3.454550e-06
5.294000e+00 3.461656e-06
5.296000e+00 3.468802e-06
5.298000e+00 3.475988e-06
5.300000e+00 3.483216e-06
5.302000e+00 3.490484e-06
5.304000e+00 3.497793e-06
5.306000e+00 3.505142e-06
5.308000e+00 3.512534e-06
5.310000e+00 3.519966e-06
5.312000e+00 3.527440e-06
5.314000e+00 3.534956e-06
5.316000e+00 3.542514e-06
5.318000e+00 3.550113e-06
5.320000e+00 3.557755e-06
5.322000e+00 3.565439e-06
5.324000e+00 3.573166e-06
5.326000e+00 3.580935e-06
5.328000e+00 3.588747e-06
5.330000e+00 3.596601e-06
5.332000e+00 3.604499e-06
5.334000e+00 3.612441e-06
5.336000e+00 3.620425e-06
5.338000e+00 3.628453e-06
5.340000e+00 3.636525e-06
5.342000e+00 3.644641e-06
5.344000e+00 3.652801e-06
5.346000e+00 3.661006e-06
5.348000e+00 3.669254e-06
5.350000e+00 3.677548e-06
5.352000e+00 3.685886e-06
5.354000e+00 3.694269e-06
5.356000e+00 3.702698e-06
5.358000e+00 3.711171e-06
5.360000e+00 3.719690e-06
5.362000e+00 3.728255e-06
5.364000e+00 3.736866e-06
5.366000e+00 3.745523e-06
5.368000e+00 3.754226e-06
5.370000e+00 3.762976e-06
5.372000e+00 3.771772e-06
5.374000e+00 3.780615e-06
5.376000e+00 3.789505e-06
5.378000e+00 3.798442e-06
5.380000e+00 3.807427e-06
5.382000e+00 3.816459e-06
5.384000e+00 3.825540e-06
5.386000e+00 3.834668e-06
5.388000e+00 3.843844e-06
5.390000e+00 3.853069e-06
5.392000e+00 3.862342e-06
5.394000e+00 3.871664e-06
5.396000e+00 3.881036e-06
5.398000e+00 3.890456e-06
5.400000e+00 3.899926e-06
5.402000e+00 3.909446e-06
5.404000e+00 3.919015e-06
5.406000e+00 3.928635e-06
5.408000e+00 3.938304e-06
5.410000e+00 3.948025e-06
5.412000e+00 3.957796e-06
5.414000e+00 3.967618e-06
5.416000e+00 3.977491e-06
5.418000e+00 3.987416e-06
5.420000e+00 3.997393e-06
5.422000e+00 4.007421e-06
5.424000e+00 4.017501e-06
5.426000e+00 4.027634e-06
5.428000e+00 4.037819e-06
5.430000e+00 4.048057e-06
5.432000e+00 4.058349e-06
5.434000e+00 4.068693e-06
5.436000e+00 4.079091e-06
5.438000e+00 4.089543e-06
5.440000e+00 4.100049e-06
5.442000e+00 4.110609e-06
5.444000e+00 4.121223e-06
5.446000e+00 4.131893e-06
5.448000e+00 4.142617e-06
5.450000e+00 4.153397e-06
5.452000e+00 4.164232e-06
5.454000e+00 4.175123e-06
5.456000e+00 4.186070e-06
5.458000e+00 4.197074e-06
5.460000e+00 4.208134e-06
5.462000e+00 4.219251e-06
5.464000e+00 4.230425e-06
5.466000e+00 4.241656e-06
5.468000e+00 4.252945e-06
5.470000e+00 4.264292e-06
5.472000e+00 4.275697e-06
5.474000e+00 4.287161e-06
5.476000e+00 4.298684e-06
5.478000e+00 4.310265e-06
5.480000e+00 4.321906e-06
5.482000e+00 4.333607e-06
5.484000e+00 4.345367e-06
5.486000e+00 4.357188e-06
5.488000e+00 4.369069e-06
5.490000e+00 4.381011e-06
5.492000e+00 4.393015e-06
5.494000e+00 4.405079e-06
5.496000e+00 4.417206e-06
5.498000e+00 4.429394e-06
5.500000e+00 4.441645e-06
5.502000e+00 4.453958e-06
5.504000e+00 4.466335e-06
5.506000e+00 4.478774e-06
5.508000e+00 4.491278e-06
5.510000e+00 4.503845e-06
5.512000e+00 4.516477e-06
5.514000e+00 4.529173e-06
5.516000e+00 4.541934e-06
5.518000e+00 4.554760e-06
5.520000e+00 4.567652e-06
5.522000e+00 4.580610e-06
5.524000e+00 4.593634e-06
5.526000e+00 4.606724e-06
5.528000e+00 4.619882e-06
5.530000e+00 4.633107e-06
5.532000e+00 4.646399e-06
5.534000e+00 4.659760e-06
5.536000e+00 4.673189e-06
5.538000e+00 4.686687e-06
5.540000e+00 4.700253e-06
5.542000e+00 4.713890e-06
5.544000e+00 4.727596e-06
5.546000e+00 4.741372e-06
5.548000e+00 4.755219e-06
5.550000e+00 4.769137e-06
5.552000e+00 4.783126e-06
5.554000e+00 4.797186e-06
5.556000e+00 4.811319e-06
5.558000e+00 4.825525e-06
5.560000e+00 4.839803e-06
5.562000e+00 4.854155e-06
5.564000e+00 4.868580e-06
5.566000e+00 4.883079e-06
5.568000e+00 4.897653e-06
5.570000e+00 4.912302e-06
5.572000e+00 4.927026e-06
5.574000e+00 4.941826e-06
5.576000e+00 4.956702e-06
5.578000e+00 4.971654e-06
5.580000e+00 4.986684e-06
5.582000e+00 5.001791e-06
5.584000e+00 5.016976e-06
5.586000e+00 5.032239e-06
5.588000e+00 5.047581e-06
5.590000e+00 5.063002e-06
5.592000e+00 5.078503e-06
5.594000e+00 5.094084e-06
5.596000e+00 5.109745e-06
5.598000e+00 5.125488e-06
5.600000e+00 5.141312e-06
5.602000e+00 5.157218e-06
5.604000e+00 5.173206e-06
5.606000e+00 5.189277e-06
5.608000e+00 5.205432e-06
5.610000e+00 5.221670e-06
5.612000e+00 5.237993e-06
5.614000e+00 5.254400e-06
5.616000e+00 5.270893e-06
5.618000e+00 5.287472e-06
5.620000e+00 5.304137e-06
5.622000e+00 5.320889e-06
5.624000e+00 5.337729e-06
5.626000e+00 5.354656e-06
5.628000e+00 5.371671e-06
5.630000e+00 5.388776e-06
5.632000e+00 5.405970e-06
5.634000e+00 5.423254e-06
5.636000e+00 5.440628e-06
5.638000e+00 5.458094e-06
5.640000e+00 5.475651e-06
5.642000e+00 5.493301e-06
5.644000e+00 5.511043e-06
5.646000e+00 5.528878e-06
5.648000e+00 5.546807e-06
5.650000e+00 5.564831e-06
5.652000e+00 5.582950e-06
5.654000e+00 5.601164e-06
5.656000e+00 5.619475e-06
5.658000e+00 5.637882e-06
5.660000e+00 5.656387e-06
5.662000e+00 5.674990e-06
5.664000e+00 5.693691e-06
5.666000e+00 5.712492e-06
5.668000e+00 5.731392e-06
5.670000e+00 5.750393e-06
5.672000e+00 5.769495e-06
5.674000e+00 5.788698e-06
5.676000e+00 5.808004e-06
5.678000e+00 5.827413e-06
5.680000e+00 5.846926e-06
5.682000e+00 5.866543e-06
5.684000e+00 5.886265e-06
5.686000e+00 5.906093e-06
5.688000e+00 5.926027e-06
5.690000e+00 5.946068e-06
5.692000e+00 5.966216e-06
5.694000e+00 5.986474e-06
5.696000e+00 6.006840e-06
5.698000e+00 6.027316e-06
5.700000e+00 6.047902e-06
5.702000e+00 6.068600e-06
5.704000e+00 6.089410e-06
5.706000e+00 6.110332e-06
5.708000e+00 6.131368e-06
5.710000e+00 6.152518e-06
5.712000e+00 6.173783e-06
5.714000e+00 6.195164e-06
5.716000e+00 6.216661e-06
5.718000e+00 6.238276e-06
5.720000e+00 6.260008e-06
5.722000e+00 6.281860e-06
5.724000e+00 6.303831e-06
5.726000e+00 6.325922e-06
5.728000e+00 6.348134e-06
5.730000e+00 6.370469e-06
5.732000e+00 6.392926e-06
5.734000e+00 6.415507e-06
5.736000e+00 6.438213e-06
5.738000e+00 6.461044e-06
5.740000e+00 6.484001e-06
5.742000e+00 6.507085e-06
5.744000e+00 6.530298e-06
5.746000e+00 6.553639e-06
5.748000e+00 6.577109e-06
5.750000e+00 6.600711e-06
5.752000e+00 6.624444e-06
5.754000e+00 6.648309e-06
5.756000e+00 6.672308e-06
5.758000e+00 6.696441e-06
5.760000e+00 6.720709e-06
5.762000e+00 6.745113e-06
5.764000e+00 6.769655e-06
5.766000e+00 6.794335e-06
5.768000e+00 6.819153e-06
5.770000e+00 6.844112e-06
5.772000e+00 6.869212e-06
5.774000e+00 6.894453e-06
5.776000e+00 6.919838e-06
5.778000e+00 6.945367e-06
5.780000e+00 6.971041e-06
5.782000e+00 6.996861e-06
5.784000e+00 7.022828e-06
5.786000e+00 7.048943e-06
5.788000e+00 7.075208e-06
5.790000e+00 7.101623e-06
5.792000e+00 7.128190e-06
5.794000e+00 7.154909e-06
5.796000e+00 7.181781e-06
5.798000e+00 7.208809e-06
5.800000e+00 7.235992e-06
5.802000e+00 7.263333e-06
5.804000e+00 7.290832e-06
5.806000e+00 7.318490e-06
5.808000e+00 7.346309e-06
5.810000e+00 7.374289e-06
5.812000e+00 7.402432e-06
5.814000e+00 7.430740e-06
5.816000e+00 7.459213e-06
5.818000e+00 7.487852e-06
5.820000e+00 7.516659e-06
5.822000e+00 7.545636e-06
5.824000e+00 7.574782e-06
5.826000e+00 7.604101e-06
5.828000e+00 7.633592e-06
5.830000e+00 7.663258e-06
5.832000e+00 7.693099e-06
5.834000e+00 7.723117e-06
5.836000e+00 7.753313e-06
5.838000e+00 7.783689e-06
5.840000e+00 7.814245e-06
5.842000e+00 7.844984e-06
5.844000e+00 7.875907e-06
5.846000e+00 7.907015e-06
5.848000e+00 7.938310e-06
5.850000e+00 7.969792e-06
5.852000e+00 8.001464e-06
5.854000e+00 8.033327e-06
5.856000e+00 8.065383e-06
5.858000e+00 8.097632e-06
5.860000e+00 8.130076e-06
5.862000e+00 8.162718e-06
5.864000e+00 8.195558e-06
5.866000e+00 8.228598e-06
5.868000e+00 8.261840e-06
5.870000e+00 8.295285e-06
5.872000e+00 8.328934e-06
5.874000e+00 8.362790e-06
5.876000e+00 8.396854e-06
5.878000e+00 8.431128e-06
5.880000e+00 8.465613e-06
5.882000e+00 8.500311e-06
5.884000e+00 8.535224e-06
5.886000e+00 8.570353e-06
5.888000e+00 8.605701e-06
5.890000e+00 8.641268e-06
5.892000e+00 8.677057e-06
5.894000e+00 8.713070e-06
5.896000e+00 8.749308e-06
5.898000e+00 8.785773e-06
5.900000e+00 8.822466e-06
5.902000e+00 8.859391e-06
5.904000e+00 8.896548e-06
5.906000e+00 8.933940e-06
5.908000e+00 8.971568e-06
5.910000e+00 9.009435e-06
5.912000e+00 9.047542e-06
5.914000e+00 9.085891e-06
5.916000e+00 9.124485e-06
5.918000e+00 9.163324e-06
5.920000e+00 9.202413e-06
5.922000e+00 9.241751e-06
5.924000e+00 9.281342e-06
5.926000e+00 9.321188e-06
5.928000e+00 9.361290e-06
5.930000e+00 9.401651e-06
5.932000e+00 9.442272e-06
5.934000e+00 9.483157e-06
5.936000e+00 9.524307e-06
5.938000e+00 9.565725e-06
5.940000e+00 9.607412e-06
5.942000e+00 9.649371e-06
5.944000e+00 9.691605e-06
5.946000e+00 9.734115e-06
5.948000e+00 9.776904e-06
5.950000e+00 9.819974e-06
5.952000e+00 9.863327e-06
5.954000e+00 9.906967e-06
5.956000e+00 9.950895e-06
5.958000e+00 9.995114e-06
5.960000e+00 1.003963e-05
5.962000e+00 1.008443e-05
5.964000e+00 1.012954e-05
5.966000e+00 1.017495e-05
5.968000e+00 1.022066e-05
5.970000e+00 1.026667e-05
5.972000e+00 1.031300e-05
5.974000e+00 1.035963e-05
5.976000e+00 1.040658e-05
5.978000e+00 1.045385e-05
5.980000e+00 1.050144e-05
5.982000e+00 1.054934e-05
5.984000e+00 1.059758e-05
5.986000e+00 1.064614e-05
5.988000e+00 1.069503e-05
5.990000e+00 1.074425e-05
5.992000e+00 1.079381e-05
5.994000e+00 1.084370e-05
5.996000e+00 1.089394e-05
5.998000e+00 1.094453e-05
6.000000e+00 1.099546e-05
6.002000e+00 1.104674e-05
6.004000e+00 1.109838e-05
6.006000e+00 1.115037e-05
6.008000e+00 1.120272e-05
6.010000e+00 1.125544e-05
6.012000e+00 1.130852e-05
6.014000e+00 1.136197e-05
6.016000e+00 1.141580e-05
6.018000e+00 1.146999e-05
6.020000e+00 1.152457e-05
6.022000e+00 1.157953e-05
6.024000e+00 1.163488e-05
6.026000e+00 1.169061e-05
6.028000e+00 1.174673e-05
6.030000e+00 1.180325e-05
6.032000e+00 1.186017e-05
6.034000e+00 1.191749e-05
6.036000e+00 1.197522e-05
6.038000e+00 1.203336e-05
6.040000e+00 1.209190e-05
6.042000e+00 1.215087e-05
6.044000e+00 1.221025e-05
6.046000e+00 1.227006e-05
6.048000e+00 1.233029e-05
6.050000e+00 1.239096e-05
6.052000e+00 1.245206e-05
6.054000e+00 1.251359e-05
6.056000e+00 1.257557e-05
6.058000e+00 1.263799e-05
6.060000e+00 1.270086e-05
6.062000e+00 1.276418e-05
6.064000e+00 1.282797e-05
6.066000e+00 1.289221e-05
6.068000e+00 1.295691e-05
6.070000e+00 1.302208e-05
6.072000e+00 1.308773e-05
6.074000e+00 1.315385e-05
6.076000e+00 1.322044e-05
6.078000e+00 1.328753e-05
6.080000e+00 1.335510e-05
6.082000e+00 1.342316e-05
6.084000e+00 1.349172e-05
6.086000e+00 1.356077e-05
6.088000e+00 1.363033e-05
6.090000e+00 1.370040e-05
6.092000e+00 1.377098e-05
6.094000e+00 1.384207e-05
6.096000e+00 1.391368e-05
6.098000e+00 1.398582e-05
6.100000e+00 1.405849e-05
6.102000e+00 1.413168e-05
6.104000e+00 1.420541e-05
6.106000e+00 1.427969e-05
6.108000e+00 1.435450e-05
6.110000e+00 1.442987e-05
6.112000e+00 1.450578e-05
6.114000e+00 1.458226e-05
6.116000e+00 1.465929e-05
6.118000e+00 1.473689e-05
6.120000e+00 1.481505e-05
6.122000e+00 1.489379e-05
6.124000e+00 1.497310e-05
6.126000e+00 1.505300e-05
6.128000e+00 1.513348e-05
6.130000e+00 1.521455e-05
6.132000e+00 1.529621e-05
6.134000e+00 1.537846e-05
6.136000e+00 1.546132e-05
6.138000e+00 1.554478e-05
6.140000e+00 1.562884e-05
6.142000e+00 1.571352e-05
6.144000e+00 1.579882e-05
6.146000e+00 1.588473e-05
6.148000e+00 1.597126e-05
6.150000e+00 1.605843e-05
6.152000e+00 1.614622e-05
6.154000e+00 1.623464e-05
6.156000e+00 1.632370e-05
6.158000e+00 1.641340e-05
6.160000e+00 1.650374e-05
6.162000e+00 1.659472e-05
6.164000e+00 1.668636e-05
6.166000e+00 1.677864e-05
6.168000e+00 1.687158e-05
6.170000e+00 1.696518e-05
6.172000e+00 1.705944e-05
6.174000e+00 1.715436e-05
6.176000e+00 1.724994e-05
6.178000e+00 1.734619e-05
6.180000e+00 1.744310e-05
6.182000e+00 1.754069e-05
6.184000e+00 1.763895e-05
6.186000e+00 1.773788e-05
6.188000e+00 1.783749e-05
6.190000e+00 1.793777e-05
6.192000e+00 1.803873e-05
6.194000e+00 1.814037e-05
6.196000e+00 1.824269e-05
6.198000e+00 1.834568e-05
6.200000e+00 1.844935e-05
6.202000e+00 1.855370e-05
6.204000e+00 1.865873e-05
6.206000e+00 1.876444e-05
6.208000e+00 1.887082e-05
6.210000e+00 1.897787e-05
6.212000e+00 1.908560e-05
6.214000e+00 1.919400e-05
6.216000e+00 1.930307e-05
6.218000e+00 1.941281e-05
6.220000e+00 1.952321e-05
6.222000e+00 1.963427e-05
6.224000e+00 1.974598e-05
6.226000e+00 1.985835e-05
6.228000e+00 1.997136e-05
6.230000e+00 2.008502e-05
6.232000e+00 2.019931e-05
6.234000e+00 2.031423e-05
6.236000e+00 2.042978e-05
6.238000e+00 2.054595e-05
6.240000e+00 2.066272e-05
6.242000e+00 2.078010e-05
6.244000e+00 2.089807e-05
6.246000e+00 2.101662e-05
6.248000e+00 2.113575e-05
6.250000e+00 2.125544e-05
6.252000e+00 2.137569e-05
6.254000e+00 2.149647e-05
6.256000e+00 2.161778e-05
6.258000e+00 2.173961e-05
6.260000e+00 2.186194e-05
6.262000e+00 2.198475e-05
6.264000e+00 2.210804e-05
6.266000e+00 2.223178e-05
6.268000e+00 2.235595e-05
6.270000e+00 2.248055e-05
6.272000e+00 2.260555e-05
6.274000e+00 2.273093e-05
6.276000e+00 2.285667e-05
6.278000e+00 2.298275e-05
6.280000e+00 2.310914e-05
6.282000e+00 2.323583e-05
6.284000e+00 2.336279e-05
6.286000e+00 2.348999e-05
6.288000e+00 2.361741e-05
6.290000e+00 2.374501e-05
6.292000e+00 2.387278e-05
6.294000e+00 2.400068e-05
6.296000e+00 2.412868e-05
6.298000e+00 2.425674e-05
6.300000e+00 2.438485e-05
6.302000e+00 2.451295e-05
6.304000e+00 2.464102e-05
6.306000e+00 2.476901e-05
6.308000e+00 2.489690e-05
6.310000e+00 2.502464e-05
6.312000e+00 2.515219e-05
6.314000e+00 2.527952e-05
6.316000e+00 2.540657e-05
6.318000e+00 2.553330e-05
6.320000e+00 2.565968e-05
6.322000e+00 2.578564e-05
6.324000e+00 2.591115e-05
6.326000e+00 2.603616e-05
6.328000e+00 2.616062e-05
6.330000e+00 2.628447e-05
6.332000e+00 2.640766e-05
6.334000e+00 2.653015e-05
6.336000e+00 2.665187e-05
6.338000e+00 2.677277e-05
6.340000e+00 2.689279e-05
6.342000e+00 2.701188e-05
6.344000e+00 2.712998e-05
6.346000e+00 2.724702e-05
6.348000e+00 2.736296e-05
6.350000e+00 2.747772e-05
6.352000e+00 2.759124e-05
6.354000e+00 2.770347e-05
6.356000e+00 2.781433e-05
6.358000e+00 2.792377e-05
6.360000e+00 2.803172e-05
6.362000e+00 2.813811e-05
6.364000e+00 2.824288e-05
6.366000e+00 2.834596e-05
6.368000e+00 2.844730e-05
6.370000e+00 2.854681e-05
6.372000e+00 2.864444e-05
6.374000e+00 2.874012e-05
6.376000e+00 2.883378e-05
6.378000e+00 2.892536e-05
6.380000e+00 2.901480e-05
6.382000e+00 2.910202e-05
6.384000e+00 2.918697e-05
6.386000e+00 2.926957e-05
6.388000e+00 2.934978e-05
6.390000e+00 2.942752e-05
6.392000e+00 2.950274e-05
6.394000e+00 2.957538e-05
6.396000e+00 2.964537e-05
6.398000e+00 2.971267e-05
6.400000e+00 2.977721e-05
6.402000e+00 2.983895e-05
6.404000e+00 2.989782e-05
6.406000e+00 2.995380e-05
6.408000e+00 3.000681e-05
6.410000e+00 3.005683e-05
6.412000e+00 3.010380e-05
6.414000e+00 3.014768e-05
6.416000e+00 3.018844e-05
6.418000e+00 3.022604e-05
6.420000e+00 3.026044e-05
6.422000e+00 3.029162e-05
6.424000e+00 3.031955e-05
6.426000e+00 3.034419e-05
6.428000e+00 3.036554e-05
6.430000e+00 3.038356e-05
6.432000e+00 3.039825e-05
6.434000e+00 3.040958e-05
6.436000e+00 3.041755e-05
6.438000e+00 3.042216e-05
6.440000e+00 3.042339e-05
6.442000e+00 3.042125e-05
6.444000e+00 3.041573e-05
6.446000e+00 3.040685e-05
6.448000e+00 3.039460e-05
6.450000e+00 3.037901e-05
6.452000e+00 3.036009e-05
6.454000e+00 3.033785e-05
6.456000e+00 3.031231e-05
6.458000e+00 3.028351e-05
6.460000e+00 3.025145e-05
6.462000e+00 3.021618e-05
6.464000e+00 3.017772e-05
6.466000e+00 3.013612e-05
6.468000e+00 3.009139e-05
6.470000e+00 3.004360e-05
6.472000e+00 2.999277e-05
6.474000e+00 2.993895e-05
6.476000e+00 2.988218e-05
6.478000e+00 2.982253e-05
6.480000e+00 2.976003e-05
6.482000e+00 2.969473e-05
6.484000e+00 2.962670e-05
6.486000e+00 2.955599e-05
6.488000e+00 2.948265e-05
6.490000e+00 2.940674e-05
6.492000e+00 2.932833e-05
6.494000e+00 2.924746e-05
6.496000e+00 2.916422e-05
6.498000e+00 2.907865e-05
6.500000e+00 2.899082e-05
6.502000e+00 2.890080e-05
6.504000e+00 2.880865e-05
6.506000e+00 2.871444e-05
6.508000e+00 2.861822e-05
6.510000e+00 2.852008e-05
6.512000e+00 2.842007e-05
6.514000e+00 2.831825e-05
6.516000e+00 2.821470e-05
6.518000e+00 2.810949e-05
6.520000e+00 2.800267e-05
6.522000e+00 2.789431e-05
6.524000e+00 2.778448e-05
6.526000e+00 2.767324e-05
6.528000e+00 2.756066e-05
6.530000e+00 2.744679e-05
6.532000e+00 2.733171e-05
6.534000e+00 2.721547e-05
6.536000e+00 2.709814e-05
6.538000e+00 2.697976e-05
6.540000e+00 2.686041e-05
6.542000e+00 2.674015e-05
6.544000e+00 2.661902e-05
6.546000e+00 2.649709e-05
6.548000e+00 2.637441e-05
6.550000e+00 2.625103e-05
6.552000e+00 2.612701e-05
6.554000e+00 2.600240e-05
6.556000e+00 2.587725e-05
6.558000e+00 2.575161e-05
6.560000e+00 2.562553e-05
6.562000e+00 2.549906e-05
6.564000e+00 2.537223e-05
6.566000e+00 2.524510e-05
6.568000e+00 2.511771e-05
6.570000e+00 2.499011e-05
6.572000e+00 2.486232e-05
6.574000e+00 2.473440e-05
6.576000e+00 2.460638e-05
6.578000e+00 2.447830e-05
6.580000e+00 2.435020e-05
6.582000e+00 2.422210e-05
6.584000e+00 2.409405e-05
6.586000e+00 2.396607e-05
6.588000e+00 2.383821e-05
6.590000e+00 2.371048e-05
6.592000e+00 2.358292e-05
6.594000e+00 2.345556e-05
6.596000e+00 2.332842e-05
6.598000e+00 2.320154e-05
6.600000e+00 2.307492e-05
6.602000e+00 2.294861e-05
6.604000e+00 2.282262e-05
6.606000e+00 2.269698e-05
6.608000e+00 2.257170e-05
6.610000e+00 2.244681e-05
6.612000e+00 2.232232e-05
6.614000e+00 2.219826e-05
6.616000e+00 2.207464e-05
6.618000e+00 2.195149e-05
6.620000e+00 2.182880e-05
6.622000e+00 2.170661e-05
6.624000e+00 2.158492e-05
6.626000e+00 2.146375e-05
6.628000e+00 2.134311e-05
6.630000e+00 2.122301e-05
6.632000e+00 2.110347e-05
6.634000e+00 2.098450e-05
6.636000e+00 2.086610e-05
6.638000e+00 2.074829e-05
6.640000e+00 2.063108e-05
6.642000e+00 2.051447e-05
6.644000e+00 2.039847e-05
6.646000e+00 2.028309e-05
6.648000e+00 2.016833e-05
6.650000e+00 2.005421e-05
6.652000e+00 1.994073e-05
6.654000e+00 1.982789e-05
6.656000e+00 1.971570e-05
6.658000e+00 1.960416e-05
6.660000e+00 1.949328e-05
6.662000e+00 1.938306e-05
6.664000e+00 1.927351e-05
6.666000e+00 1.916462e-05
6.668000e+00 1.905640e-05
6.670000e+00 1.894885e-05
6.672000e+00 1.884198e-05
6.674000e+00 1.873578e-05
6.676000e+00 1.863026e-05
6.678000e+00 1.852541e-05
6.680000e+00 1.842124e-05
6.682000e+00 1.831776e-05
6.684000e+00 1.821495e-05
6.686000e+00 1.811281e-05
6.688000e+00 1.801136e-05
6.690000e+00 1.791058e-05
6.692000e+00 1.781048e-05
6.694000e+00 1.771106e-05
6.696000e+00 1.761231e-05
6.698000e+00 1.751423e-05
6.700000e+00 1.741682e-05
6.702000e+00 1.732009e-05
6.704000e+00 1.722402e-05
6.706000e+00 1.712862e-05
6.708000e+00 1.703388e-05
6.710000e+00 1.693980e-05
6.712000e+00 1.684638e-05
6.714000e+00 1.675362e-05
6.716000e+00 1.666151e-05
6.718000e+00 1.657005e-05
6.720000e+00 1.647924e-05
6.722000e+00 1.638907e-05
6.724000e+00 1.629955e-05
6.726000e+00 1.621066e-05
6.728000e+00 1.612241e-05
6.730000e+00 1.603479e-05
6.732000e+00 1.594780e-05
6.734000e+00 1.586143e-05
6.736000e+00 1.577569e-05
6.738000e+00 1.569056e-05
6.740000e+00 1.560605e-05
6.742000e+00 1.552214e-05
6.744000e+00 1.543885e-05
6.746000e+00 1.535615e-05
6.748000e+00 1.527406e-05
6.750000e+00 1.519256e-05
6.752000e+00 1.511165e-05
6.754000e+00 1.503133e-05
6.756000e+00 1.495159e-05
6.758000e+00 1.487244e-05
6.760000e+00 1.479385e-05
6.762000e+00 1.471584e-05
6.764000e+00 1.463840e-05
6.766000e+00 1.456152e-05
6.768000e+00 1.448519e-05
6.770000e+00 1.440943e-05
6.772000e+00 1.433421e-05
6.774000e+00 1.425954e-05
6.776000e+00 1.418542e-05
6.778000e+00 1.411183e-05
6.780000e+00 1.403878e-05
6.782000e+00 1.396626e-05
6.784000e+00 1.389426e-05
6.786000e+00 1.382279e-05
6.788000e+00 1.375184e-05
6.790000e+00 1.368140e-05
6.792000e+00 1.361147e-05
6.794000e+00 1.354204e-05
6.796000e+00 1.347312e-05
6.798000e+00 1.340470e-05
6.800000e+00 1.333677e-05
6.802000e+00 1.326933e-05
6.804000e+00 1.320238e-05
6.806000e+00 1.313591e-05
6.808000e+00 1.306992e-05
6.810000e+00 1.300441e-05
6.812000e+00 1.293936e-05
6.814000e+00 1.287478e-05
6.816000e+00 1.281067e-05
6.818000e+00 1.274701e-05
6.820000e+00 1.268381e-05
6.822000e+00 1.262106e-05
6.824000e+00 1.255876e-05
6.826000e+00 1.249690e-05
6.828000e+00 1.243549e-05
6.830000e+00 1.237451e-05
6.832000e+00 1.231396e-05
6.834000e+00 1.225384e-05
6.836000e+00 1.219415e-05
6.838000e+00 1.213488e-05
6.840000e+00 1.207603e-05
6.842000e+00 1.201759e-05
6.844000e+00 1.195957e-05
6.846000e+00 1.190195e-05
6.848000e+00 1.184474e-05
6.850000e+00 1.178793e-05
6.852000e+00 1.173151e-05
6.854000e+00 1.167550e-05
6.856000e+00 1.161987e-05
6.858000e+00 1.156463e-05
6.860000e+00 1.150977e-05
6.862000e+00 1.145530e-05
6.864000e+00 1.140120e-05
6.866000e+00 1.134748e-05
6.868000e+00 1.129413e-05
6.870000e+00 1.124115e-05
6.872000e+00 1.118853e-05
6.874000e+00 1.113627e-05
6.876000e+00 1.108438e-05
6.878000e+00 1.103284e-05
6.880000e+00 1.098165e-05
6.882000e+00 1.093081e-05
6.884000e+00 1.088032e-05
6.886000e+00 1.083017e-05
6.888000e+00 1.078037e-05
6.890000e+00 1.073090e-05
6.892000e+00 1.068177e-05
6.894000e+00 1.063297e-05
6.896000e+00 1.058450e-05
6.898000e+00 1.053635e-05
6.900000e+00 1.048853e-05
6.902000e+00 1.044103e-05
6.904000e+00 1.039385e-05
6.906000e+00 1.034699e-05
6.908000e+00 1.030044e-05
6.910000e+00 1.025420e-05
6.912000e+00 1.020826e-05
6.914000e+00 1.016264e-05
6.916000e+00 1.011731e-05
6.918000e+00 1.007228e-05
6.920000e+00 1.002756e-05
6.922000e+00 9.983125e-06
6.924000e+00 9.938985e-06
6.926000e+00 9.895135e-06
6.928000e+00 9.851573e-06
6.930000e+00 9.808296e-06
6.932000e+00 9.765302e-06
6.934000e+00 9.722589e-06
6.936000e+00 9.680154e-06
6.938000e+00 9.637995e-06
6.940000e+00 9.596110e-06
6.942000e+00 9.554496e-06
6.944000e+00 9.513151e-06
6.946000e+00 9.472072e-06
6.948000e+00 9.431259e-06
6.950000e+00 9.390708e-06
6.952000e+00 9.350417e-06
6.954000e+00 9.310385e-06
6.956000e+00 9.270608e-06
6.958000e+00 9.231086e-06
6.960000e+00 9.191815e-06
6.962000e+00 9.152795e-06
6.964000e+00 9.114022e-06
6.966000e+00 9.075494e-06
6.968000e+00 9.037211e-06
6.970000e+00 8.999169e-06
6.972000e+00 8.961367e-06
6.974000e+00 8.923803e-06
6.976000e+00 8.886475e-06
6.978000e+00 8.849381e-06
6.980000e+00 8.812519e-06
6.982000e+00 8.775887e-06
6.984000e+00 8.739484e-06
6.986000e+00 8.703307e-06
6.988000e+00 8.667355e-06
6.990000e+00 8.631626e-06
6.992000e+00 8.596118e-06
6.994000e+00 8.560830e-06
6.996000e+00 8.525760e-06
6.998000e+00 8.490905e-06
7.000000e+00 8.456265e-06
7.002000e+00 8.421837e-06
7.004000e+00 8.387620e-06
7.006000e+00 8.353612e-06
7.008000e+00 8.319812e-06
7.010000e+00 8.286218e-06
7.012000e+00 8.252828e-06
7.014000e+00 8.219641e-06
7.016000e+00 8.186656e-06
7.018000e+00 8.153869e-06
7.020000e+00 8.121281e-06
7.022000e+00 8.088890e-06
7.024000e+00 8.056693e-06
7.026000e+00 8.024690e-06
7.028000e+00 7.992879e-06
7.030000e+00 7.961258e-06
7.032000e+00 7.929827e-06
7.034000e+00 7.898583e-06
7.036000e+00 7.867525e-06
7.038000e+00 7.836652e-06
7.040000e+00 7.805962e-06
7.042000e+00 7.775455e-06
7.044000e+00 7.745128e-06
7.046000e+00 7.714980e-06
7.048000e+00 7.685010e-06
7.050000e+00 7.655216e-06
7.052000e+00 7.625598e-06
7.054000e+00 7.596154e-06
7.056000e+00 7.566882e-06
7.058000e+00 7.537781e-06
7.060000e+00 7.508851e-06
7.062000e+00 7.480089e-06
7.064000e+00 7.451495e-06
7.066000e+00 7.423067e-06
7.068000e+00 7.394804e-06
7.070000e+00 7.366705e-06
7.072000e+00 7.338768e-06
7.074000e+00 7.310993e-06
7.076000e+00 7.283378e-06
7.078000e+00 7.255922e-06
7.080000e+00 7.228624e-06
7.082000e+00 7.201483e-06
7.084000e+00 7.174498e-06
7.086000e+00 7.147666e-06
7.088000e+00 7.120989e-06
7.090000e+00 7.094463e-06
7.092000e+00 7.068089e-06
7.094000e+00 7.041865e-06
7.096000e+00 7.015790e-06
7.098000e+00 6.989862e-06
7.100000e+00 6.964082e-06
7.102000e+00 6.938447e-06
7.104000e+00 6.912958e-06
7.106000e+00 6.887612e-06
7.108000e+00 6.862409e-06
7.110000e+00 6.837347e-06
7.112000e+00 6.812426e-06
7.114000e+00 6.787645e-06
7.116000e+00 6.763003e-06
7.118000e+00 6.738499e-06
7.120000e+00 6.714132e-06
7.122000e+00 6.689900e-06
7.124000e+00 6.665803e-06
7.126000e+00 6.641841e-06
7.128000e+00 6.618011e-06
7.130000e+00 6.594314e-06
7.132000e+00 6.570748e-06
7.134000e+00 6.547313e-06
7.136000e+00 6.524006e-06
7.138000e+00 6.500829e-06
7.140000e+00 6.477779e-06
7.142000e+00 6.454856e-06
7.144000e+00 6.432059e-06
7.146000e+00 6.409387e-06
7.148000e+00 6.386840e-06
7.150000e+00 6.364416e-06
7.152000e+00 6.342114e-06
7.154000e+00 6.319935e-06
7.156000e+00 6.297876e-06
7.158000e+00 6.275937e-06
7.160000e+00 6.254118e-06
7.162000e+00 6.232418e-06
7.164000e+00 6.210835e-06
7.166000e+00 6.189370e-06
7.168000e+00 6.168020e-06
7.170000e+00 6.146786e-06
7.172000e+00 6.125667e-06
7.174000e+00 6.104662e-06
7.176000e+00 6.083770e-06
7.178000e+00 6.062991e-06
7.180000e+00 6.042323e-06
7.182000e+00 6.021766e-06
7.184000e+00 6.001320e-06
7.186000e+00 5.980984e-06
7.188000e+00 5.960756e-06
7.190000e+00 5.940636e-06
7.192000e+00 5.920624e-06
7.194000e+00 5.900719e-06
7.196000e+00 5.880920e-06
7.198000e+00 5.861227e-06
7.200000e+00 5.841638e-06
7.202000e+00 5.822153e-06
7.204000e+00 5.802772e-06
7.206000e+00 5.783494e-06
7.208000e+00 5.764318e-06
7.210000e+00 5.745243e-06
7.212000e+00 5.726270e-06
7.214000e+00 5.707396e-06
7.216000e+00 5.688623e-06
7.218000e+00 5.669948e-06
7.220000e+00 5.651372e-06
7.222000e+00 5.632894e-06
7.224000e+00 5.614513e-06
7.226000e+00 5.596228e-06
7.228000e+00 5.578040e-06
7.230000e+00 5.559947e-06
7.232000e+00 5.541949e-06
7.234000e+00 5.524045e-06
7.236000e+00 5.506235e-06
7.238000e+00 5.488518e-06
7.240000e+00 5.470893e-06
7.242000e+00 5.453361e-06
7.244000e+00 5.435920e-06
7.246000e+00 5.418570e-06
