2.000000e-03 1.000000e-05
4.000000e-03 9.999638e-06
6.000000e-03 1.000013e-05
8.000000e-03 1.000148e-05
1.000000e-02 1.000368e-05
1.200000e-02 1.000673e-05
1.400000e-02 1.001064e-05
1.600000e-02 1.001539e-05
1.800000e-02 1.002100e-05
2.000000e-02 1.002745e-05
2.200000e-02 1.003474e-05
2.400000e-02 1.004287e-05
2.600000e-02 1.005184e-05
2.800000e-02 1.006165e-05
3.000000e-02 1.007228e-05
3.200000e-02 1.008374e-05
3.400000e-02 1.009601e-05
3.600000e-02 1.010911e-05
3.800000e-02 1.012301e-05
4.000000e-02 1.013772e-05
4.200000e-02 1.015323e-05
4.400000e-02 1.016953e-05
4.600000e-02 1.018662e-05
4.800000e-02 1.020449e-05
5.000000e-02 1.022313e-05
5.200000e-02 1.024254e-05
5.400000e-02 1.026271e-05
5.600000e-02 1.028363e-05
5.800000e-02 1.030530e-05
6.000000e-02 1.032770e-05
6.200000e-02 1.035084e-05
6.400000e-02 1.037469e-05
6.600000e-02 1.039925e-05
6.800000e-02 1.042452e-05
7.000000e-02 1.045049e-05
7.200000e-02 1.047714e-05
7.400000e-02 1.050446e-05
7.600000e-02 1.053246e-05
7.800000e-02 1.056111e-05
8.000000e-02 1.059042e-05
8.200000e-02 1.062037e-05
8.400000e-02 1.065094e-05
8.600000e-02 1.068214e-05
8.800000e-02 1.071396e-05
9.000000e-02 1.074637e-05
9.200000e-02 1.077938e-05
9.400000e-02 1.081298e-05
9.600000e-02 1.084715e-05
9.800000e-02 1.088188e-05
1.000000e-01 1.091717e-05
1.020000e-01 1.095300e-05
1.040000e-01 1.098937e-05
1.060000e-01 1.102626e-05
1.080000e-01 1.106368e-05
1.100000e-01 1.110159e-05
1.120000e-01 1.114001e-05
1.140000e-01 1.117891e-05
1.160000e-01 1.121830e-05
1.180000e-01 1.125815e-05
1.200000e-01 1.129846e-05
1.220000e-01 1.133922e-05
1.240000e-01 1.138042e-05
1.260000e-01 1.142206e-05
1.280000e-01 1.146412e-05
1.300000e-01 1.150659e-05
1.320000e-01 1.154946e-05
1.340000e-01 1.159273e-05
1.360000e-01 1.163639e-05
1.380000e-01 1.168043e-05
1.400000e-01 1.172484e-05
1.420000e-01 1.176960e-05
1.440000e-01 1.181472e-05
1.460000e-01 1.186019e-05
1.480000e-01 1.190599e-05
1.500000e-01 1.195212e-05
1.520000e-01 1.199857e-05
1.540000e-01 1.204533e-05
1.560000e-01 1.209239e-05
1.580000e-01 1.213976e-05
1.600000e-01 1.218741e-05
1.620000e-01 1.223534e-05
1.640000e-01 1.228354e-05
1.660000e-01 1.233201e-05
1.680000e-01 1.238075e-05
1.700000e-01 1.242973e-05
1.720000e-01 1.247896e-05
1.740000e-01 1.252843e-05
1.760000e-01 1.257812e-05
1.780000e-01 1.262805e-05
1.800000e-01 1.267819e-05
1.820000e-01 1.272854e-05
1.840000e-01 1.277910e-05
1.860000e-01 1.282986e-05
1.880000e-01 1.288081e-05
1.900000e-01 1.293195e-05
1.920000e-01 1.298327e-05
1.940000e-01 1.303476e-05
1.960000e-01 1.308642e-05
1.980000e-01 1.313825e-05
2.000000e-01 1.319024e-05
2.020000e-01 1.324238e-05
2.040000e-01 1.329466e-05
2.060000e-01 1.334709e-05
2.080000e-01 1.339966e-05
2.100000e-01 1.345235e-05
2.120000e-01 1.350518e-05
2.140000e-01 1.355812e-05
2.160000e-01 1.361119e-05
2.180000e-01 1.366437e-05
2.200000e-01 1.371765e-05
2.220000e-01 1.377104e-05
2.240000e-01 1.382453e-05
2.260000e-01 1.387811e-05
2.280000e-01 1.393178e-05
2.300000e-01 1.398554e-05
2.320000e-01 1.403939e-05
2.340000e-01 1.409331e-05
2.360000e-01 1.414730e-05
2.380000e-01 1.420137e-05
2.400000e-01 1.425550e-05
2.420000e-01 1.430969e-05
2.440000e-01 1.436395e-05
2.460000e-01 1.441826e-05
2.480000e-01 1.447262e-05
2.500000e-01 1.452703e-05
2.520000e-01 1.458149e-05
2.540000e-01 1.463599e-05
2.560000e-01 1.469052e-05
2.580000e-01 1.474510e-05
2.600000e-01 1.479971e-05
2.620000e-01 1.485434e-05
2.640000e-01 1.490901e-05
2.660000e-01 1.496369e-05
2.680000e-01 1.501840e-05
2.700000e-01 1.507313e-05
2.720000e-01 1.512787e-05
2.740000e-01 1.518263e-05
2.760000e-01 1.523739e-05
2.780000e-01 1.529217e-05
2.800000e-01 1.534694e-05
2.820000e-01 1.540173e-05
2.840000e-01 1.545651e-05
2.860000e-01 1.551129e-05
2.880000e-01 1.556606e-05
2.900000e-01 1.562083e-05
2.920000e-01 1.567559e-05
2.940000e-01 1.573034e-05
2.960000e-01 1.578508e-05
2.980000e-01 1.583980e-05
3.000000e-01 1.589451e-05
3.020000e-01 1.594919e-05
3.040000e-01 1.600386e-05
3.060000e-01 1.605850e-05
3.080000e-01 1.611312e-05
3.100000e-01 1.616771e-05
3.120000e-01 1.622227e-05
3.140000e-01 1.627680e-05
3.160000e-01 1.633130e-05
3.180000e-01 1.638577e-05
3.200000e-01 1.644020e-05
3.220000e-01 1.649460e-05
3.240000e-01 1.654896e-05
3.260000e-01 1.660328e-05
3.280000e-01 1.665755e-05
3.300000e-01 1.671179e-05
3.320000e-01 1.676598e-05
3.340000e-01 1.682012e-05
3.360000e-01 1.687422e-05
3.380000e-01 1.692827e-05
3.400000e-01 1.698227e-05
3.420000e-01 1.703622e-05
3.440000e-01 1.709012e-05
3.460000e-01 1.714397e-05
3.480000e-01 1.719776e-05
3.500000e-01 1.725149e-05
3.520000e-01 1.730517e-05
3.540000e-01 1.735879e-05
3.560000e-01 1.741236e-05
3.580000e-01 1.746586e-05
3.600000e-01 1.751930e-05
3.620000e-01 1.757268e-05
3.640000e-01 1.762600e-05
3.660000e-01 1.767925e-05
3.680000e-01 1.773244e-05
3.700000e-01 1.778556e-05
3.720000e-01 1.783862e-05
3.740000e-01 1.789161e-05
3.760000e-01 1.794453e-05
3.780000e-01 1.799738e-05
3.800000e-01 1.805016e-05
3.820000e-01 1.810287e-05
3.840000e-01 1.815550e-05
3.860000e-01 1.820807e-05
3.880000e-01 1.826056e-05
3.900000e-01 1.831298e-05
3.920000e-01 1.836533e-05
3.940000e-01 1.841759e-05
3.960000e-01 1.846979e-05
3.980000e-01 1.852190e-05
4.000000e-01 1.857394e-05
4.020000e-01 1.862590e-05
4.040000e-01 1.867778e-05
4.060000e-01 1.872959e-05
4.080000e-01 1.878131e-05
4.100000e-01 1.883295e-05
4.120000e-01 1.888452e-05
4.140000e-01 1.893600e-05
4.160000e-01 1.898739e-05
4.180000e-01 1.903871e-05
4.200000e-01 1.908994e-05
4.220000e-01 1.914109e-05
4.240000e-01 1.919216e-05
4.260000e-01 1.924314e-05
4.280000e-01 1.929404e-05
4.300000e-01 1.934485e-05
4.320000e-01 1.939557e-05
4.340000e-01 1.944621e-05
4.360000e-01 1.949676e-05
4.380000e-01 1.954723e-05
4.400000e-01 1.959761e-05
4.420000e-01 1.964790e-05
4.440000e-01 1.969810e-05
4.460000e-01 1.974821e-05
4.480000e-01 1.979824e-05
4.500000e-01 1.984817e-05
4.520000e-01 1.989802e-05
4.540000e-01 1.994777e-05
4.560000e-01 1.999744e-05
4.580000e-01 2.004701e-05
4.600000e-01 2.009649e-05
4.620000e-01 2.014589e-05
4.640000e-01 2.019519e-05
4.660000e-01 2.024440e-05
4.680000e-01 2.029351e-05
4.700000e-01 2.034254e-05
4.720000e-01 2.039147e-05
4.740000e-01 2.044031e-05
4.760000e-01 2.048906e-05
4.780000e-01 2.053771e-05
4.800000e-01 2.058627e-05
4.820000e-01 2.063474e-05
4.840000e-01 2.068311e-05
4.860000e-01 2.073139e-05
4.880000e-01 2.077957e-05
4.900000e-01 2.082766e-05
4.920000e-01 2.087566e-05
4.940000e-01 2.092356e-05
4.960000e-01 2.097136e-05
4.980000e-01 2.101907e-05
5.000000e-01 2.106669e-05
5.020000e-01 2.111421e-05
5.040000e-01 2.116163e-05
5.060000e-01 2.120896e-05
5.080000e-01 2.125619e-05
5.100000e-01 2.130333e-05
5.120000e-01 2.135037e-05
5.140000e-01 2.139731e-05
5.160000e-01 2.144416e-05
5.180000e-01 2.149090e-05
5.200000e-01 2.153756e-05
5.220000e-01 2.158411e-05
5.240000e-01 2.163057e-05
5.260000e-01 2.167694e-05
5.280000e-01 2.172320e-05
5.300000e-01 2.176937e-05
5.320000e-01 2.181544e-05
5.340000e-01 2.186141e-05
5.360000e-01 2.190729e-05
5.380000e-01 2.195307e-05
5.400000e-01 2.199875e-05
5.420000e-01 2.204433e-05
5.440000e-01 2.208981e-05
5.460000e-01 2.213520e-05
5.480000e-01 2.218049e-05
5.500000e-01 2.222568e-05
5.520000e-01 2.227077e-05
5.540000e-01 2.231577e-05
5.560000e-01 2.236067e-05
5.580000e-01 2.240547e-05
5.600000e-01 2.245017e-05
5.620000e-01 2.249477e-05
5.640000e-01 2.253927e-05
5.660000e-01 2.258368e-05
5.680000e-01 2.262799e-05
5.700000e-01 2.267220e-05
5.720000e-01 2.271631e-05
5.740000e-01 2.276032e-05
5.760000e-01 2.280423e-05
5.780000e-01 2.284805e-05
5.800000e-01 2.289177e-05
5.820000e-01 2.293538e-05
5.840000e-01 2.297890e-05
5.860000e-01 2.302233e-05
5.880000e-01 2.306565e-05
5.900000e-01 2.310887e-05
5.920000e-01 2.315200e-05
5.940000e-01 2.319503e-05
5.960000e-01 2.323796e-05
5.980000e-01 2.328079e-05
6.000000e-01 2.332352e-05
6.020000e-01 2.336615e-05
6.040000e-01 2.340869e-05
6.060000e-01 2.345112e-05
6.080000e-01 2.349346e-05
6.100000e-01 2.353570e-05
6.120000e-01 2.357784e-05
6.140000e-01 2.361989e-05
6.160000e-01 2.366183e-05
6.180000e-01 2.370368e-05
6.200000e-01 2.374543e-05
6.220000e-01 2.378708e-05
6.240000e-01 2.382863e-05
6.260000e-01 2.387008e-05
6.280000e-01 2.391143e-05
6.300000e-01 2.395269e-05
6.320000e-01 2.399385e-05
6.340000e-01 2.403491e-05
6.360000e-01 2.407587e-05
6.380000e-01 2.411674e-05
6.400000e-01 2.415750e-05
6.420000e-01 2.419817e-05
6.440000e-01 2.423874e-05
6.460000e-01 2.427921e-05
6.480000e-01 2.431959e-05
6.500000e-01 2.435987e-05
6.520000e-01 2.440005e-05
6.540000e-01 2.444013e-05
6.560000e-01 2.448011e-05
6.580000e-01 2.452000e-05
6.600000e-01 2.455979e-05
6.620000e-01 2.459948e-05
6.640000e-01 2.463907e-05
6.660000e-01 2.467857e-05
6.680000e-01 2.471796e-05
6.700000e-01 2.475727e-05
6.720000e-01 2.479647e-05
6.740000e-01 2.483558e-05
6.760000e-01 2.487459e-05
6.780000e-01 2.491350e-05
6.800000e-01 2.495232e-05
6.820000e-01 2.499103e-05
6.840000e-01 2.502966e-05
6.860000e-01 2.506818e-05
6.880000e-01 2.510661e-05
6.900000e-01 2.514494e-05
6.920000e-01 2.518318e-05
6.940000e-01 2.522131e-05
6.960000e-01 2.525935e-05
6.980000e-01 2.529730e-05
7.000000e-01 2.533515e-05
7.020000e-01 2.537290e-05
7.040000e-01 2.541056e-05
7.060000e-01 2.544812e-05
7.080000e-01 2.548558e-05
7.100000e-01 2.552295e-05
7.120000e-01 2.556022e-05
7.140000e-01 2.559739e-05
7.160000e-01 2.563447e-05
7.180000e-01 2.567146e-05
7.200000e-01 2.570834e-05
7.220000e-01 2.574514e-05
7.240000e-01 2.578183e-05
7.260000e-01 2.581843e-05
7.280000e-01 2.585494e-05
7.300000e-01 2.589135e-05
7.320000e-01 2.592766e-05
7.340000e-01 2.596388e-05
7.360000e-01 2.600001e-05
7.380000e-01 2.603604e-05
7.400000e-01 2.607197e-05
7.420000e-01 2.610781e-05
7.440000e-01 2.614355e-05
7.460000e-01 2.617920e-05
7.480000e-01 2.621476e-05
7.500000e-01 2.625022e-05
7.520000e-01 2.628558e-05
7.540000e-01 2.632085e-05
7.560000e-01 2.635603e-05
7.580000e-01 2.639111e-05
7.600000e-01 2.642610e-05
7.620000e-01 2.646099e-05
7.640000e-01 2.649579e-05
7.660000e-01 2.653049e-05
7.680000e-01 2.656511e-05
7.700000e-01 2.659962e-05
7.720000e-01 2.663405e-05
7.740000e-01 2.666837e-05
7.760000e-01 2.670261e-05
7.780000e-01 2.673675e-05
7.800000e-01 2.677080e-05
7.820000e-01 2.680475e-05
7.840000e-01 2.683862e-05
7.860000e-01 2.687238e-05
7.880000e-01 2.690606e-05
7.900000e-01 2.693964e-05
7.920000e-01 2.697313e-05
7.940000e-01 2.700652e-05
7.960000e-01 2.703983e-05
7.980000e-01 2.707304e-05
8.000000e-01 2.710615e-05
8.020000e-01 2.713918e-05
8.040000e-01 2.717211e-05
8.060000e-01 2.720495e-05
8.080000e-01 2.723769e-05
8.100000e-01 2.727035e-05
8.120000e-01 2.730291e-05
8.140000e-01 2.733538e-05
8.160000e-01 2.736775e-05
8.180000e-01 2.740004e-05
8.200000e-01 2.743223e-05
8.220000e-01 2.746433e-05
8.240000e-01 2.749634e-05
8.260000e-01 2.752826e-05
8.280000e-01 2.756008e-05
8.300000e-01 2.759182e-05
8.320000e-01 2.762346e-05
8.340000e-01 2.765501e-05
8.360000e-01 2.768647e-05
8.380000e-01 2.771784e-05
8.400000e-01 2.774911e-05
8.420000e-01 2.778030e-05
8.440000e-01 2.781139e-05
8.460000e-01 2.784240e-05
8.480000e-01 2.787331e-05
8.500000e-01 2.790413e-05
8.520000e-01 2.793486e-05
8.540000e-01 2.796550e-05
8.560000e-01 2.799605e-05
8.580000e-01 2.802651e-05
8.600000e-01 2.805688e-05
8.620000e-01 2.808716e-05
8.640000e-01 2.811734e-05
8.660000e-01 2.814744e-05
8.680000e-01 2.817745e-05
8.700000e-01 2.820737e-05
8.720000e-01 2.823719e-05
8.740000e-01 2.826693e-05
8.760000e-01 2.829658e-05
8.780000e-01 2.832613e-05
8.800000e-01 2.835560e-05
8.820000e-01 2.838498e-05
8.840000e-01 2.841427e-05
8.860000e-01 2.844347e-05
8.880000e-01 2.847258e-05
8.900000e-01 2.850160e-05
8.920000e-01 2.853053e-05
8.940000e-01 2.855937e-05
8.960000e-01 2.858812e-05
8.980000e-01 2.861679e-05
9.000000e-01 2.864536e-05
9.020000e-01 2.867384e-05
9.040000e-01 2.870224e-05
9.060000e-01 2.873055e-05
9.080000e-01 2.875877e-05
9.100000e-01 2.878690e-05
9.120000e-01 2.881494e-05
9.140000e-01 2.884289e-05
9.160000e-01 2.887076e-05
9.180000e-01 2.889854e-05
9.200000e-01 2.892623e-05
9.220000e-01 2.895383e-05
9.240000e-01 2.898134e-05
9.260000e-01 2.900876e-05
9.280000e-01 2.903610e-05
9.300000e-01 2.906335e-05
9.320000e-01 2.909051e-05
9.340000e-01 2.911758e-05
9.360000e-01 2.914457e-05
9.380000e-01 2.917146e-05
9.400000e-01 2.919827e-05
9.420000e-01 2.922500e-05
9.440000e-01 2.925163e-05
9.460000e-01 2.927818e-05
9.480000e-01 2.930464e-05
9.500000e-01 2.933101e-05
9.520000e-01 2.935730e-05
9.540000e-01 2.938350e-05
9.560000e-01 2.940961e-05
9.580000e-01 2.943564e-05
9.600000e-01 2.946157e-05
9.620000e-01 2.948743e-05
9.640000e-01 2.951319e-05
9.660000e-01 2.953887e-05
9.680000e-01 2.956446e-05
9.700000e-01 2.958997e-05
9.720000e-01 2.961539e-05
9.740000e-01 2.964072e-05
9.760000e-01 2.966596e-05
9.780000e-01 2.969112e-05
9.800000e-01 2.971620e-05
9.820000e-01 2.974119e-05
9.840000e-01 2.976609e-05
9.860000e-01 2.979090e-05
9.880000e-01 2.981563e-05
9.900000e-01 2.984028e-05
9.920000e-01 2.986484e-05
9.940000e-01 2.988931e-05
9.960000e-01 2.991370e-05
9.980000e-01 2.993800e-05
1.000000e+00 2.996221e-05
1.002000e+00 2.998635e-05
1.004000e+00 3.001039e-05
1.006000e+00 3.003435e-05
1.008000e+00 3.005823e-05
1.010000e+00 3.008201e-05
1.012000e+00 3.010572e-05
1.014000e+00 3.012934e-05
1.016000e+00 3.015287e-05
1.018000e+00 3.017632e-05
1.020000e+00 3.019969e-05
1.022000e+00 3.022297e-05
1.024000e+00 3.024616e-05
1.026000e+00 3.026927e-05
1.028000e+00 3.029230e-05
1.030000e+00 3.031524e-05
1.032000e+00 3.033810e-05
1.034000e+00 3.036087e-05
1.036000e+00 3.038356e-05
1.038000e+00 3.040616e-05
1.040000e+00 3.042868e-05
1.042000e+00 3.045112e-05
1.044000e+00 3.047347e-05
1.046000e+00 3.049574e-05
1.048000e+00 3.051792e-05
1.050000e+00 3.054002e-05
1.052000e+00 3.056203e-05
1.054000e+00 3.058396e-05
1.056000e+00 3.060581e-05
1.058000e+00 3.062758e-05
1.060000e+00 3.064926e-05
1.062000e+00 3.067085e-05
1.064000e+00 3.069237e-05
1.066000e+00 3.071380e-05
1.068000e+00 3.073514e-05
1.070000e+00 3.075641e-05
1.072000e+00 3.077759e-05
1.074000e+00 3.079868e-05
1.076000e+00 3.081970e-05
1.078000e+00 3.084063e-05
1.080000e+00 3.086148e-05
1.082000e+00 3.088224e-05
1.084000e+00 3.090292e-05
1.086000e+00 3.092352e-05
1.088000e+00 3.094404e-05
1.090000e+00 3.096447e-05
1.092000e+00 3.098482e-05
1.094000e+00 3.100509e-05
1.096000e+00 3.102527e-05
1.098000e+00 3.104537e-05
1.100000e+00 3.106539e-05
1.102000e+00 3.108533e-05
1.104000e+00 3.110519e-05
1.106000e+00 3.112496e-05
1.108000e+00 3.114465e-05
1.110000e+00 3.116426e-05
1.112000e+00 3.118378e-05
1.114000e+00 3.120323e-05
1.116000e+00 3.122259e-05
1.118000e+00 3.124187e-05
1.120000e+00 3.126106e-05
1.122000e+00 3.128018e-05
1.124000e+00 3.129921e-05
1.126000e+00 3.131817e-05
1.128000e+00 3.133704e-05
1.130000e+00 3.135582e-05
1.132000e+00 3.137453e-05
1.134000e+00 3.139316e-05
1.136000e+00 3.141170e-05
1.138000e+00 3.143016e-05
1.140000e+00 3.144854e-05
1.142000e+00 3.146684e-05
1.144000e+00 3.148506e-05
1.146000e+00 3.150320e-05
1.148000e+00 3.152125e-05
1.150000e+00 3.153923e-05
1.152000e+00 3.155712e-05
1.154000e+00 3.157493e-05
1.156000e+00 3.159266e-05
1.158000e+00 3.161031e-05
1.160000e+00 3.162788e-05
1.162000e+00 3.164537e-05
1.164000e+00 3.166277e-05
1.166000e+00 3.168010e-05
1.168000e+00 3.169734e-05
1.170000e+00 3.171451e-05
1.172000e+00 3.173159e-05
1.174000e+00 3.174859e-05
1.176000e+00 3.176552e-05
1.178000e+00 3.178236e-05
1.180000e+00 3.179912e-05
1.182000e+00 3.181580e-05
1.184000e+00 3.183240e-05
1.186000e+00 3.184892e-05
1.188000e+00 3.186536e-05
1.190000e+00 3.188172e-05
1.192000e+00 3.189800e-05
1.194000e+00 3.191420e-05
1.196000e+00 3.193032e-05
1.198000e+00 3.194635e-05
1.200000e+00 3.196231e-05
1.202000e+00 3.197819e-05
1.204000e+00 3.199399e-05
1.206000e+00 3.200971e-05
1.208000e+00 3.202535e-05
1.210000e+00 3.204090e-05
1.212000e+00 3.205638e-05
1.214000e+00 3.207178e-05
1.216000e+00 3.208710e-05
1.218000e+00 3.210234e-05
1.220000e+00 3.211750e-05
1.222000e+00 3.213258e-05
1.224000e+00 3.214758e-05
1.226000e+00 3.216250e-05
1.228000e+00 3.217734e-05
1.230000e+00 3.219211e-05
1.232000e+00 3.220679e-05
1.234000e+00 3.222139e-05
1.236000e+00 3.223592e-05
1.238000e+00 3.225036e-05
1.240000e+00 3.226473e-05
1.242000e+00 3.227901e-05
1.244000e+00 3.229322e-05
1.246000e+00 3.230735e-05
1.248000e+00 3.232139e-05
1.250000e+00 3.233536e-05
1.252000e+00 3.234925e-05
1.254000e+00 3.236307e-05
1.256000e+00 3.237680e-05
1.258000e+00 3.239045e-05
1.260000e+00 3.240403e-05
1.262000e+00 3.241752e-05
1.264000e+00 3.243094e-05
1.266000e+00 3.244428e-05
1.268000e+00 3.245754e-05
1.270000e+00 3.247072e-05
1.272000e+00 3.248382e-05
1.274000e+00 3.249684e-05
1.276000e+00 3.250979e-05
1.278000e+00 3.252265e-05
1.280000e+00 3.253544e-05
1.282000e+00 3.254815e-05
1.284000e+00 3.256078e-05
1.286000e+00 3.257333e-05
1.288000e+00 3.258581e-05
1.290000e+00 3.259820e-05
1.292000e+00 3.261052e-05
1.294000e+00 3.262276e-05
1.296000e+00 3.263492e-05
1.298000e+00 3.264700e-05
1.300000e+00 3.265900e-05
1.302000e+00 3.267093e-05
1.304000e+00 3.268278e-05
1.306000e+00 3.269454e-05
1.308000e+00 3.270624e-05
1.310000e+00 3.271785e-05
1.312000e+00 3.272938e-05
1.314000e+00 3.274084e-05
1.316000e+00 3.275222e-05
1.318000e+00 3.276352e-05
1.320000e+00 3.277474e-05
1.322000e+00 3.278589e-05
1.324000e+00 3.279696e-05
1.326000e+00 3.280795e-05
1.328000e+00 3.281886e-05
1.330000e+00 3.282969e-05
1.332000e+00 3.284045e-05
1.334000e+00 3.285113e-05
1.336000e+00 3.286173e-05
1.338000e+00 3.287225e-05
1.340000e+00 3.288270e-05
1.342000e+00 3.289307e-05
1.344000e+00 3.290336e-05
1.346000e+00 3.291357e-05
1.348000e+00 3.292371e-05
1.350000e+00 3.293376e-05
1.352000e+00 3.294375e-05
1.354000e+00 3.295365e-05
1.356000e+00 3.296347e-05
1.358000e+00 3.297322e-05
1.360000e+00 3.298289e-05
1.362000e+00 3.299249e-05
1.364000e+00 3.300200e-05
1.366000e+00 3.301144e-05
1.368000e+00 3.302080e-05
1.370000e+00 3.303009e-05
1.372000e+00 3.303930e-05
1.374000e+00 3.304843e-05
1.376000e+00 3.305748e-05
1.378000e+00 3.306646e-05
1.380000e+00 3.307535e-05
1.382000e+00 3.308418e-05
1.384000e+00 3.309292e-05
1.386000e+00 3.310159e-05
1.388000e+00 3.311018e-05
1.390000e+00 3.311869e-05
1.392000e+00 3.312713e-05
1.394000e+00 3.313549e-05
1.396000e+00 3.314377e-05
1.398000e+00 3.315198e-05
1.400000e+00 3.316011e-05
1.402000e+00 3.316816e-05
1.404000e+00 3.317613e-05
1.406000e+00 3.318403e-05
1.408000e+00 3.319185e-05
1.410000e+00 3.319960e-05
1.412000e+00 3.320727e-05
1.414000e+00 3.321486e-05
1.416000e+00 3.322237e-05
1.418000e+00 3.322981e-05
1.420000e+00 3.323717e-05
1.422000e+00 3.324445e-05
1.424000e+00 3.325166e-05
1.426000e+00 3.325879e-05
1.428000e+00 3.326585e-05
1.430000e+00 3.327283e-05
1.432000e+00 3.327973e-05
1.434000e+00 3.328655e-05
1.436000e+00 3.329330e-05
1.438000e+00 3.329997e-05
1.440000e+00 3.330657e-05
1.442000e+00 3.331309e-05
1.444000e+00 3.331953e-05
1.446000e+00 3.332589e-05
1.448000e+00 3.333218e-05
1.450000e+00 3.333840e-05
1.452000e+00 3.334453e-05
1.454000e+00 3.335059e-05
1.456000e+00 3.335658e-05
1.458000e+00 3.336249e-05
1.460000e+00 3.336832e-05
1.462000e+00 3.337407e-05
1.464000e+00 3.337975e-05
1.466000e+00 3.338535e-05
1.468000e+00 3.339088e-05
1.470000e+00 3.339633e-05
1.472000e+00 3.340170e-05
1.474000e+00 3.340700e-05
1.476000e+00 3.341222e-05
1.478000e+00 3.341736e-05
1.480000e+00 3.342243e-05
1.482000e+00 3.342743e-05
1.484000e+00 3.343234e-05
1.486000e+00 3.343718e-05
1.488000e+00 3.344195e-05
1.490000e+00 3.344663e-05
1.492000e+00 3.345125e-05
1.494000e+00 3.345578e-05
1.496000e+00 3.346024e-05
1.498000e+00 3.346462e-05
1.500000e+00 3.346893e-05
1.502000e+00 3.347316e-05
1.504000e+00 3.347732e-05
1.506000e+00 3.348140e-05
1.508000e+00 3.348540e-05
1.510000e+00 3.348933e-05
1.512000e+00 3.349318e-05
1.514000e+00 3.349695e-05
1.516000e+00 3.350065e-05
1.518000e+00 3.350428e-05
1.520000e+00 3.350782e-05
1.522000e+00 3.351129e-05
1.524000e+00 3.351469e-05
1.526000e+00 3.351801e-05
1.528000e+00 3.352125e-05
1.530000e+00 3.352442e-05
1.532000e+00 3.352751e-05
1.534000e+00 3.353053e-05
1.536000e+00 3.353347e-05
1.538000e+00 3.353633e-05
1.540000e+00 3.353912e-05
1.542000e+00 3.354183e-05
1.544000e+00 3.354447e-05
1.546000e+00 3.354703e-05
1.548000e+00 3.354951e-05
1.550000e+00 3.355192e-05
1.552000e+00 3.355425e-05
1.554000e+00 3.355651e-05
1.556000e+00 3.355869e-05
1.558000e+00 3.356080e-05
1.560000e+00 3.356283e-05
1.562000e+00 3.356478e-05
1.564000e+00 3.356666e-05
1.566000e+00 3.356846e-05
1.568000e+00 3.357019e-05
1.570000e+00 3.357184e-05
1.572000e+00 3.357341e-05
1.574000e+00 3.357491e-05
1.576000e+00 3.357633e-05
1.578000e+00 3.357768e-05
1.580000e+00 3.357895e-05
1.582000e+00 3.358015e-05
1.584000e+00 3.358127e-05
1.586000e+00 3.358231e-05
1.588000e+00 3.358328e-05
1.590000e+00 3.358417e-05
1.592000e+00 3.358499e-05
1.594000e+00 3.358573e-05
1.596000e+00 3.358640e-05
1.598000e+00 3.358699e-05
1.600000e+00 3.358750e-05
1.602000e+00 3.358794e-05
1.604000e+00 3.358830e-05
1.606000e+00 3.358859e-05
1.608000e+00 3.358880e-05
1.610000e+00 3.358893e-05
1.612000e+00 3.358899e-05
1.614000e+00 3.358898e-05
1.616000e+00 3.358888e-05
1.618000e+00 3.358872e-05
1.620000e+00 3.358847e-05
1.622000e+00 3.358815e-05
1.624000e+00 3.358776e-05
1.626000e+00 3.358729e-05
1.628000e+00 3.358674e-05
1.630000e+00 3.358612e-05
1.632000e+00 3.358542e-05
1.634000e+00 3.358465e-05
1.636000e+00 3.358380e-05
1.638000e+00 3.358287e-05
1.640000e+00 3.358187e-05
1.642000e+00 3.358079e-05
1.644000e+00 3.357964e-05
1.646000e+00 3.357841e-05
1.648000e+00 3.357711e-05
1.650000e+00 3.357573e-05
1.652000e+00 3.357427e-05
1.654000e+00 3.357274e-05
1.656000e+00 3.357113e-05
1.658000e+00 3.356945e-05
1.660000e+00 3.356769e-05
1.662000e+00 3.356586e-05
1.664000e+00 3.356395e-05
1.666000e+00 3.356196e-05
1.668000e+00 3.355990e-05
1.670000e+00 3.355776e-05
1.672000e+00 3.355554e-05
1.674000e+00 3.355325e-05
1.676000e+00 3.355089e-05
1.678000e+00 3.354845e-05
1.680000e+00 3.354593e-05
1.682000e+00 3.354334e-05
1.684000e+00 3.354067e-05
1.686000e+00 3.353792e-05
1.688000e+00 3.353510e-05
1.690000e+00 3.353221e-05
1.692000e+00 3.352923e-05
1.694000e+00 3.352619e-05
1.696000e+00 3.352306e-05
1.698000e+00 3.351986e-05
1.700000e+00 3.351658e-05
1.702000e+00 3.351323e-05
1.704000e+00 3.350980e-05
1.706000e+00 3.350630e-05
1.708000e+00 3.350272e-05
1.710000e+00 3.349906e-05
1.712000e+00 3.349533e-05
1.714000e+00 3.349152e-05
1.716000e+00 3.348764e-05
1.718000e+00 3.348368e-05
1.720000e+00 3.347964e-05
1.722000e+00 3.347553e-05
1.724000e+00 3.347134e-05
1.726000e+00 3.346708e-05
1.728000e+00 3.346274e-05
1.730000e+00 3.345832e-05
1.732000e+00 3.345383e-05
1.734000e+00 3.344926e-05
1.736000e+00 3.344462e-05
1.738000e+00 3.343990e-05
1.740000e+00 3.343510e-05
1.742000e+00 3.343023e-05
1.744000e+00 3.342528e-05
1.746000e+00 3.342025e-05
1.748000e+00 3.341515e-05
1.750000e+00 3.340997e-05
1.752000e+00 3.340472e-05
1.754000e+00 3.339939e-05
1.756000e+00 3.339398e-05
1.758000e+00 3.338850e-05
1.760000e+00 3.338294e-05
1.762000e+00 3.337731e-05
1.764000e+00 3.337160e-05
1.766000e+00 3.336581e-05
1.768000e+00 3.335994e-05
1.770000e+00 3.335400e-05
1.772000e+00 3.334799e-05
1.774000e+00 3.334189e-05
1.776000e+00 3.333572e-05
1.778000e+00 3.332948e-05
1.780000e+00 3.332315e-05
1.782000e+00 3.331676e-05
1.784000e+00 3.331028e-05
1.786000e+00 3.330373e-05
1.788000e+00 3.329710e-05
1.790000e+00 3.329040e-05
1.792000e+00 3.328361e-05
1.794000e+00 3.327676e-05
1.796000e+00 3.326982e-05
1.798000e+00 3.326281e-05
1.800000e+00 3.325572e-05
1.802000e+00 3.324856e-05
1.804000e+00 3.324132e-05
1.806000e+00 3.323400e-05
1.808000e+00 3.322661e-05
1.810000e+00 3.321914e-05
1.812000e+00 3.321159e-05
1.814000e+00 3.320396e-05
1.816000e+00 3.319626e-05
1.818000e+00 3.318848e-05
1.820000e+00 3.318063e-05
1.822000e+00 3.317270e-05
1.824000e+00 3.316469e-05
1.826000e+00 3.315660e-05
1.828000e+00 3.314844e-05
1.830000e+00 3.314020e-05
1.832000e+00 3.313189e-05
1.834000e+00 3.312349e-05
1.836000e+00 3.311502e-05
1.838000e+00 3.310648e-05
1.840000e+00 3.309785e-05
1.842000e+00 3.308915e-05
1.844000e+00 3.308038e-05
1.846000e+00 3.307152e-05
1.848000e+00 3.306259e-05
1.850000e+00 3.305358e-05
1.852000e+00 3.304449e-05
1.854000e+00 3.303533e-05
1.856000e+00 3.302609e-05
1.858000e+00 3.301677e-05
1.860000e+00 3.300738e-05
1.862000e+00 3.299790e-05
1.864000e+00 3.298835e-05
1.866000e+00 3.297873e-05
1.868000e+00 3.296902e-05
1.870000e+00 3.295924e-05
1.872000e+00 3.294938e-05
1.874000e+00 3.293944e-05
1.876000e+00 3.292943e-05
1.878000e+00 3.291934e-05
1.880000e+00 3.290917e-05
1.882000e+00 3.289892e-05
1.884000e+00 3.288860e-05
1.886000e+00 3.287820e-05
1.888000e+00 3.286772e-05
1.890000e+00 3.285716e-05
1.892000e+00 3.284653e-05
1.894000e+00 3.283581e-05
1.896000e+00 3.282502e-05
1.898000e+00 3.281416e-05
1.900000e+00 3.280321e-05
1.902000e+00 3.279219e-05
1.904000e+00 3.278109e-05
1.906000e+00 3.276991e-05
1.908000e+00 3.275865e-05
1.910000e+00 3.274732e-05
1.912000e+00 3.273590e-05
1.914000e+00 3.272441e-05
1.916000e+00 3.271284e-05
1.918000e+00 3.270120e-05
1.920000e+00 3.268947e-05
1.922000e+00 3.267767e-05
1.924000e+00 3.266579e-05
1.926000e+00 3.265383e-05
1.928000e+00 3.264179e-05
1.930000e+00 3.262967e-05
1.932000e+00 3.261748e-05
1.934000e+00 3.260521e-05
1.936000e+00 3.259286e-05
1.938000e+00 3.258043e-05
1.940000e+00 3.256792e-05
1.942000e+00 3.255533e-05
1.944000e+00 3.254267e-05
1.946000e+00 3.252993e-05
1.948000e+00 3.251711e-05
1.950000e+00 3.250421e-05
1.952000e+00 3.249123e-05
1.954000e+00 3.247817e-05
1.956000e+00 3.246503e-05
1.958000e+00 3.245182e-05
1.960000e+00 3.243853e-05
1.962000e+00 3.242515e-05
1.964000e+00 3.241170e-05
1.966000e+00 3.239817e-05
1.968000e+00 3.238456e-05
1.970000e+00 3.237088e-05
1.972000e+00 3.235711e-05
1.974000e+00 3.234326e-05
1.976000e+00 3.232934e-05
1.978000e+00 3.231534e-05
1.980000e+00 3.230125e-05
1.982000e+00 3.228709e-05
1.984000e+00 3.227285e-05
1.986000e+00 3.225853e-05
1.988000e+00 3.224413e-05
1.990000e+00 3.222965e-05
1.992000e+00 3.221509e-05
1.994000e+00 3.220046e-05
1.996000e+00 3.218574e-05
1.998000e+00 3.217094e-05
2.000000e+00 3.215607e-05
2.002000e+00 3.214111e-05
2.004000e+00 3.212608e-05
2.006000e+00 3.211096e-05
2.008000e+00 3.209577e-05
2.010000e+00 3.208049e-05
2.012000e+00 3.206514e-05
2.014000e+00 3.204971e-05
2.016000e+00 3.203419e-05
2.018000e+00 3.201860e-05
2.020000e+00 3.200293e-05
2.022000e+00 3.198718e-05
2.024000e+00 3.197134e-05
2.026000e+00 3.195543e-05
2.028000e+00 3.193944e-05
2.030000e+00 3.192336e-05
2.032000e+00 3.190721e-05
2.034000e+00 3.189098e-05
2.036000e+00 3.187466e-05
2.038000e+00 3.185827e-05
2.040000e+00 3.184180e-05
2.042000e+00 3.182524e-05
2.044000e+00 3.180861e-05
2.046000e+00 3.179189e-05
2.048000e+00 3.177509e-05
2.050000e+00 3.175822e-05
2.052000e+00 3.174126e-05
2.054000e+00 3.172422e-05
2.056000e+00 3.170710e-05
2.058000e+00 3.168991e-05
2.060000e+00 3.167263e-05
2.062000e+00 3.165526e-05
2.064000e+00 3.163782e-05
2.066000e+00 3.162030e-05
2.068000e+00 3.160270e-05
2.070000e+00 3.158501e-05
2.072000e+00 3.156725e-05
2.074000e+00 3.154940e-05
2.076000e+00 3.153147e-05
2.078000e+00 3.151346e-05
2.080000e+00 3.149537e-05
2.082000e+00 3.147720e-05
2.084000e+00 3.145895e-05
2.086000e+00 3.144061e-05
2.088000e+00 3.142220e-05
2.090000e+00 3.140370e-05
2.092000e+00 3.138512e-05
2.094000e+00 3.136646e-05
2.096000e+00 3.134772e-05
2.098000e+00 3.132890e-05
2.100000e+00 3.130999e-05
2.102000e+00 3.129100e-05
2.104000e+00 3.127193e-05
2.106000e+00 3.125278e-05
2.108000e+00 3.123355e-05
2.110000e+00 3.121423e-05
2.112000e+00 3.119484e-05
2.114000e+00 3.117536e-05
2.116000e+00 3.115580e-05
2.118000e+00 3.113615e-05
2.120000e+00 3.111643e-05
2.122000e+00 3.109662e-05
2.124000e+00 3.107673e-05
2.126000e+00 3.105676e-05
2.128000e+00 3.103670e-05
2.130000e+00 3.101656e-05
2.132000e+00 3.099634e-05
2.134000e+00 3.097604e-05
2.136000e+00 3.095565e-05
2.138000e+00 3.093518e-05
2.140000e+00 3.091463e-05
2.142000e+00 3.089400e-05
2.144000e+00 3.087328e-05
2.146000e+00 3.085248e-05
2.148000e+00 3.083160e-05
2.150000e+00 3.081063e-05
2.152000e+00 3.078958e-05
2.154000e+00 3.076845e-05
2.156000e+00 3.074723e-05
2.158000e+00 3.072593e-05
2.160000e+00 3.070455e-05
2.162000e+00 3.068309e-05
2.164000e+00 3.066154e-05
2.166000e+00 3.063990e-05
2.168000e+00 3.061819e-05
2.170000e+00 3.059639e-05
2.172000e+00 3.057450e-05
2.174000e+00 3.055253e-05
2.176000e+00 3.053048e-05
2.178000e+00 3.050835e-05
2.180000e+00 3.048613e-05
2.182000e+00 3.046382e-05
2.184000e+00 3.044144e-05
2.186000e+00 3.041897e-05
2.188000e+00 3.039641e-05
2.190000e+00 3.037377e-05
2.192000e+00 3.035104e-05
2.194000e+00 3.032824e-05
2.196000e+00 3.030534e-05
2.198000e+00 3.028236e-05
2.200000e+00 3.025930e-05
2.202000e+00 3.023615e-05
2.204000e+00 3.021292e-05
2.206000e+00 3.018961e-05
2.208000e+00 3.016621e-05
2.210000e+00 3.014272e-05
2.212000e+00 3.011915e-05
2.214000e+00 3.009549e-05
2.216000e+00 3.007175e-05
2.218000e+00 3.004792e-05
2.220000e+00 3.002401e-05
2.222000e+00 3.000002e-05
2.224000e+00 2.997593e-05
2.226000e+00 2.995177e-05
2.228000e+00 2.992751e-05
2.230000e+00 2.990317e-05
2.232000e+00 2.987875e-05
2.234000e+00 2.985424e-05
2.236000e+00 2.982965e-05
2.238000e+00 2.980496e-05
2.240000e+00 2.978020e-05
2.242000e+00 2.975534e-05
2.244000e+00 2.973040e-05
2.246000e+00 2.970538e-05
2.248000e+00 2.968027e-05
2.250000e+00 2.965507e-05
2.252000e+00 2.962979e-05
2.254000e+00 2.960442e-05
2.256000e+00 2.957896e-05
2.258000e+00 2.955342e-05
2.260000e+00 2.952779e-05
2.262000e+00 2.950207e-05
2.264000e+00 2.947627e-05
2.266000e+00 2.945038e-05
2.268000e+00 2.942441e-05
2.270000e+00 2.939834e-05
2.272000e+00 2.937219e-05
2.274000e+00 2.934596e-05
2.276000e+00 2.931963e-05
2.278000e+00 2.929322e-05
2.280000e+00 2.926672e-05
2.282000e+00 2.924014e-05
2.284000e+00 2.921346e-05
2.286000e+00 2.918670e-05
2.288000e+00 2.915986e-05
2.290000e+00 2.913292e-05
2.292000e+00 2.910590e-05
2.294000e+00 2.907879e-05
2.296000e+00 2.905159e-05
2.298000e+00 2.902430e-05
2.300000e+00 2.899693e-05
2.302000e+00 2.896947e-05
2.304000e+00 2.894192e-05
2.306000e+00 2.891428e-05
2.308000e+00 2.888655e-05
2.310000e+00 2.885874e-05
2.312000e+00 2.883083e-05
2.314000e+00 2.880284e-05
2.316000e+00 2.877476e-05
2.318000e+00 2.874659e-05
2.320000e+00 2.871833e-05
2.322000e+00 2.868999e-05
2.324000e+00 2.866155e-05
2.326000e+00 2.863303e-05
2.328000e+00 2.860442e-05
2.330000e+00 2.857571e-05
2.332000e+00 2.854692e-05
2.334000e+00 2.851804e-05
2.336000e+00 2.848907e-05
2.338000e+00 2.846002e-05
2.340000e+00 2.843087e-05
2.342000e+00 2.840163e-05
2.344000e+00 2.837230e-05
2.346000e+00 2.834289e-05
2.348000e+00 2.831338e-05
2.350000e+00 2.828378e-05
2.352000e+00 2.825410e-05
2.354000e+00 2.822432e-05
2.356000e+00 2.819446e-05
2.358000e+00 2.816450e-05
2.360000e+00 2.813445e-05
2.362000e+00 2.810432e-05
2.364000e+00 2.807409e-05
2.366000e+00 2.804377e-05
2.368000e+00 2.801337e-05
2.370000e+00 2.798287e-05
2.372000e+00 2.795228e-05
2.374000e+00 2.792160e-05
2.376000e+00 2.789083e-05
2.378000e+00 2.785997e-05
2.380000e+00 2.782902e-05
2.382000e+00 2.779798e-05
2.384000e+00 2.776684e-05
2.386000e+00 2.773562e-05
2.388000e+00 2.770430e-05
2.390000e+00 2.767289e-05
2.392000e+00 2.764139e-05
2.394000e+00 2.760980e-05
2.396000e+00 2.757812e-05
2.398000e+00 2.754635e-05
2.400000e+00 2.751448e-05
2.402000e+00 2.748253e-05
2.404000e+00 2.745048e-05
2.406000e+00 2.741834e-05
2.408000e+00 2.738611e-05
2.410000e+00 2.735378e-05
2.412000e+00 2.732136e-05
2.414000e+00 2.728886e-05
2.416000e+00 2.725625e-05
2.418000e+00 2.722356e-05
2.420000e+00 2.719077e-05
2.422000e+00 2.715790e-05
2.424000e+00 2.712492e-05
2.426000e+00 2.709186e-05
2.428000e+00 2.705870e-05
2.430000e+00 2.702545e-05
2.432000e+00 2.699211e-05
2.434000e+00 2.695868e-05
2.436000e+00 2.692515e-05
2.438000e+00 2.689153e-05
2.440000e+00 2.685781e-05
2.442000e+00 2.682400e-05
2.444000e+00 2.679010e-05
2.446000e+00 2.675611e-05
2.448000e+00 2.672202e-05
2.450000e+00 2.668784e-05
2.452000e+00 2.665356e-05
2.454000e+00 2.661919e-05
2.456000e+00 2.658473e-05
2.458000e+00 2.655017e-05
2.460000e+00 2.651552e-05
2.462000e+00 2.648077e-05
2.464000e+00 2.644593e-05
2.466000e+00 2.641100e-05
2.468000e+00 2.637597e-05
2.470000e+00 2.634085e-05
2.472000e+00 2.630563e-05
2.474000e+00 2.627032e-05
2.476000e+00 2.623491e-05
2.478000e+00 2.619941e-05
2.480000e+00 2.616382e-05
2.482000e+00 2.612813e-05
2.484000e+00 2.609234e-05
2.486000e+00 2.605646e-05
2.488000e+00 2.602049e-05
2.490000e+00 2.598442e-05
2.492000e+00 2.594825e-05
2.494000e+00 2.591199e-05
2.496000e+00 2.587564e-05
2.498000e+00 2.583918e-05
2.500000e+00 2.580264e-05
2.502000e+00 2.576600e-05
2.504000e+00 2.572926e-05
2.506000e+00 2.569242e-05
2.508000e+00 2.565550e-05
2.510000e+00 2.561847e-05
2.512000e+00 2.558135e-05
2.514000e+00 2.554413e-05
2.516000e+00 2.550682e-05
2.518000e+00 2.546941e-05
2.520000e+00 2.543191e-05
2.522000e+00 2.539430e-05
2.524000e+00 2.535661e-05
2.526000e+00 2.531881e-05
2.528000e+00 2.528092e-05
2.530000e+00 2.524294e-05
2.532000e+00 2.520485e-05
2.534000e+00 2.516667e-05
2.536000e+00 2.512840e-05
2.538000e+00 2.509002e-05
2.540000e+00 2.505155e-05
2.542000e+00 2.501299e-05
2.544000e+00 2.497432e-05
2.546000e+00 2.493556e-05
2.548000e+00 2.489671e-05
2.550000e+00 2.485775e-05
2.552000e+00 2.481870e-05
2.554000e+00 2.477955e-05
2.556000e+00 2.474030e-05
2.558000e+00 2.470096e-05
2.560000e+00 2.466152e-05
2.562000e+00 2.462198e-05
2.564000e+00 2.458235e-05
2.566000e+00 2.454261e-05
2.568000e+00 2.450278e-05
2.570000e+00 2.446285e-05
2.572000e+00 2.442283e-05
2.574000e+00 2.438270e-05
2.576000e+00 2.434248e-05
2.578000e+00 2.430216e-05
2.580000e+00 2.426175e-05
2.582000e+00 2.422123e-05
2.584000e+00 2.418062e-05
2.586000e+00 2.413991e-05
2.588000e+00 2.409910e-05
2.590000e+00 2.405819e-05
2.592000e+00 2.401719e-05
2.594000e+00 2.397609e-05
2.596000e+00 2.393488e-05
2.598000e+00 2.389359e-05
2.600000e+00 2.385219e-05
2.602000e+00 2.381069e-05
2.604000e+00 2.376910e-05
2.606000e+00 2.372741e-05
2.608000e+00 2.368562e-05
2.610000e+00 2.364373e-05
2.612000e+00 2.360174e-05
2.614000e+00 2.355965e-05
2.616000e+00 2.351747e-05
2.618000e+00 2.347519e-05
2.620000e+00 2.343281e-05
2.622000e+00 2.339033e-05
2.624000e+00 2.334775e-05
2.626000e+00 2.330507e-05
2.628000e+00 2.326230e-05
2.630000e+00 2.321943e-05
2.632000e+00 2.317646e-05
2.634000e+00 2.313339e-05
2.636000e+00 2.309022e-05
2.638000e+00 2.304695e-05
2.640000e+00 2.300358e-05
2.642000e+00 2.296012e-05
2.644000e+00 2.291656e-05
2.646000e+00 2.287290e-05
2.648000e+00 2.282914e-05
2.650000e+00 2.278528e-05
2.652000e+00 2.274132e-05
2.654000e+00 2.269727e-05
2.656000e+00 2.265311e-05
2.658000e+00 2.260886e-05
2.660000e+00 2.256451e-05
2.662000e+00 2.252006e-05
2.664000e+00 2.247552e-05
2.666000e+00 2.243087e-05
2.668000e+00 2.238613e-05
2.670000e+00 2.234129e-05
2.672000e+00 2.229635e-05
2.674000e+00 2.225131e-05
2.676000e+00 2.220618e-05
2.678000e+00 2.216094e-05
2.680000e+00 2.211561e-05
2.682000e+00 2.207018e-05
2.684000e+00 2.202465e-05
2.686000e+00 2.197903e-05
2.688000e+00 2.193331e-05
2.690000e+00 2.188749e-05
2.692000e+00 2.184157e-05
2.694000e+00 2.179555e-05
2.696000e+00 2.174944e-05
2.698000e+00 2.170323e-05
2.700000e+00 2.165692e-05
2.702000e+00 2.161052e-05
2.704000e+00 2.156402e-05
2.706000e+00 2.151742e-05
2.708000e+00 2.147073e-05
2.710000e+00 2.142393e-05
2.712000e+00 2.137705e-05
2.714000e+00 2.133006e-05
2.716000e+00 2.128298e-05
2.718000e+00 2.123580e-05
2.720000e+00 2.118853e-05
2.722000e+00 2.114116e-05
2.724000e+00 2.109370e-05
2.726000e+00 2.104614e-05
2.728000e+00 2.099848e-05
2.730000e+00 2.095073e-05
2.732000e+00 2.090288e-05
2.734000e+00 2.085494e-05
2.736000e+00 2.080691e-05
2.738000e+00 2.075878e-05
2.740000e+00 2.071055e-05
2.742000e+00 2.066223e-05
2.744000e+00 2.061382e-05
2.746000e+00 2.056531e-05
2.748000e+00 2.051671e-05
2.750000e+00 2.046802e-05
2.752000e+00 2.041923e-05
2.754000e+00 2.037035e-05
2.756000e+00 2.032138e-05
2.758000e+00 2.027231e-05
2.760000e+00 2.022316e-05
2.762000e+00 2.017391e-05
2.764000e+00 2.012457e-05
2.766000e+00 2.007513e-05
2.768000e+00 2.002561e-05
2.770000e+00 1.997600e-05
2.772000e+00 1.992629e-05
2.774000e+00 1.987650e-05
2.776000e+00 1.982661e-05
2.778000e+00 1.977664e-05
2.780000e+00 1.972658e-05
2.782000e+00 1.967643e-05
2.784000e+00 1.962619e-05
2.786000e+00 1.957586e-05
2.788000e+00 1.952544e-05
2.790000e+00 1.947494e-05
2.792000e+00 1.942435e-05
2.794000e+00 1.937368e-05
2.796000e+00 1.932291e-05
2.798000e+00 1.927207e-05
2.800000e+00 1.922113e-05
2.802000e+00 1.917011e-05
2.804000e+00 1.911901e-05
2.806000e+00 1.906783e-05
2.808000e+00 1.901656e-05
2.810000e+00 1.896521e-05
2.812000e+00 1.891377e-05
2.814000e+00 1.886226e-05
2.816000e+00 1.881066e-05
2.818000e+00 1.875898e-05
2.820000e+00 1.870722e-05
2.822000e+00 1.865539e-05
2.824000e+00 1.860347e-05
2.826000e+00 1.855148e-05
2.828000e+00 1.849940e-05
2.830000e+00 1.844725e-05
2.832000e+00 1.839503e-05
2.834000e+00 1.834273e-05
2.836000e+00 1.829035e-05
2.838000e+00 1.823790e-05
2.840000e+00 1.818538e-05
2.842000e+00 1.813278e-05
2.844000e+00 1.808011e-05
2.846000e+00 1.802737e-05
2.848000e+00 1.797456e-05
2.850000e+00 1.792168e-05
2.852000e+00 1.786873e-05
2.854000e+00 1.781571e-05
2.856000e+00 1.776263e-05
2.858000e+00 1.770948e-05
2.860000e+00 1.765626e-05
2.862000e+00 1.760298e-05
2.864000e+00 1.754963e-05
2.866000e+00 1.749623e-05
2.868000e+00 1.744276e-05
2.870000e+00 1.738923e-05
2.872000e+00 1.733564e-05
2.874000e+00 1.728200e-05
2.876000e+00 1.722829e-05
2.878000e+00 1.717453e-05
2.880000e+00 1.712072e-05
2.882000e+00 1.706685e-05
2.884000e+00 1.701293e-05
2.886000e+00 1.695896e-05
2.888000e+00 1.690493e-05
2.890000e+00 1.685086e-05
2.892000e+00 1.679674e-05
2.894000e+00 1.674258e-05
2.896000e+00 1.668837e-05
2.898000e+00 1.663412e-05
2.900000e+00 1.657982e-05
2.902000e+00 1.652549e-05
2.904000e+00 1.647111e-05
2.906000e+00 1.641670e-05
2.908000e+00 1.636225e-05
2.910000e+00 1.630777e-05
2.912000e+00 1.625325e-05
2.914000e+00 1.619871e-05
2.916000e+00 1.614413e-05
2.918000e+00 1.608953e-05
2.920000e+00 1.603490e-05
2.922000e+00 1.598025e-05
2.924000e+00 1.592558e-05
2.926000e+00 1.587088e-05
2.928000e+00 1.581617e-05
2.930000e+00 1.576144e-05
2.932000e+00 1.570670e-05
2.934000e+00 1.565194e-05
2.936000e+00 1.559718e-05
2.938000e+00 1.554241e-05
2.940000e+00 1.548763e-05
2.942000e+00 1.543285e-05
2.944000e+00 1.537807e-05
2.946000e+00 1.532329e-05
2.948000e+00 1.526851e-05
2.950000e+00 1.521374e-05
2.952000e+00 1.515898e-05
2.954000e+00 1.510423e-05
2.956000e+00 1.504949e-05
2.958000e+00 1.499477e-05
2.960000e+00 1.494007e-05
2.962000e+00 1.488539e-05
2.964000e+00 1.483074e-05
2.966000e+00 1.477612e-05
2.968000e+00 1.472152e-05
2.970000e+00 1.466696e-05
2.972000e+00 1.461244e-05
2.974000e+00 1.455796e-05
2.976000e+00 1.450352e-05
2.978000e+00 1.444913e-05
2.980000e+00 1.439479e-05
2.982000e+00 1.434051e-05
2.984000e+00 1.428628e-05
2.986000e+00 1.423211e-05
2.988000e+00 1.417801e-05
2.990000e+00 1.412397e-05
2.992000e+00 1.407001e-05
2.994000e+00 1.401612e-05
2.996000e+00 1.396231e-05
2.998000e+00 1.390859e-05
3.000000e+00 1.385496e-05
3.002000e+00 1.380141e-05
3.004000e+00 1.374797e-05
3.006000e+00 1.369462e-05
3.008000e+00 1.364139e-05
3.010000e+00 1.358826e-05
3.012000e+00 1.353524e-05
3.014000e+00 1.348235e-05
3.016000e+00 1.342958e-05
3.018000e+00 1.337694e-05
3.020000e+00 1.332443e-05
3.022000e+00 1.327206e-05
3.024000e+00 1.321984e-05
3.026000e+00 1.316777e-05
3.028000e+00 1.311585e-05
3.030000e+00 1.306409e-05
3.032000e+00 1.301250e-05
3.034000e+00 1.296108e-05
3.036000e+00 1.290984e-05
3.038000e+00 1.285878e-05
3.040000e+00 1.280791e-05
3.042000e+00 1.275724e-05
3.044000e+00 1.270677e-05
3.046000e+00 1.265651e-05
3.048000e+00 1.260646e-05
3.050000e+00 1.255663e-05
3.052000e+00 1.250703e-05
3.054000e+00 1.245767e-05
3.056000e+00 1.240854e-05
3.058000e+00 1.235967e-05
3.060000e+00 1.231105e-05
3.062000e+00 1.226269e-05
3.064000e+00 1.221460e-05
3.066000e+00 1.216679e-05
3.068000e+00 1.211926e-05
3.070000e+00 1.207203e-05
3.072000e+00 1.202510e-05
3.074000e+00 1.197847e-05
3.076000e+00 1.193216e-05
3.078000e+00 1.188617e-05
3.080000e+00 1.184051e-05
3.082000e+00 1.179519e-05
3.084000e+00 1.175022e-05
3.086000e+00 1.170561e-05
3.088000e+00 1.166136e-05
3.090000e+00 1.161749e-05
3.092000e+00 1.157400e-05
3.094000e+00 1.153089e-05
3.096000e+00 1.148819e-05
3.098000e+00 1.144590e-05
3.100000e+00 1.140402e-05
3.102000e+00 1.136257e-05
3.104000e+00 1.132156e-05
3.106000e+00 1.128099e-05
3.108000e+00 1.124088e-05
3.110000e+00 1.120123e-05
3.112000e+00 1.116205e-05
3.114000e+00 1.112336e-05
3.116000e+00 1.108516e-05
3.118000e+00 1.104745e-05
3.120000e+00 1.101026e-05
3.122000e+00 1.097360e-05
3.124000e+00 1.093746e-05
3.126000e+00 1.090186e-05
3.128000e+00 1.086681e-05
3.130000e+00 1.083232e-05
3.132000e+00 1.079840e-05
3.134000e+00 1.076505e-05
3.136000e+00 1.073230e-05
3.138000e+00 1.070014e-05
3.140000e+00 1.066859e-05
3.142000e+00 1.063766e-05
3.144000e+00 1.060735e-05
3.146000e+00 1.057768e-05
3.148000e+00 1.054866e-05
3.150000e+00 1.052029e-05
3.152000e+00 1.049258e-05
3.154000e+00 1.046554e-05
3.156000e+00 1.043919e-05
3.158000e+00 1.041352e-05
3.160000e+00 1.038856e-05
3.162000e+00 1.036430e-05
3.164000e+00 1.034076e-05
3.166000e+00 1.031794e-05
3.168000e+00 1.029585e-05
3.170000e+00 1.027451e-05
3.172000e+00 1.025391e-05
3.174000e+00 1.023407e-05
3.176000e+00 1.021499e-05
3.178000e+00 1.019668e-05
3.180000e+00 1.017914e-05
3.182000e+00 1.016239e-05
3.184000e+00 1.014643e-05
3.186000e+00 1.013127e-05
3.188000e+00 1.011691e-05
3.190000e+00 1.010335e-05
3.192000e+00 1.009061e-05
3.194000e+00 1.007869e-05
3.196000e+00 1.006758e-05
3.198000e+00 1.005731e-05
3.200000e+00 1.004787e-05
3.202000e+00 1.003926e-05
3.204000e+00 1.003149e-05
3.206000e+00 1.002456e-05
3.208000e+00 1.001847e-05
3.210000e+00 1.001323e-05
3.212000e+00 1.000885e-05
3.214000e+00 1.000531e-05
3.216000e+00 1.000262e-05
3.218000e+00 1.000079e-05
3.220000e+00 9.999813e-06
3.222000e+00 9.999689e-06
3.224000e+00 1.000042e-05
3.226000e+00 1.000201e-05
3.228000e+00 1.000445e-05
3.230000e+00 1.000774e-05
3.232000e+00 1.001188e-05
3.234000e+00 1.001687e-05
3.236000e+00 1.002271e-05
3.238000e+00 1.002940e-05
3.240000e+00 1.003693e-05
3.242000e+00 1.004530e-05
3.244000e+00 1.005450e-05
3.246000e+00 1.006453e-05
3.248000e+00 1.007540e-05
3.250000e+00 1.008709e-05
3.252000e+00 1.009959e-05
3.254000e+00 1.011291e-05
3.256000e+00 1.012704e-05
3.258000e+00 1.014198e-05
3.260000e+00 1.015771e-05
3.262000e+00 1.017423e-05
3.264000e+00 1.019154e-05
3.266000e+00 1.020962e-05
3.268000e+00 1.022848e-05
3.270000e+00 1.024811e-05
3.272000e+00 1.026849e-05
3.274000e+00 1.028962e-05
3.276000e+00 1.031149e-05
3.278000e+00 1.033410e-05
3.280000e+00 1.035743e-05
3.282000e+00 1.038148e-05
3.284000e+00 1.040625e-05
3.286000e+00 1.043171e-05
3.288000e+00 1.045787e-05
3.290000e+00 1.048471e-05
3.292000e+00 1.051222e-05
3.294000e+00 1.054040e-05
3.296000e+00 1.056924e-05
3.298000e+00 1.059873e-05
3.300000e+00 1.062885e-05
3.302000e+00 1.065960e-05
3.304000e+00 1.069098e-05
3.306000e+00 1.072296e-05
3.308000e+00 1.075554e-05
3.310000e+00 1.078872e-05
3.312000e+00 1.082247e-05
3.314000e+00 1.085680e-05
3.316000e+00 1.089169e-05
3.318000e+00 1.092713e-05
3.320000e+00 1.096311e-05
3.322000e+00 1.099963e-05
3.324000e+00 1.103667e-05
3.326000e+00 1.107422e-05
3.328000e+00 1.111228e-05
3.330000e+00 1.115084e-05
3.332000e+00 1.118988e-05
3.334000e+00 1.122939e-05
3.336000e+00 1.126937e-05
3.338000e+00 1.130981e-05
3.340000e+00 1.135069e-05
3.342000e+00 1.139202e-05
3.344000e+00 1.143377e-05
3.346000e+00 1.147595e-05
3.348000e+00 1.151853e-05
3.350000e+00 1.156152e-05
3.352000e+00 1.160490e-05
3.354000e+00 1.164866e-05
3.356000e+00 1.169280e-05
3.358000e+00 1.173731e-05
3.360000e+00 1.178218e-05
3.362000e+00 1.182740e-05
3.364000e+00 1.187296e-05
3.366000e+00 1.191885e-05
3.368000e+00 1.196507e-05
3.370000e+00 1.201161e-05
3.372000e+00 1.205845e-05
3.374000e+00 1.210560e-05
3.376000e+00 1.215305e-05
3.378000e+00 1.220078e-05
3.380000e+00 1.224879e-05
3.382000e+00 1.229707e-05
3.384000e+00 1.234561e-05
3.386000e+00 1.239441e-05
3.388000e+00 1.244347e-05
3.390000e+00 1.249276e-05
3.392000e+00 1.254229e-05
3.394000e+00 1.259206e-05
3.396000e+00 1.264204e-05
3.398000e+00 1.269224e-05
3.400000e+00 1.274265e-05
3.402000e+00 1.279327e-05
3.404000e+00 1.284408e-05
3.406000e+00 1.289509e-05
3.408000e+00 1.294627e-05
3.410000e+00 1.299764e-05
3.412000e+00 1.304918e-05
3.414000e+00 1.310089e-05
3.416000e+00 1.315277e-05
3.418000e+00 1.320480e-05
3.420000e+00 1.325698e-05
3.422000e+00 1.330930e-05
3.424000e+00 1.336177e-05
3.426000e+00 1.341437e-05
3.428000e+00 1.346711e-05
3.430000e+00 1.351997e-05
3.432000e+00 1.357295e-05
3.434000e+00 1.362604e-05
3.436000e+00 1.367925e-05
3.438000e+00 1.373256e-05
3.440000e+00 1.378598e-05
3.442000e+00 1.383950e-05
3.444000e+00 1.389310e-05
3.446000e+00 1.394680e-05
3.448000e+00 1.400059e-05
3.450000e+00 1.405445e-05
3.452000e+00 1.410839e-05
3.454000e+00 1.416241e-05
3.456000e+00 1.421649e-05
3.458000e+00 1.427064e-05
3.460000e+00 1.432485e-05
3.462000e+00 1.437912e-05
3.464000e+00 1.443345e-05
3.466000e+00 1.448782e-05
3.468000e+00 1.454225e-05
3.470000e+00 1.459672e-05
3.472000e+00 1.465123e-05
3.474000e+00 1.470578e-05
3.476000e+00 1.476036e-05
3.478000e+00 1.481498e-05
3.480000e+00 1.486962e-05
3.482000e+00 1.492429e-05
3.484000e+00 1.497898e-05
3.486000e+00 1.503370e-05
3.488000e+00 1.508843e-05
3.490000e+00 1.514318e-05
3.492000e+00 1.519793e-05
3.494000e+00 1.525270e-05
3.496000e+00 1.530748e-05
3.498000e+00 1.536226e-05
3.500000e+00 1.541704e-05
3.502000e+00 1.547182e-05
3.504000e+00 1.552660e-05
3.506000e+00 1.558137e-05
3.508000e+00 1.563614e-05
3.510000e+00 1.569090e-05
3.512000e+00 1.574565e-05
3.514000e+00 1.580038e-05
3.516000e+00 1.585510e-05
3.518000e+00 1.590980e-05
3.520000e+00 1.596448e-05
3.522000e+00 1.601913e-05
3.524000e+00 1.607377e-05
3.526000e+00 1.612838e-05
3.528000e+00 1.618296e-05
3.530000e+00 1.623752e-05
3.532000e+00 1.629204e-05
3.534000e+00 1.634653e-05
3.536000e+00 1.640099e-05
3.538000e+00 1.645541e-05
3.540000e+00 1.650980e-05
3.542000e+00 1.656415e-05
3.544000e+00 1.661845e-05
3.546000e+00 1.667272e-05
3.548000e+00 1.672694e-05
3.550000e+00 1.678112e-05
3.552000e+00 1.683525e-05
3.554000e+00 1.688934e-05
3.556000e+00 1.694337e-05
3.558000e+00 1.699736e-05
3.560000e+00 1.705130e-05
3.562000e+00 1.710518e-05
3.564000e+00 1.715901e-05
3.566000e+00 1.721279e-05
3.568000e+00 1.726651e-05
3.570000e+00 1.732017e-05
3.572000e+00 1.737377e-05
3.574000e+00 1.742732e-05
3.576000e+00 1.748080e-05
3.578000e+00 1.753423e-05
3.580000e+00 1.758759e-05
3.582000e+00 1.764089e-05
3.584000e+00 1.769413e-05
3.586000e+00 1.774730e-05
3.588000e+00 1.780040e-05
3.590000e+00 1.785344e-05
3.592000e+00 1.790641e-05
3.594000e+00 1.795931e-05
3.596000e+00 1.801214e-05
3.598000e+00 1.806490e-05
3.600000e+00 1.811759e-05
3.602000e+00 1.817021e-05
3.604000e+00 1.822275e-05
3.606000e+00 1.827522e-05
3.608000e+00 1.832762e-05
3.610000e+00 1.837994e-05
3.612000e+00 1.843219e-05
3.614000e+00 1.848436e-05
3.616000e+00 1.853646e-05
3.618000e+00 1.858847e-05
3.620000e+00 1.864041e-05
3.622000e+00 1.869227e-05
3.624000e+00 1.874405e-05
3.626000e+00 1.879575e-05
3.628000e+00 1.884737e-05
3.630000e+00 1.889891e-05
3.632000e+00 1.895037e-05
3.634000e+00 1.900175e-05
3.636000e+00 1.905304e-05
3.638000e+00 1.910425e-05
3.640000e+00 1.915538e-05
3.642000e+00 1.920642e-05
3.644000e+00 1.925738e-05
3.646000e+00 1.930825e-05
3.648000e+00 1.935904e-05
3.650000e+00 1.940974e-05
3.652000e+00 1.946035e-05
3.654000e+00 1.951088e-05
3.656000e+00 1.956132e-05
3.658000e+00 1.961167e-05
3.660000e+00 1.966194e-05
3.662000e+00 1.971212e-05
3.664000e+00 1.976220e-05
3.666000e+00 1.981220e-05
3.668000e+00 1.986211e-05
3.670000e+00 1.991193e-05
3.672000e+00 1.996166e-05
3.674000e+00 2.001130e-05
3.676000e+00 2.006085e-05
3.678000e+00 2.011031e-05
3.680000e+00 2.015968e-05
3.682000e+00 2.020895e-05
3.684000e+00 2.025814e-05
3.686000e+00 2.030723e-05
3.688000e+00 2.035623e-05
3.690000e+00 2.040513e-05
3.692000e+00 2.045395e-05
3.694000e+00 2.050267e-05
3.696000e+00 2.055130e-05
3.698000e+00 2.059983e-05
3.700000e+00 2.064827e-05
3.702000e+00 2.069662e-05
3.704000e+00 2.074487e-05
3.706000e+00 2.079303e-05
3.708000e+00 2.084109e-05
3.710000e+00 2.088906e-05
3.712000e+00 2.093693e-05
3.714000e+00 2.098471e-05
3.716000e+00 2.103239e-05
3.718000e+00 2.107998e-05
3.720000e+00 2.112747e-05
3.722000e+00 2.117487e-05
3.724000e+00 2.122217e-05
3.726000e+00 2.126938e-05
3.728000e+00 2.131648e-05
3.730000e+00 2.136350e-05
3.732000e+00 2.141041e-05
3.734000e+00 2.145723e-05
3.736000e+00 2.150396e-05
3.738000e+00 2.155058e-05
3.740000e+00 2.159711e-05
3.742000e+00 2.164354e-05
3.744000e+00 2.168988e-05
3.746000e+00 2.173612e-05
3.748000e+00 2.178226e-05
3.750000e+00 2.182830e-05
3.752000e+00 2.187425e-05
3.754000e+00 2.192009e-05
3.756000e+00 2.196584e-05
3.758000e+00 2.201150e-05
3.760000e+00 2.205705e-05
3.762000e+00 2.210251e-05
3.764000e+00 2.214787e-05
3.766000e+00 2.219313e-05
3.768000e+00 2.223830e-05
3.770000e+00 2.228336e-05
3.772000e+00 2.232833e-05
3.774000e+00 2.237320e-05
3.776000e+00 2.241797e-05
3.778000e+00 2.246264e-05
3.780000e+00 2.250722e-05
3.782000e+00 2.255170e-05
3.784000e+00 2.259607e-05
3.786000e+00 2.264035e-05
3.788000e+00 2.268454e-05
3.790000e+00 2.272862e-05
3.792000e+00 2.277260e-05
3.794000e+00 2.281649e-05
3.796000e+00 2.286028e-05
3.798000e+00 2.290397e-05
3.800000e+00 2.294756e-05
3.802000e+00 2.299105e-05
3.804000e+00 2.303445e-05
3.806000e+00 2.307774e-05
3.808000e+00 2.312094e-05
3.810000e+00 2.316404e-05
3.812000e+00 2.320704e-05
3.814000e+00 2.324994e-05
3.816000e+00 2.329274e-05
3.818000e+00 2.333545e-05
3.820000e+00 2.337805e-05
3.822000e+00 2.342056e-05
3.824000e+00 2.346297e-05
3.826000e+00 2.350528e-05
3.828000e+00 2.354749e-05
3.830000e+00 2.358961e-05
3.832000e+00 2.363162e-05
3.834000e+00 2.367354e-05
3.836000e+00 2.371536e-05
3.838000e+00 2.375708e-05
3.840000e+00 2.379870e-05
3.842000e+00 2.384022e-05
3.844000e+00 2.388165e-05
3.846000e+00 2.392298e-05
3.848000e+00 2.396421e-05
3.850000e+00 2.400534e-05
3.852000e+00 2.404637e-05
3.854000e+00 2.408731e-05
3.856000e+00 2.412814e-05
3.858000e+00 2.416888e-05
3.860000e+00 2.420952e-05
3.862000e+00 2.425007e-05
3.864000e+00 2.429051e-05
3.866000e+00 2.433086e-05
3.868000e+00 2.437111e-05
3.870000e+00 2.441126e-05
3.872000e+00 2.445131e-05
3.874000e+00 2.449127e-05
3.876000e+00 2.453113e-05
3.878000e+00 2.457089e-05
3.880000e+00 2.461055e-05
3.882000e+00 2.465012e-05
3.884000e+00 2.468959e-05
3.886000e+00 2.472896e-05
3.888000e+00 2.476823e-05
3.890000e+00 2.480741e-05
3.892000e+00 2.484649e-05
3.894000e+00 2.488547e-05
3.896000e+00 2.492436e-05
3.898000e+00 2.496315e-05
3.900000e+00 2.500184e-05
3.902000e+00 2.504043e-05
3.904000e+00 2.507893e-05
3.906000e+00 2.511733e-05
3.908000e+00 2.515564e-05
3.910000e+00 2.519385e-05
3.912000e+00 2.523196e-05
3.914000e+00 2.526997e-05
3.916000e+00 2.530789e-05
3.918000e+00 2.534571e-05
3.920000e+00 2.538344e-05
3.922000e+00 2.542107e-05
3.924000e+00 2.545860e-05
3.926000e+00 2.549603e-05
3.928000e+00 2.553338e-05
3.930000e+00 2.557062e-05
3.932000e+00 2.560777e-05
3.934000e+00 2.564482e-05
3.936000e+00 2.568178e-05
3.938000e+00 2.571864e-05
3.940000e+00 2.575540e-05
3.942000e+00 2.579207e-05
3.944000e+00 2.582865e-05
3.946000e+00 2.586513e-05
3.948000e+00 2.590151e-05
3.950000e+00 2.593780e-05
3.952000e+00 2.597399e-05
3.954000e+00 2.601009e-05
3.956000e+00 2.604609e-05
3.958000e+00 2.608200e-05
3.960000e+00 2.611781e-05
3.962000e+00 2.615353e-05
3.964000e+00 2.618915e-05
3.966000e+00 2.622468e-05
3.968000e+00 2.626011e-05
3.970000e+00 2.629545e-05
3.972000e+00 2.633070e-05
3.974000e+00 2.636584e-05
3.976000e+00 2.640090e-05
3.978000e+00 2.643586e-05
3.980000e+00 2.647073e-05
3.982000e+00 2.650550e-05
3.984000e+00 2.654018e-05
3.986000e+00 2.657476e-05
3.988000e+00 2.660925e-05
3.990000e+00 2.664365e-05
3.992000e+00 2.667795e-05
3.994000e+00 2.671216e-05
3.996000e+00 2.674628e-05
3.998000e+00 2.678030e-05
4.000000e+00 2.681423e-05
4.002000e+00 2.684806e-05
4.004000e+00 2.688181e-05
4.006000e+00 2.691545e-05
4.008000e+00 2.694901e-05
4.010000e+00 2.698247e-05
4.012000e+00 2.701584e-05
4.014000e+00 2.704912e-05
4.016000e+00 2.708230e-05
4.018000e+00 2.711539e-05
4.020000e+00 2.714839e-05
4.022000e+00 2.718130e-05
4.024000e+00 2.721411e-05
4.026000e+00 2.724683e-05
4.028000e+00 2.727946e-05
4.030000e+00 2.731199e-05
4.032000e+00 2.734444e-05
4.034000e+00 2.737679e-05
4.036000e+00 2.740905e-05
4.038000e+00 2.744121e-05
4.040000e+00 2.747329e-05
4.042000e+00 2.750527e-05
4.044000e+00 2.753716e-05
4.046000e+00 2.756896e-05
4.048000e+00 2.760067e-05
4.050000e+00 2.763229e-05
4.052000e+00 2.766381e-05
4.054000e+00 2.769525e-05
4.056000e+00 2.772659e-05
4.058000e+00 2.775784e-05
4.060000e+00 2.778900e-05
4.062000e+00 2.782007e-05
4.064000e+00 2.785105e-05
4.066000e+00 2.788193e-05
4.068000e+00 2.791273e-05
4.070000e+00 2.794344e-05
4.072000e+00 2.797405e-05
4.074000e+00 2.800458e-05
4.076000e+00 2.803501e-05
4.078000e+00 2.806535e-05
4.080000e+00 2.809560e-05
4.082000e+00 2.812577e-05
4.084000e+00 2.815584e-05
4.086000e+00 2.818582e-05
4.088000e+00 2.821571e-05
4.090000e+00 2.824551e-05
4.092000e+00 2.827523e-05
4.094000e+00 2.830485e-05
4.096000e+00 2.833438e-05
4.098000e+00 2.836382e-05
4.100000e+00 2.839318e-05
4.102000e+00 2.842244e-05
4.104000e+00 2.845161e-05
4.106000e+00 2.848070e-05
4.108000e+00 2.850969e-05
4.110000e+00 2.853860e-05
4.112000e+00 2.856742e-05
4.114000e+00 2.859614e-05
4.116000e+00 2.862478e-05
4.118000e+00 2.865333e-05
4.120000e+00 2.868179e-05
4.122000e+00 2.871016e-05
4.124000e+00 2.873845e-05
4.126000e+00 2.876664e-05
4.128000e+00 2.879475e-05
4.130000e+00 2.882276e-05
4.132000e+00 2.885069e-05
4.134000e+00 2.887853e-05
4.136000e+00 2.890629e-05
4.138000e+00 2.893395e-05
4.140000e+00 2.896152e-05
4.142000e+00 2.898901e-05
4.144000e+00 2.901641e-05
4.146000e+00 2.904372e-05
4.148000e+00 2.907095e-05
4.150000e+00 2.909808e-05
4.152000e+00 2.912513e-05
4.154000e+00 2.915209e-05
4.156000e+00 2.917897e-05
4.158000e+00 2.920575e-05
4.160000e+00 2.923245e-05
4.162000e+00 2.925906e-05
4.164000e+00 2.928558e-05
4.166000e+00 2.931202e-05
4.168000e+00 2.933837e-05
4.170000e+00 2.936463e-05
4.172000e+00 2.939081e-05
4.174000e+00 2.941689e-05
4.176000e+00 2.944289e-05
4.178000e+00 2.946881e-05
4.180000e+00 2.949464e-05
4.182000e+00 2.952038e-05
4.184000e+00 2.954603e-05
4.186000e+00 2.957160e-05
4.188000e+00 2.959708e-05
4.190000e+00 2.962248e-05
4.192000e+00 2.964778e-05
4.194000e+00 2.967301e-05
4.196000e+00 2.969814e-05
4.198000e+00 2.972319e-05
4.200000e+00 2.974816e-05
4.202000e+00 2.977303e-05
4.204000e+00 2.979783e-05
4.206000e+00 2.982253e-05
4.208000e+00 2.984715e-05
4.210000e+00 2.987169e-05
4.212000e+00 2.989614e-05
4.214000e+00 2.992050e-05
4.216000e+00 2.994478e-05
4.218000e+00 2.996897e-05
4.220000e+00 2.999308e-05
4.222000e+00 3.001710e-05
4.224000e+00 3.004103e-05
4.226000e+00 3.006488e-05
4.228000e+00 3.008865e-05
4.230000e+00 3.011233e-05
4.232000e+00 3.013593e-05
4.234000e+00 3.015944e-05
4.236000e+00 3.018286e-05
4.238000e+00 3.020620e-05
4.240000e+00 3.022946e-05
4.242000e+00 3.025263e-05
4.244000e+00 3.027572e-05
4.246000e+00 3.029872e-05
4.248000e+00 3.032164e-05
4.250000e+00 3.034447e-05
4.252000e+00 3.036722e-05
4.254000e+00 3.038988e-05
4.256000e+00 3.041246e-05
4.258000e+00 3.043496e-05
4.260000e+00 3.045737e-05
4.262000e+00 3.047970e-05
4.264000e+00 3.050194e-05
4.266000e+00 3.052410e-05
4.268000e+00 3.054618e-05
4.270000e+00 3.056817e-05
4.272000e+00 3.059008e-05
4.274000e+00 3.061190e-05
4.276000e+00 3.063365e-05
4.278000e+00 3.065530e-05
4.280000e+00 3.067688e-05
4.282000e+00 3.069837e-05
4.284000e+00 3.071977e-05
4.286000e+00 3.074110e-05
4.288000e+00 3.076234e-05
4.290000e+00 3.078349e-05
4.292000e+00 3.080457e-05
4.294000e+00 3.082556e-05
4.296000e+00 3.084646e-05
4.298000e+00 3.086729e-05
4.300000e+00 3.088803e-05
4.302000e+00 3.090869e-05
4.304000e+00 3.092926e-05
4.306000e+00 3.094976e-05
4.308000e+00 3.097017e-05
4.310000e+00 3.099049e-05
4.312000e+00 3.101074e-05
4.314000e+00 3.103090e-05
4.316000e+00 3.105098e-05
4.318000e+00 3.107097e-05
4.320000e+00 3.109089e-05
4.322000e+00 3.111072e-05
4.324000e+00 3.113047e-05
4.326000e+00 3.115014e-05
4.328000e+00 3.116972e-05
4.330000e+00 3.118923e-05
4.332000e+00 3.120865e-05
4.334000e+00 3.122798e-05
4.336000e+00 3.124724e-05
4.338000e+00 3.126642e-05
4.340000e+00 3.128551e-05
4.342000e+00 3.130452e-05
4.344000e+00 3.132345e-05
4.346000e+00 3.134230e-05
4.348000e+00 3.136106e-05
4.350000e+00 3.137975e-05
4.352000e+00 3.139835e-05
4.354000e+00 3.141687e-05
4.356000e+00 3.143531e-05
4.358000e+00 3.145367e-05
4.360000e+00 3.147194e-05
4.362000e+00 3.149014e-05
4.364000e+00 3.150825e-05
4.366000e+00 3.152628e-05
4.368000e+00 3.154424e-05
4.370000e+00 3.156211e-05
4.372000e+00 3.157989e-05
4.374000e+00 3.159760e-05
4.376000e+00 3.161523e-05
4.378000e+00 3.163277e-05
4.380000e+00 3.165024e-05
4.382000e+00 3.166762e-05
4.384000e+00 3.168493e-05
4.386000e+00 3.170215e-05
4.388000e+00 3.171929e-05
4.390000e+00 3.173635e-05
4.392000e+00 3.175333e-05
4.394000e+00 3.177023e-05
4.396000e+00 3.178705e-05
4.398000e+00 3.180379e-05
4.400000e+00 3.182045e-05
4.402000e+00 3.183703e-05
4.404000e+00 3.185352e-05
4.406000e+00 3.186994e-05
4.408000e+00 3.188628e-05
4.410000e+00 3.190253e-05
4.412000e+00 3.191871e-05
4.414000e+00 3.193481e-05
4.416000e+00 3.195082e-05
4.418000e+00 3.196676e-05
4.420000e+00 3.198261e-05
4.422000e+00 3.199839e-05
4.424000e+00 3.201409e-05
4.426000e+00 3.202970e-05
4.428000e+00 3.204524e-05
4.430000e+00 3.206070e-05
4.432000e+00 3.207607e-05
4.434000e+00 3.209137e-05
4.436000e+00 3.210659e-05
4.438000e+00 3.212172e-05
4.440000e+00 3.213678e-05
4.442000e+00 3.215176e-05
4.444000e+00 3.216666e-05
4.446000e+00 3.218148e-05
4.448000e+00 3.219622e-05
4.450000e+00 3.221088e-05
4.452000e+00 3.222546e-05
4.454000e+00 3.223996e-05
4.456000e+00 3.225438e-05
4.458000e+00 3.226873e-05
4.460000e+00 3.228299e-05
4.462000e+00 3.229718e-05
4.464000e+00 3.231128e-05
4.466000e+00 3.232531e-05
4.468000e+00 3.233925e-05
4.470000e+00 3.235312e-05
4.472000e+00 3.236691e-05
4.474000e+00 3.238062e-05
4.476000e+00 3.239425e-05
4.478000e+00 3.240781e-05
4.480000e+00 3.242128e-05
4.482000e+00 3.243467e-05
4.484000e+00 3.244799e-05
4.486000e+00 3.246123e-05
4.488000e+00 3.247439e-05
4.490000e+00 3.248747e-05
4.492000e+00 3.250047e-05
4.494000e+00 3.251339e-05
4.496000e+00 3.252623e-05
4.498000e+00 3.253900e-05
4.500000e+00 3.255169e-05
4.502000e+00 3.256430e-05
4.504000e+00 3.257683e-05
4.506000e+00 3.258928e-05
4.508000e+00 3.260165e-05
4.510000e+00 3.261395e-05
4.512000e+00 3.262616e-05
4.514000e+00 3.263830e-05
4.516000e+00 3.265036e-05
4.518000e+00 3.266234e-05
4.520000e+00 3.267425e-05
4.522000e+00 3.268607e-05
4.524000e+00 3.269782e-05
4.526000e+00 3.270949e-05
4.528000e+00 3.272108e-05
4.530000e+00 3.273259e-05
4.532000e+00 3.274403e-05
4.534000e+00 3.275539e-05
4.536000e+00 3.276667e-05
4.538000e+00 3.277787e-05
4.540000e+00 3.278899e-05
4.542000e+00 3.280004e-05
4.544000e+00 3.281101e-05
4.546000e+00 3.282190e-05
4.548000e+00 3.283271e-05
4.550000e+00 3.284344e-05
4.552000e+00 3.285410e-05
4.554000e+00 3.286468e-05
4.556000e+00 3.287518e-05
4.558000e+00 3.288561e-05
4.560000e+00 3.289595e-05
4.562000e+00 3.290622e-05
4.564000e+00 3.291641e-05
4.566000e+00 3.292653e-05
4.568000e+00 3.293656e-05
4.570000e+00 3.294652e-05
4.572000e+00 3.295640e-05
4.574000e+00 3.296621e-05
4.576000e+00 3.297593e-05
4.578000e+00 3.298558e-05
4.580000e+00 3.299516e-05
4.582000e+00 3.300465e-05
4.584000e+00 3.301407e-05
4.586000e+00 3.302341e-05
4.588000e+00 3.303267e-05
4.590000e+00 3.304186e-05
4.592000e+00 3.305097e-05
4.594000e+00 3.306000e-05
4.596000e+00 3.306895e-05
4.598000e+00 3.307783e-05
4.600000e+00 3.308663e-05
4.602000e+00 3.309535e-05
4.604000e+00 3.310400e-05
4.606000e+00 3.311257e-05
4.608000e+00 3.312106e-05
4.610000e+00 3.312947e-05
4.612000e+00 3.313781e-05
4.614000e+00 3.314607e-05
4.616000e+00 3.315426e-05
4.618000e+00 3.316236e-05
4.620000e+00 3.317039e-05
4.622000e+00 3.317835e-05
4.624000e+00 3.318623e-05
4.626000e+00 3.319403e-05
4.628000e+00 3.320175e-05
4.630000e+00 3.320940e-05
4.632000e+00 3.321697e-05
4.634000e+00 3.322446e-05
4.636000e+00 3.323187e-05
4.638000e+00 3.323921e-05
4.640000e+00 3.324648e-05
4.642000e+00 3.325366e-05
4.644000e+00 3.326077e-05
4.646000e+00 3.326781e-05
4.648000e+00 3.327476e-05
4.650000e+00 3.328164e-05
4.652000e+00 3.328845e-05
4.654000e+00 3.329517e-05
4.656000e+00 3.330182e-05
4.658000e+00 3.330840e-05
4.660000e+00 3.331490e-05
4.662000e+00 3.332132e-05
4.664000e+00 3.332766e-05
4.666000e+00 3.333393e-05
4.668000e+00 3.334012e-05
4.670000e+00 3.334624e-05
4.672000e+00 3.335227e-05
4.674000e+00 3.335824e-05
4.676000e+00 3.336412e-05
4.678000e+00 3.336993e-05
4.680000e+00 3.337567e-05
4.682000e+00 3.338132e-05
4.684000e+00 3.338690e-05
4.686000e+00 3.339241e-05
4.688000e+00 3.339784e-05
4.690000e+00 3.340319e-05
4.692000e+00 3.340847e-05
4.694000e+00 3.341367e-05
4.696000e+00 3.341879e-05
4.698000e+00 3.342384e-05
4.700000e+00 3.342881e-05
4.702000e+00 3.343370e-05
4.704000e+00 3.343852e-05
4.706000e+00 3.344326e-05
4.708000e+00 3.344793e-05
4.710000e+00 3.345252e-05
4.712000e+00 3.345704e-05
4.714000e+00 3.346147e-05
4.716000e+00 3.346584e-05
4.718000e+00 3.347012e-05
4.720000e+00 3.347433e-05
4.722000e+00 3.347847e-05
4.724000e+00 3.348252e-05
4.726000e+00 3.348651e-05
4.728000e+00 3.349041e-05
4.730000e+00 3.349424e-05
4.732000e+00 3.349799e-05
4.734000e+00 3.350167e-05
4.736000e+00 3.350527e-05
4.738000e+00 3.350880e-05
4.740000e+00 3.351225e-05
4.742000e+00 3.351562e-05
4.744000e+00 3.351892e-05
4.746000e+00 3.352215e-05
4.748000e+00 3.352529e-05
4.750000e+00 3.352836e-05
4.752000e+00 3.353136e-05
4.754000e+00 3.353427e-05
4.756000e+00 3.353712e-05
4.758000e+00 3.353988e-05
4.760000e+00 3.354258e-05
4.762000e+00 3.354519e-05
4.764000e+00 3.354773e-05
4.766000e+00 3.355019e-05
4.768000e+00 3.355258e-05
4.770000e+00 3.355489e-05
4.772000e+00 3.355713e-05
4.774000e+00 3.355929e-05
4.776000e+00 3.356137e-05
4.778000e+00 3.356338e-05
4.780000e+00 3.356531e-05
4.782000e+00 3.356717e-05
4.784000e+00 3.356895e-05
4.786000e+00 3.357065e-05
4.788000e+00 3.357228e-05
4.790000e+00 3.357384e-05
4.792000e+00 3.357532e-05
4.794000e+00 3.357672e-05
4.796000e+00 3.357804e-05
4.798000e+00 3.357929e-05
4.800000e+00 3.358047e-05
4.802000e+00 3.358157e-05
4.804000e+00 3.358259e-05
4.806000e+00 3.358354e-05
4.808000e+00 3.358441e-05
4.810000e+00 3.358520e-05
4.812000e+00 3.358592e-05
4.814000e+00 3.358657e-05
4.816000e+00 3.358714e-05
4.818000e+00 3.358763e-05
4.820000e+00 3.358805e-05
4.822000e+00 3.358839e-05
4.824000e+00 3.358865e-05
4.826000e+00 3.358884e-05
4.828000e+00 3.358896e-05
4.830000e+00 3.358900e-05
4.832000e+00 3.358896e-05
4.834000e+00 3.358884e-05
4.836000e+00 3.358866e-05
4.838000e+00 3.358839e-05
4.840000e+00 3.358805e-05
4.842000e+00 3.358763e-05
4.844000e+00 3.358714e-05
4.846000e+00 3.358657e-05
4.848000e+00 3.358593e-05
4.850000e+00 3.358521e-05
4.852000e+00 3.358442e-05
4.854000e+00 3.358355e-05
4.856000e+00 3.358260e-05
4.858000e+00 3.358158e-05
4.860000e+00 3.358048e-05
4.862000e+00 3.357930e-05
4.864000e+00 3.357805e-05
4.866000e+00 3.357673e-05
4.868000e+00 3.357533e-05
4.870000e+00 3.357385e-05
4.872000e+00 3.357230e-05
4.874000e+00 3.357067e-05
4.876000e+00 3.356897e-05
4.878000e+00 3.356719e-05
4.880000e+00 3.356533e-05
4.882000e+00 3.356340e-05
4.884000e+00 3.356139e-05
4.886000e+00 3.355931e-05
4.888000e+00 3.355715e-05
4.890000e+00 3.355491e-05
4.892000e+00 3.355260e-05
4.894000e+00 3.355021e-05
4.896000e+00 3.354775e-05
4.898000e+00 3.354521e-05
4.900000e+00 3.354260e-05
4.902000e+00 3.353991e-05
4.904000e+00 3.353714e-05
4.906000e+00 3.353430e-05
4.908000e+00 3.353138e-05
4.910000e+00 3.352839e-05
4.912000e+00 3.352532e-05
4.914000e+00 3.352217e-05
4.916000e+00 3.351895e-05
4.918000e+00 3.351565e-05
4.920000e+00 3.351228e-05
4.922000e+00 3.350883e-05
4.924000e+00 3.350531e-05
4.926000e+00 3.350171e-05
4.928000e+00 3.349803e-05
4.930000e+00 3.349428e-05
4.932000e+00 3.349045e-05
4.934000e+00 3.348654e-05
4.936000e+00 3.348256e-05
4.938000e+00 3.347850e-05
4.940000e+00 3.347437e-05
4.942000e+00 3.347016e-05
4.944000e+00 3.346587e-05
4.946000e+00 3.346151e-05
4.948000e+00 3.345708e-05
4.950000e+00 3.345256e-05
4.952000e+00 3.344797e-05
4.954000e+00 3.344331e-05
4.956000e+00 3.343856e-05
4.958000e+00 3.343375e-05
4.960000e+00 3.342885e-05
4.962000e+00 3.342388e-05
4.964000e+00 3.341883e-05
4.966000e+00 3.341371e-05
4.968000e+00 3.340851e-05
4.970000e+00 3.340324e-05
4.972000e+00 3.339789e-05
4.974000e+00 3.339246e-05
4.976000e+00 3.338695e-05
4.978000e+00 3.338137e-05
4.980000e+00 3.337572e-05
4.982000e+00 3.336999e-05
4.984000e+00 3.336418e-05
4.986000e+00 3.335829e-05
4.988000e+00 3.335233e-05
4.990000e+00 3.334629e-05
4.992000e+00 3.334018e-05
4.994000e+00 3.333399e-05
4.996000e+00 3.332772e-05
4.998000e+00 3.332137e-05
5.000000e+00 3.331495e-05
5.002000e+00 3.330846e-05
5.004000e+00 3.330188e-05
5.006000e+00 3.329523e-05
5.008000e+00 3.328851e-05
5.010000e+00 3.328170e-05
5.012000e+00 3.327483e-05
5.014000e+00 3.326787e-05
5.016000e+00 3.326084e-05
5.018000e+00 3.325373e-05
5.020000e+00 3.324654e-05
5.022000e+00 3.323928e-05
5.024000e+00 3.323194e-05
5.026000e+00 3.322453e-05
5.028000e+00 3.321703e-05
5.030000e+00 3.320946e-05
5.032000e+00 3.320182e-05
5.034000e+00 3.319410e-05
5.036000e+00 3.318630e-05
5.038000e+00 3.317842e-05
5.040000e+00 3.317047e-05
5.042000e+00 3.316244e-05
5.044000e+00 3.315433e-05
5.046000e+00 3.314615e-05
5.048000e+00 3.313789e-05
5.050000e+00 3.312955e-05
5.052000e+00 3.312113e-05
5.054000e+00 3.311264e-05
5.056000e+00 3.310408e-05
5.058000e+00 3.309543e-05
5.060000e+00 3.308671e-05
5.062000e+00 3.307791e-05
5.064000e+00 3.306903e-05
5.066000e+00 3.306008e-05
5.068000e+00 3.305105e-05
5.070000e+00 3.304194e-05
5.072000e+00 3.303275e-05
5.074000e+00 3.302349e-05
5.076000e+00 3.301415e-05
5.078000e+00 3.300474e-05
5.080000e+00 3.299524e-05
5.082000e+00 3.298567e-05
5.084000e+00 3.297602e-05
5.086000e+00 3.296630e-05
5.088000e+00 3.295649e-05
5.090000e+00 3.294661e-05
5.092000e+00 3.293665e-05
5.094000e+00 3.292662e-05
5.096000e+00 3.291650e-05
5.098000e+00 3.290631e-05
5.100000e+00 3.289605e-05
5.102000e+00 3.288570e-05
5.104000e+00 3.287528e-05
5.106000e+00 3.286477e-05
5.108000e+00 3.285420e-05
5.110000e+00 3.284354e-05
5.112000e+00 3.283281e-05
5.114000e+00 3.282199e-05
5.116000e+00 3.281110e-05
5.118000e+00 3.280014e-05
5.120000e+00 3.278909e-05
5.122000e+00 3.277797e-05
5.124000e+00 3.276677e-05
5.126000e+00 3.275549e-05
5.128000e+00 3.274413e-05
5.130000e+00 3.273270e-05
5.132000e+00 3.272119e-05
5.134000e+00 3.270960e-05
5.136000e+00 3.269793e-05
5.138000e+00 3.268618e-05
5.140000e+00 3.267435e-05
5.142000e+00 3.266245e-05
5.144000e+00 3.265047e-05
5.146000e+00 3.263841e-05
5.148000e+00 3.262627e-05
5.150000e+00 3.261406e-05
5.152000e+00 3.260176e-05
5.154000e+00 3.258939e-05
5.156000e+00 3.257694e-05
5.158000e+00 3.256441e-05
5.160000e+00 3.255180e-05
5.162000e+00 3.253912e-05
5.164000e+00 3.252635e-05
5.166000e+00 3.251351e-05
5.168000e+00 3.250059e-05
5.170000e+00 3.248758e-05
5.172000e+00 3.247451e-05
5.174000e+00 3.246135e-05
5.176000e+00 3.244811e-05
5.178000e+00 3.243480e-05
5.180000e+00 3.242140e-05
5.182000e+00 3.240793e-05
5.184000e+00 3.239438e-05
5.186000e+00 3.238075e-05
5.188000e+00 3.236704e-05
5.190000e+00 3.235325e-05
5.192000e+00 3.233938e-05
5.194000e+00 3.232543e-05
5.196000e+00 3.231141e-05
5.198000e+00 3.229730e-05
5.200000e+00 3.228312e-05
5.202000e+00 3.226886e-05
5.204000e+00 3.225451e-05
5.206000e+00 3.224009e-05
5.208000e+00 3.222559e-05
5.210000e+00 3.221101e-05
5.212000e+00 3.219635e-05
5.214000e+00 3.218161e-05
5.216000e+00 3.216679e-05
5.218000e+00 3.215190e-05
5.220000e+00 3.213692e-05
5.222000e+00 3.212186e-05
5.224000e+00 3.210672e-05
5.226000e+00 3.209151e-05
5.228000e+00 3.207621e-05
5.230000e+00 3.206084e-05
5.232000e+00 3.204538e-05
5.234000e+00 3.202984e-05
5.236000e+00 3.201423e-05
5.238000e+00 3.199853e-05
5.240000e+00 3.198276e-05
5.242000e+00 3.196690e-05
5.244000e+00 3.195097e-05
5.246000e+00 3.193495e-05
5.248000e+00 3.191886e-05
5.250000e+00 3.190268e-05
5.252000e+00 3.188643e-05
5.254000e+00 3.187009e-05
5.256000e+00 3.185367e-05
5.258000e+00 3.183718e-05
5.260000e+00 3.182060e-05
5.262000e+00 3.180394e-05
5.264000e+00 3.178720e-05
5.266000e+00 3.177039e-05
5.268000e+00 3.175349e-05
5.270000e+00 3.173651e-05
5.272000e+00 3.171945e-05
5.274000e+00 3.170231e-05
5.276000e+00 3.168508e-05
5.278000e+00 3.166778e-05
5.280000e+00 3.165040e-05
5.282000e+00 3.163293e-05
5.284000e+00 3.161539e-05
5.286000e+00 3.159776e-05
5.288000e+00 3.158005e-05
5.290000e+00 3.156227e-05
5.292000e+00 3.154440e-05
5.294000e+00 3.152645e-05
5.296000e+00 3.150841e-05
5.298000e+00 3.149030e-05
5.300000e+00 3.147211e-05
5.302000e+00 3.145383e-05
5.304000e+00 3.143547e-05
5.306000e+00 3.141704e-05
5.308000e+00 3.139852e-05
5.310000e+00 3.137991e-05
5.312000e+00 3.136123e-05
5.314000e+00 3.134247e-05
5.316000e+00 3.132362e-05
5.318000e+00 3.130469e-05
5.320000e+00 3.128568e-05
5.322000e+00 3.126659e-05
5.324000e+00 3.124742e-05
5.326000e+00 3.122816e-05
5.328000e+00 3.120882e-05
5.330000e+00 3.118940e-05
5.332000e+00 3.116990e-05
5.334000e+00 3.115031e-05
5.336000e+00 3.113065e-05
5.338000e+00 3.111090e-05
5.340000e+00 3.109107e-05
5.342000e+00 3.107115e-05
5.344000e+00 3.105116e-05
5.346000e+00 3.103108e-05
5.348000e+00 3.101092e-05
5.350000e+00 3.099068e-05
5.352000e+00 3.097035e-05
5.354000e+00 3.094994e-05
5.356000e+00 3.092945e-05
5.358000e+00 3.090887e-05
5.360000e+00 3.088822e-05
5.362000e+00 3.086748e-05
5.364000e+00 3.084665e-05
5.366000e+00 3.082575e-05
5.368000e+00 3.080476e-05
5.370000e+00 3.078368e-05
5.372000e+00 3.076253e-05
5.374000e+00 3.074129e-05
5.376000e+00 3.071997e-05
5.378000e+00 3.069856e-05
5.380000e+00 3.067707e-05
5.382000e+00 3.065550e-05
5.384000e+00 3.063384e-05
5.386000e+00 3.061210e-05
5.388000e+00 3.059028e-05
5.390000e+00 3.056837e-05
5.392000e+00 3.054638e-05
5.394000e+00 3.052430e-05
5.396000e+00 3.050215e-05
5.398000e+00 3.047990e-05
5.400000e+00 3.045758e-05
5.402000e+00 3.043516e-05
5.404000e+00 3.041267e-05
5.406000e+00 3.039009e-05
5.408000e+00 3.036743e-05
5.410000e+00 3.034468e-05
5.412000e+00 3.032184e-05
5.414000e+00 3.029893e-05
5.416000e+00 3.027593e-05
5.418000e+00 3.025284e-05
5.420000e+00 3.022967e-05
5.422000e+00 3.020641e-05
5.424000e+00 3.018307e-05
5.426000e+00 3.015965e-05
5.428000e+00 3.013614e-05
5.430000e+00 3.011254e-05
5.432000e+00 3.008886e-05
5.434000e+00 3.006510e-05
5.436000e+00 3.004125e-05
5.438000e+00 3.001731e-05
5.440000e+00 2.999329e-05
5.442000e+00 2.996919e-05
5.444000e+00 2.994500e-05
5.446000e+00 2.992072e-05
5.448000e+00 2.989636e-05
5.450000e+00 2.987191e-05
5.452000e+00 2.984737e-05
5.454000e+00 2.982275e-05
5.456000e+00 2.979805e-05
5.458000e+00 2.977326e-05
5.460000e+00 2.974838e-05
5.462000e+00 2.972342e-05
5.464000e+00 2.969837e-05
5.466000e+00 2.967323e-05
5.468000e+00 2.964801e-05
5.470000e+00 2.962270e-05
5.472000e+00 2.959731e-05
5.474000e+00 2.957183e-05
5.476000e+00 2.954626e-05
5.478000e+00 2.952061e-05
5.480000e+00 2.949487e-05
5.482000e+00 2.946904e-05
5.484000e+00 2.944313e-05
5.486000e+00 2.941713e-05
5.488000e+00 2.939104e-05
5.490000e+00 2.936487e-05
5.492000e+00 2.933861e-05
5.494000e+00 2.931226e-05
5.496000e+00 2.928582e-05
5.498000e+00 2.925930e-05
5.500000e+00 2.923269e-05
5.502000e+00 2.920599e-05
5.504000e+00 2.917921e-05
5.506000e+00 2.915234e-05
5.508000e+00 2.912538e-05
5.510000e+00 2.909833e-05
5.512000e+00 2.907119e-05
5.514000e+00 2.904397e-05
5.516000e+00 2.901666e-05
5.518000e+00 2.898926e-05
5.520000e+00 2.896177e-05
5.522000e+00 2.893420e-05
5.524000e+00 2.890654e-05
5.526000e+00 2.887878e-05
5.528000e+00 2.885094e-05
5.530000e+00 2.882302e-05
5.532000e+00 2.879500e-05
5.534000e+00 2.876690e-05
5.536000e+00 2.873870e-05
5.538000e+00 2.871042e-05
5.540000e+00 2.868205e-05
5.542000e+00 2.865359e-05
5.544000e+00 2.862504e-05
5.546000e+00 2.859640e-05
5.548000e+00 2.856768e-05
5.550000e+00 2.853886e-05
5.552000e+00 2.850995e-05
5.554000e+00 2.848096e-05
5.556000e+00 2.845188e-05
5.558000e+00 2.842270e-05
5.560000e+00 2.839344e-05
5.562000e+00 2.836409e-05
5.564000e+00 2.833465e-05
5.566000e+00 2.830512e-05
5.568000e+00 2.827549e-05
5.570000e+00 2.824578e-05
5.572000e+00 2.821598e-05
5.574000e+00 2.818609e-05
5.576000e+00 2.815611e-05
5.578000e+00 2.812604e-05
5.580000e+00 2.809588e-05
5.582000e+00 2.806563e-05
5.584000e+00 2.803528e-05
5.586000e+00 2.800485e-05
5.588000e+00 2.797433e-05
5.590000e+00 2.794371e-05
5.592000e+00 2.791301e-05
5.594000e+00 2.788221e-05
5.596000e+00 2.785133e-05
5.598000e+00 2.782035e-05
5.600000e+00 2.778928e-05
5.602000e+00 2.775812e-05
5.604000e+00 2.772687e-05
5.606000e+00 2.769553e-05
5.608000e+00 2.766410e-05
5.610000e+00 2.763257e-05
5.612000e+00 2.760096e-05
5.614000e+00 2.756925e-05
5.616000e+00 2.753745e-05
5.618000e+00 2.750556e-05
5.620000e+00 2.747358e-05
5.622000e+00 2.744150e-05
5.624000e+00 2.740934e-05
5.626000e+00 2.737708e-05
5.628000e+00 2.734473e-05
5.630000e+00 2.731229e-05
5.632000e+00 2.727975e-05
5.634000e+00 2.724712e-05
5.636000e+00 2.721441e-05
5.638000e+00 2.718159e-05
5.640000e+00 2.714869e-05
5.642000e+00 2.711569e-05
5.644000e+00 2.708260e-05
5.646000e+00 2.704942e-05
5.648000e+00 2.701614e-05
5.650000e+00 2.698277e-05
5.652000e+00 2.694931e-05
5.654000e+00 2.691576e-05
5.656000e+00 2.688211e-05
5.658000e+00 2.684837e-05
5.660000e+00 2.681454e-05
5.662000e+00 2.678061e-05
5.664000e+00 2.674659e-05
5.666000e+00 2.671247e-05
5.668000e+00 2.667826e-05
5.670000e+00 2.664396e-05
5.672000e+00 2.660957e-05
5.674000e+00 2.657508e-05
5.676000e+00 2.654049e-05
5.678000e+00 2.650581e-05
5.680000e+00 2.647104e-05
5.682000e+00 2.643618e-05
5.684000e+00 2.640122e-05
5.686000e+00 2.636616e-05
5.688000e+00 2.633101e-05
5.690000e+00 2.629577e-05
5.692000e+00 2.626043e-05
5.694000e+00 2.622500e-05
5.696000e+00 2.618947e-05
5.698000e+00 2.615385e-05
5.700000e+00 2.611813e-05
5.702000e+00 2.608232e-05
5.704000e+00 2.604642e-05
5.706000e+00 2.601041e-05
5.708000e+00 2.597432e-05
5.710000e+00 2.593813e-05
5.712000e+00 2.590184e-05
5.714000e+00 2.586546e-05
5.716000e+00 2.582898e-05
5.718000e+00 2.579241e-05
5.720000e+00 2.575574e-05
5.722000e+00 2.571897e-05
5.724000e+00 2.568211e-05
5.726000e+00 2.564516e-05
5.728000e+00 2.560810e-05
5.730000e+00 2.557096e-05
5.732000e+00 2.553371e-05
5.734000e+00 2.549637e-05
5.736000e+00 2.545894e-05
5.738000e+00 2.542141e-05
5.740000e+00 2.538378e-05
5.742000e+00 2.534605e-05
5.744000e+00 2.530823e-05
5.746000e+00 2.527031e-05
5.748000e+00 2.523230e-05
5.750000e+00 2.519419e-05
5.752000e+00 2.515598e-05
5.754000e+00 2.511768e-05
5.756000e+00 2.507928e-05
5.758000e+00 2.504078e-05
5.760000e+00 2.500219e-05
5.762000e+00 2.496350e-05
5.764000e+00 2.492471e-05
5.766000e+00 2.488583e-05
5.768000e+00 2.484684e-05
5.770000e+00 2.480777e-05
5.772000e+00 2.476859e-05
5.774000e+00 2.472932e-05
5.776000e+00 2.468995e-05
5.778000e+00 2.465048e-05
5.780000e+00 2.461091e-05
5.782000e+00 2.457125e-05
5.784000e+00 2.453149e-05
5.786000e+00 2.449163e-05
5.788000e+00 2.445168e-05
5.790000e+00 2.441162e-05
5.792000e+00 2.437147e-05
5.794000e+00 2.433122e-05
5.796000e+00 2.429088e-05
5.798000e+00 2.425043e-05
5.800000e+00 2.420989e-05
5.802000e+00 2.416925e-05
5.804000e+00 2.412851e-05
5.806000e+00 2.408768e-05
5.808000e+00 2.404674e-05
5.810000e+00 2.400571e-05
5.812000e+00 2.396458e-05
5.814000e+00 2.392335e-05
5.816000e+00 2.388202e-05
5.818000e+00 2.384060e-05
5.820000e+00 2.379908e-05
5.822000e+00 2.375745e-05
5.824000e+00 2.371573e-05
5.826000e+00 2.367392e-05
5.828000e+00 2.363200e-05
5.830000e+00 2.358999e-05
5.832000e+00 2.354787e-05
5.834000e+00 2.350566e-05
5.836000e+00 2.346335e-05
5.838000e+00 2.342094e-05
5.840000e+00 2.337844e-05
5.842000e+00 2.333583e-05
5.844000e+00 2.329313e-05
5.846000e+00 2.325033e-05
5.848000e+00 2.320743e-05
5.850000e+00 2.316443e-05
5.852000e+00 2.312133e-05
5.854000e+00 2.307813e-05
5.856000e+00 2.303484e-05
5.858000e+00 2.299144e-05
5.860000e+00 2.294795e-05
5.862000e+00 2.290436e-05
5.864000e+00 2.286067e-05
5.866000e+00 2.281689e-05
5.868000e+00 2.277300e-05
5.870000e+00 2.272902e-05
5.872000e+00 2.268494e-05
5.874000e+00 2.264075e-05
5.876000e+00 2.259648e-05
5.878000e+00 2.255210e-05
5.880000e+00 2.250762e-05
5.882000e+00 2.246305e-05
5.884000e+00 2.241838e-05
5.886000e+00 2.237360e-05
5.888000e+00 2.232874e-05
5.890000e+00 2.228377e-05
5.892000e+00 2.223870e-05
5.894000e+00 2.219354e-05
5.896000e+00 2.214828e-05
5.898000e+00 2.210292e-05
5.900000e+00 2.205747e-05
5.902000e+00 2.201191e-05
5.904000e+00 2.196626e-05
5.906000e+00 2.192051e-05
5.908000e+00 2.187466e-05
5.910000e+00 2.182872e-05
5.912000e+00 2.178267e-05
5.914000e+00 2.173653e-05
5.916000e+00 2.169030e-05
5.918000e+00 2.164396e-05
5.920000e+00 2.159753e-05
5.922000e+00 2.155100e-05
5.924000e+00 2.150438e-05
5.926000e+00 2.145766e-05
5.928000e+00 2.141084e-05
5.930000e+00 2.136392e-05
5.932000e+00 2.131691e-05
5.934000e+00 2.126980e-05
5.936000e+00 2.122260e-05
5.938000e+00 2.117530e-05
5.940000e+00 2.112790e-05
5.942000e+00 2.108041e-05
5.944000e+00 2.103282e-05
5.946000e+00 2.098514e-05
5.948000e+00 2.093736e-05
5.950000e+00 2.088949e-05
5.952000e+00 2.084152e-05
5.954000e+00 2.079346e-05
5.956000e+00 2.074530e-05
5.958000e+00 2.069705e-05
5.960000e+00 2.064871e-05
5.962000e+00 2.060027e-05
5.964000e+00 2.055174e-05
5.966000e+00 2.050311e-05
5.968000e+00 2.045439e-05
5.970000e+00 2.040558e-05
5.972000e+00 2.035667e-05
5.974000e+00 2.030767e-05
5.976000e+00 2.025858e-05
5.978000e+00 2.020940e-05
5.980000e+00 2.016012e-05
5.982000e+00 2.011076e-05
5.984000e+00 2.006130e-05
5.986000e+00 2.001175e-05
5.988000e+00 1.996211e-05
5.990000e+00 1.991238e-05
5.992000e+00 1.986256e-05
5.994000e+00 1.981265e-05
5.996000e+00 1.976266e-05
5.998000e+00 1.971257e-05
6.000000e+00 1.966239e-05
6.002000e+00 1.961213e-05
6.004000e+00 1.956178e-05
6.006000e+00 1.951134e-05
6.008000e+00 1.946081e-05
6.010000e+00 1.941019e-05
6.012000e+00 1.935949e-05
6.014000e+00 1.930871e-05
6.016000e+00 1.925784e-05
6.018000e+00 1.920688e-05
6.020000e+00 1.915584e-05
6.022000e+00 1.910471e-05
6.024000e+00 1.905350e-05
6.026000e+00 1.900221e-05
6.028000e+00 1.895084e-05
6.030000e+00 1.889938e-05
6.032000e+00 1.884784e-05
6.034000e+00 1.879622e-05
6.036000e+00 1.874452e-05
6.038000e+00 1.869274e-05
6.040000e+00 1.864088e-05
6.042000e+00 1.858894e-05
6.044000e+00 1.853693e-05
6.046000e+00 1.848483e-05
6.048000e+00 1.843266e-05
6.050000e+00 1.838042e-05
6.052000e+00 1.832809e-05
6.054000e+00 1.827570e-05
6.056000e+00 1.822323e-05
6.058000e+00 1.817068e-05
6.060000e+00 1.811806e-05
6.062000e+00 1.806537e-05
6.064000e+00 1.801261e-05
6.066000e+00 1.795978e-05
6.068000e+00 1.790688e-05
6.070000e+00 1.785392e-05
6.072000e+00 1.780088e-05
6.074000e+00 1.774778e-05
6.076000e+00 1.769461e-05
6.078000e+00 1.764137e-05
6.080000e+00 1.758807e-05
6.082000e+00 1.753471e-05
6.084000e+00 1.748129e-05
6.086000e+00 1.742780e-05
6.088000e+00 1.737426e-05
6.090000e+00 1.732065e-05
6.092000e+00 1.726699e-05
6.094000e+00 1.721327e-05
6.096000e+00 1.715950e-05
6.098000e+00 1.710567e-05
6.100000e+00 1.705178e-05
6.102000e+00 1.699785e-05
6.104000e+00 1.694386e-05
6.106000e+00 1.688983e-05
6.108000e+00 1.683574e-05
6.110000e+00 1.678161e-05
6.112000e+00 1.672743e-05
6.114000e+00 1.667321e-05
6.116000e+00 1.661894e-05
6.118000e+00 1.656464e-05
6.120000e+00 1.651029e-05
6.122000e+00 1.645591e-05
6.124000e+00 1.640148e-05
6.126000e+00 1.634703e-05
6.128000e+00 1.629253e-05
6.130000e+00 1.623801e-05
6.132000e+00 1.618346e-05
6.134000e+00 1.612887e-05
6.136000e+00 1.607426e-05
6.138000e+00 1.601963e-05
6.140000e+00 1.596497e-05
6.142000e+00 1.591029e-05
6.144000e+00 1.585559e-05
6.146000e+00 1.580087e-05
6.148000e+00 1.574614e-05
6.150000e+00 1.569139e-05
6.152000e+00 1.563664e-05
6.154000e+00 1.558187e-05
6.156000e+00 1.552710e-05
6.158000e+00 1.547232e-05
6.160000e+00 1.541753e-05
6.162000e+00 1.536275e-05
6.164000e+00 1.530797e-05
6.166000e+00 1.525320e-05
6.168000e+00 1.519843e-05
6.170000e+00 1.514367e-05
6.172000e+00 1.508892e-05
6.174000e+00 1.503419e-05
6.176000e+00 1.497948e-05
6.178000e+00 1.492478e-05
6.180000e+00 1.487011e-05
6.182000e+00 1.481547e-05
6.184000e+00 1.476085e-05
6.186000e+00 1.470627e-05
6.188000e+00 1.465172e-05
6.190000e+00 1.459721e-05
6.192000e+00 1.454274e-05
6.194000e+00 1.448832e-05
6.196000e+00 1.443394e-05
6.198000e+00 1.437961e-05
6.200000e+00 1.432534e-05
6.202000e+00 1.427113e-05
6.204000e+00 1.421698e-05
6.206000e+00 1.416289e-05
6.208000e+00 1.410888e-05
6.210000e+00 1.405494e-05
6.212000e+00 1.400107e-05
6.214000e+00 1.394729e-05
6.216000e+00 1.389359e-05
6.218000e+00 1.383998e-05
6.220000e+00 1.378646e-05
6.222000e+00 1.373305e-05
6.224000e+00 1.367973e-05
6.226000e+00 1.362652e-05
6.228000e+00 1.357343e-05
6.230000e+00 1.352044e-05
6.232000e+00 1.346758e-05
6.234000e+00 1.341485e-05
6.236000e+00 1.336225e-05
6.238000e+00 1.330978e-05
6.240000e+00 1.325745e-05
6.242000e+00 1.320527e-05
6.244000e+00 1.315324e-05
6.246000e+00 1.310136e-05
6.248000e+00 1.304965e-05
6.250000e+00 1.299811e-05
6.252000e+00 1.294674e-05
6.254000e+00 1.289555e-05
6.256000e+00 1.284454e-05
6.258000e+00 1.279373e-05
6.260000e+00 1.274311e-05
6.262000e+00 1.269270e-05
6.264000e+00 1.264249e-05
6.266000e+00 1.259251e-05
6.268000e+00 1.254274e-05
6.270000e+00 1.249321e-05
6.272000e+00 1.244391e-05
6.274000e+00 1.239486e-05
6.276000e+00 1.234605e-05
6.278000e+00 1.229750e-05
6.280000e+00 1.224922e-05
6.282000e+00 1.220121e-05
6.284000e+00 1.215348e-05
6.286000e+00 1.210603e-05
6.288000e+00 1.205888e-05
6.290000e+00 1.201203e-05
6.292000e+00 1.196549e-05
6.294000e+00 1.191927e-05
6.296000e+00 1.187337e-05
6.298000e+00 1.182781e-05
6.300000e+00 1.178259e-05
6.302000e+00 1.173772e-05
6.304000e+00 1.169321e-05
6.306000e+00 1.164906e-05
6.308000e+00 1.160529e-05
6.310000e+00 1.156191e-05
6.312000e+00 1.151892e-05
6.314000e+00 1.147633e-05
6.316000e+00 1.143415e-05
6.318000e+00 1.139239e-05
6.320000e+00 1.135107e-05
6.322000e+00 1.131018e-05
6.324000e+00 1.126973e-05
6.326000e+00 1.122975e-05
6.328000e+00 1.119023e-05
6.330000e+00 1.115119e-05
6.332000e+00 1.111263e-05
6.334000e+00 1.107457e-05
6.336000e+00 1.103701e-05
6.338000e+00 1.099996e-05
6.340000e+00 1.096344e-05
6.342000e+00 1.092745e-05
6.344000e+00 1.089200e-05
6.346000e+00 1.085711e-05
6.348000e+00 1.082278e-05
6.350000e+00 1.078902e-05
6.352000e+00 1.075584e-05
6.354000e+00 1.072325e-05
6.356000e+00 1.069126e-05
6.358000e+00 1.065988e-05
6.360000e+00 1.062913e-05
6.362000e+00 1.059900e-05
6.364000e+00 1.056950e-05
6.366000e+00 1.054066e-05
6.368000e+00 1.051247e-05
6.370000e+00 1.048495e-05
6.372000e+00 1.045811e-05
6.374000e+00 1.043194e-05
6.376000e+00 1.040647e-05
6.378000e+00 1.038170e-05
6.380000e+00 1.035765e-05
6.382000e+00 1.033431e-05
6.384000e+00 1.031169e-05
6.386000e+00 1.028981e-05
6.388000e+00 1.026867e-05
6.390000e+00 1.024829e-05
6.392000e+00 1.022866e-05
6.394000e+00 1.020979e-05
6.396000e+00 1.019170e-05
6.398000e+00 1.017438e-05
6.400000e+00 1.015785e-05
6.402000e+00 1.014211e-05
6.404000e+00 1.012717e-05
6.406000e+00 1.011304e-05
6.408000e+00 1.009971e-05
6.410000e+00 1.008719e-05
6.412000e+00 1.007550e-05
6.414000e+00 1.006463e-05
6.416000e+00 1.005459e-05
6.418000e+00 1.004537e-05
6.420000e+00 1.003700e-05
6.422000e+00 1.002946e-05
6.424000e+00 1.002277e-05
6.426000e+00 1.001692e-05
6.428000e+00 1.001192e-05
6.430000e+00 1.000777e-05
6.432000e+00 1.000447e-05
6.434000e+00 1.000202e-05
6.436000e+00 1.000043e-05
6.438000e+00 9.999692e-06
6.440000e+00 9.999808e-06
6.442000e+00 1.000078e-05
6.444000e+00 1.000260e-05
6.446000e+00 1.000528e-05
6.448000e+00 1.000881e-05
6.450000e+00 1.001319e-05
6.452000e+00 1.001842e-05
6.454000e+00 1.002450e-05
6.456000e+00 1.003142e-05
6.458000e+00 1.003918e-05
6.460000e+00 1.004778e-05
6.462000e+00 1.005722e-05
6.464000e+00 1.006749e-05
6.466000e+00 1.007858e-05
6.468000e+00 1.009050e-05
6.470000e+00 1.010323e-05
6.472000e+00 1.011678e-05
6.474000e+00 1.013114e-05
6.476000e+00 1.014629e-05
6.478000e+00 1.016225e-05
6.480000e+00 1.017899e-05
6.482000e+00 1.019652e-05
6.484000e+00 1.021482e-05
6.486000e+00 1.023389e-05
6.488000e+00 1.025373e-05
6.490000e+00 1.027432e-05
6.492000e+00 1.029566e-05
6.494000e+00 1.031774e-05
6.496000e+00 1.034055e-05
6.498000e+00 1.036408e-05
6.500000e+00 1.038833e-05
6.502000e+00 1.041329e-05
6.504000e+00 1.043895e-05
6.506000e+00 1.046530e-05
6.508000e+00 1.049233e-05
6.510000e+00 1.052003e-05
6.512000e+00 1.054840e-05
6.514000e+00 1.057742e-05
6.516000e+00 1.060708e-05
6.518000e+00 1.063738e-05
6.520000e+00 1.066831e-05
6.522000e+00 1.069986e-05
6.524000e+00 1.073201e-05
6.526000e+00 1.076476e-05
6.528000e+00 1.079809e-05
6.530000e+00 1.083201e-05
6.532000e+00 1.086649e-05
6.534000e+00 1.090154e-05
6.536000e+00 1.093713e-05
6.538000e+00 1.097327e-05
6.540000e+00 1.100993e-05
6.542000e+00 1.104712e-05
6.544000e+00 1.108481e-05
6.546000e+00 1.112301e-05
6.548000e+00 1.116170e-05
6.550000e+00 1.120087e-05
6.552000e+00 1.124052e-05
6.554000e+00 1.128063e-05
6.556000e+00 1.132119e-05
6.558000e+00 1.136220e-05
6.560000e+00 1.140365e-05
6.562000e+00 1.144552e-05
6.564000e+00 1.148781e-05
6.566000e+00 1.153051e-05
6.568000e+00 1.157360e-05
6.570000e+00 1.161709e-05
6.572000e+00 1.166096e-05
6.574000e+00 1.170521e-05
6.576000e+00 1.174982e-05
6.578000e+00 1.179479e-05
6.580000e+00 1.184010e-05
6.582000e+00 1.188575e-05
6.584000e+00 1.193174e-05
6.586000e+00 1.197805e-05
6.588000e+00 1.202467e-05
6.590000e+00 1.207160e-05
6.592000e+00 1.211884e-05
6.594000e+00 1.216636e-05
6.596000e+00 1.221417e-05
6.598000e+00 1.226225e-05
6.600000e+00 1.231061e-05
6.602000e+00 1.235923e-05
6.604000e+00 1.240810e-05
6.606000e+00 1.245722e-05
6.608000e+00 1.250658e-05
6.610000e+00 1.255618e-05
6.612000e+00 1.260601e-05
6.614000e+00 1.265605e-05
6.616000e+00 1.270631e-05
6.618000e+00 1.275678e-05
6.620000e+00 1.280745e-05
6.622000e+00 1.285832e-05
6.624000e+00 1.290938e-05
6.626000e+00 1.296062e-05
6.628000e+00 1.301203e-05
6.630000e+00 1.306362e-05
6.632000e+00 1.311538e-05
6.634000e+00 1.316730e-05
6.636000e+00 1.321937e-05
6.638000e+00 1.327159e-05
6.640000e+00 1.332396e-05
6.642000e+00 1.337646e-05
6.644000e+00 1.342910e-05
6.646000e+00 1.348187e-05
6.648000e+00 1.353476e-05
6.650000e+00 1.358778e-05
6.652000e+00 1.364090e-05
6.654000e+00 1.369414e-05
6.656000e+00 1.374749e-05
6.658000e+00 1.380093e-05
6.660000e+00 1.385447e-05
6.662000e+00 1.390811e-05
6.664000e+00 1.396183e-05
6.666000e+00 1.401563e-05
6.668000e+00 1.406952e-05
6.670000e+00 1.412348e-05
6.672000e+00 1.417752e-05
6.674000e+00 1.423162e-05
6.676000e+00 1.428579e-05
6.678000e+00 1.434002e-05
6.680000e+00 1.439430e-05
6.682000e+00 1.444864e-05
6.684000e+00 1.450303e-05
6.686000e+00 1.455747e-05
6.688000e+00 1.461195e-05
6.690000e+00 1.466647e-05
6.692000e+00 1.472103e-05
6.694000e+00 1.477562e-05
6.696000e+00 1.483025e-05
6.698000e+00 1.488490e-05
6.700000e+00 1.493958e-05
6.702000e+00 1.499428e-05
6.704000e+00 1.504900e-05
6.706000e+00 1.510373e-05
6.708000e+00 1.515848e-05
6.710000e+00 1.521324e-05
6.712000e+00 1.526801e-05
6.714000e+00 1.532279e-05
6.716000e+00 1.537757e-05
6.718000e+00 1.543235e-05
6.720000e+00 1.548713e-05
6.722000e+00 1.554191e-05
6.724000e+00 1.559668e-05
6.726000e+00 1.565145e-05
6.728000e+00 1.570620e-05
6.730000e+00 1.576095e-05
6.732000e+00 1.581568e-05
6.734000e+00 1.587039e-05
6.736000e+00 1.592508e-05
6.738000e+00 1.597976e-05
6.740000e+00 1.603441e-05
6.742000e+00 1.608904e-05
6.744000e+00 1.614364e-05
6.746000e+00 1.619822e-05
6.748000e+00 1.625276e-05
6.750000e+00 1.630728e-05
6.752000e+00 1.636176e-05
6.754000e+00 1.641621e-05
6.756000e+00 1.647062e-05
6.758000e+00 1.652499e-05
6.760000e+00 1.657933e-05
6.762000e+00 1.663363e-05
6.764000e+00 1.668788e-05
6.766000e+00 1.674209e-05
6.768000e+00 1.679626e-05
6.770000e+00 1.685037e-05
6.772000e+00 1.690445e-05
6.774000e+00 1.695847e-05
6.776000e+00 1.701244e-05
6.778000e+00 1.706636e-05
6.780000e+00 1.712023e-05
6.782000e+00 1.717405e-05
6.784000e+00 1.722781e-05
6.786000e+00 1.728151e-05
6.788000e+00 1.733516e-05
6.790000e+00 1.738875e-05
6.792000e+00 1.744228e-05
6.794000e+00 1.749574e-05
6.796000e+00 1.754915e-05
6.798000e+00 1.760250e-05
6.800000e+00 1.765578e-05
6.802000e+00 1.770899e-05
6.804000e+00 1.776215e-05
6.806000e+00 1.781523e-05
6.808000e+00 1.786825e-05
6.810000e+00 1.792120e-05
6.812000e+00 1.797408e-05
6.814000e+00 1.802689e-05
6.816000e+00 1.807963e-05
6.818000e+00 1.813230e-05
6.820000e+00 1.818490e-05
6.822000e+00 1.823743e-05
6.824000e+00 1.828988e-05
6.826000e+00 1.834225e-05
6.828000e+00 1.839456e-05
6.830000e+00 1.844678e-05
6.832000e+00 1.849893e-05
6.834000e+00 1.855100e-05
6.836000e+00 1.860300e-05
6.838000e+00 1.865492e-05
6.840000e+00 1.870675e-05
6.842000e+00 1.875851e-05
6.844000e+00 1.881019e-05
6.846000e+00 1.886179e-05
6.848000e+00 1.891331e-05
6.850000e+00 1.896474e-05
6.852000e+00 1.901609e-05
6.854000e+00 1.906736e-05
6.856000e+00 1.911855e-05
6.858000e+00 1.916965e-05
6.860000e+00 1.922067e-05
6.862000e+00 1.927161e-05
6.864000e+00 1.932245e-05
6.866000e+00 1.937322e-05
6.868000e+00 1.942389e-05
6.870000e+00 1.947448e-05
6.872000e+00 1.952499e-05
6.874000e+00 1.957540e-05
6.876000e+00 1.962573e-05
6.878000e+00 1.967597e-05
6.880000e+00 1.972613e-05
6.882000e+00 1.977619e-05
6.884000e+00 1.982616e-05
6.886000e+00 1.987605e-05
6.888000e+00 1.992584e-05
6.890000e+00 1.997555e-05
6.892000e+00 2.002516e-05
6.894000e+00 2.007469e-05
6.896000e+00 2.012412e-05
6.898000e+00 2.017346e-05
6.900000e+00 2.022271e-05
6.902000e+00 2.027187e-05
6.904000e+00 2.032093e-05
6.906000e+00 2.036991e-05
6.908000e+00 2.041879e-05
6.910000e+00 2.046758e-05
6.912000e+00 2.051627e-05
6.914000e+00 2.056487e-05
6.916000e+00 2.061338e-05
6.918000e+00 2.066179e-05
6.920000e+00 2.071011e-05
6.922000e+00 2.075834e-05
6.924000e+00 2.080647e-05
6.926000e+00 2.085451e-05
6.928000e+00 2.090245e-05
6.930000e+00 2.095030e-05
6.932000e+00 2.099805e-05
6.934000e+00 2.104571e-05
6.936000e+00 2.109327e-05
6.938000e+00 2.114073e-05
6.940000e+00 2.118810e-05
6.942000e+00 2.123538e-05
6.944000e+00 2.128255e-05
6.946000e+00 2.132964e-05
6.948000e+00 2.137662e-05
6.950000e+00 2.142351e-05
6.952000e+00 2.147030e-05
6.954000e+00 2.151700e-05
6.956000e+00 2.156360e-05
6.958000e+00 2.161010e-05
6.960000e+00 2.165650e-05
6.962000e+00 2.170281e-05
6.964000e+00 2.174902e-05
6.966000e+00 2.179514e-05
6.968000e+00 2.184115e-05
6.970000e+00 2.188707e-05
6.972000e+00 2.193289e-05
6.974000e+00 2.197862e-05
6.976000e+00 2.202424e-05
6.978000e+00 2.206977e-05
6.980000e+00 2.211520e-05
6.982000e+00 2.216053e-05
6.984000e+00 2.220577e-05
6.986000e+00 2.225090e-05
6.988000e+00 2.229594e-05
6.990000e+00 2.234088e-05
6.992000e+00 2.238572e-05
6.994000e+00 2.243047e-05
6.996000e+00 2.247511e-05
6.998000e+00 2.251966e-05
7.000000e+00 2.256411e-05
7.002000e+00 2.260846e-05
7.004000e+00 2.265271e-05
7.006000e+00 2.269687e-05
7.008000e+00 2.274092e-05
7.010000e+00 2.278488e-05
7.012000e+00 2.282874e-05
7.014000e+00 2.287250e-05
7.016000e+00 2.291616e-05
7.018000e+00 2.295973e-05
7.020000e+00 2.300319e-05
7.022000e+00 2.304656e-05
7.024000e+00 2.308983e-05
7.026000e+00 2.313300e-05
7.028000e+00 2.317607e-05
7.030000e+00 2.321904e-05
7.032000e+00 2.326191e-05
7.034000e+00 2.330469e-05
7.036000e+00 2.334737e-05
7.038000e+00 2.338994e-05
7.040000e+00 2.343242e-05
7.042000e+00 2.347481e-05
7.044000e+00 2.351709e-05
7.046000e+00 2.355927e-05
7.048000e+00 2.360136e-05
7.050000e+00 2.364335e-05
7.052000e+00 2.368524e-05
7.054000e+00 2.372703e-05
7.056000e+00 2.376872e-05
7.058000e+00 2.381032e-05
7.060000e+00 2.385181e-05
7.062000e+00 2.389321e-05
7.064000e+00 2.393451e-05
7.066000e+00 2.397571e-05
7.068000e+00 2.401682e-05
7.070000e+00 2.405782e-05
7.072000e+00 2.409873e-05
7.074000e+00 2.413954e-05
7.076000e+00 2.418025e-05
7.078000e+00 2.422087e-05
7.080000e+00 2.426138e-05
7.082000e+00 2.430180e-05
7.084000e+00 2.434212e-05
7.086000e+00 2.438234e-05
7.088000e+00 2.442247e-05
7.090000e+00 2.446249e-05
7.092000e+00 2.450242e-05
7.094000e+00 2.454225e-05
7.096000e+00 2.458199e-05
7.098000e+00 2.462162e-05
7.100000e+00 2.466116e-05
7.102000e+00 2.470060e-05
7.104000e+00 2.473995e-05
7.106000e+00 2.477920e-05
7.108000e+00 2.481835e-05
7.110000e+00 2.485740e-05
7.112000e+00 2.489635e-05
7.114000e+00 2.493521e-05
7.116000e+00 2.497397e-05
7.118000e+00 2.501264e-05
7.120000e+00 2.505121e-05
7.122000e+00 2.508968e-05
7.124000e+00 2.512805e-05
7.126000e+00 2.516633e-05
7.128000e+00 2.520451e-05
7.130000e+00 2.524259e-05
7.132000e+00 2.528058e-05
7.134000e+00 2.531847e-05
7.136000e+00 2.535627e-05
7.138000e+00 2.539396e-05
7.140000e+00 2.543157e-05
7.142000e+00 2.546907e-05
7.144000e+00 2.550648e-05
7.146000e+00 2.554380e-05
7.148000e+00 2.558101e-05
7.150000e+00 2.561814e-05
7.152000e+00 2.565516e-05
7.154000e+00 2.569209e-05
7.156000e+00 2.572893e-05
7.158000e+00 2.576566e-05
7.160000e+00 2.580231e-05
7.162000e+00 2.583885e-05
7.164000e+00 2.587531e-05
7.166000e+00 2.591166e-05
7.168000e+00 2.594792e-05
7.170000e+00 2.598409e-05
7.172000e+00 2.602016e-05
7.174000e+00 2.605614e-05
7.176000e+00 2.609202e-05
7.178000e+00 2.612780e-05
7.180000e+00 2.616350e-05
7.182000e+00 2.619909e-05
7.184000e+00 2.623459e-05
7.186000e+00 2.627000e-05
7.188000e+00 2.630531e-05
7.190000e+00 2.634053e-05
7.192000e+00 2.637565e-05
7.194000e+00 2.641068e-05
7.196000e+00 2.644562e-05
7.198000e+00 2.648046e-05
7.200000e+00 2.651520e-05
7.202000e+00 2.654986e-05
7.204000e+00 2.658441e-05
7.206000e+00 2.661888e-05
7.208000e+00 2.665325e-05
7.210000e+00 2.668753e-05
7.212000e+00 2.672171e-05
7.214000e+00 2.675580e-05
7.216000e+00 2.678979e-05
7.218000e+00 2.682370e-05
7.220000e+00 2.685751e-05
7.222000e+00 2.689122e-05
7.224000e+00 2.692484e-05
7.226000e+00 2.695837e-05
7.228000e+00 2.699181e-05
7.230000e+00 2.702515e-05
7.232000e+00 2.705840e-05
7.234000e+00 2.709156e-05
7.236000e+00 2.712463e-05
7.238000e+00 2.715760e-05
7.240000e+00 2.719048e-05
7.242000e+00 2.722326e-05
7.244000e+00 2.725596e-05
7.246000e+00 2.728856e-05
