2.000000e-03 1e-05
4.000000e-03 9.99964e-06
6.000000e-03 1.00001e-05
8.000000e-03 1.00015e-05
1.000000e-02 1.00037e-05
1.200000e-02 1.00067e-05
1.400000e-02 1.00106e-05
1.600000e-02 1.00154e-05
1.800000e-02 1.0021e-05
2.000000e-02 1.00275e-05
2.200000e-02 1.00347e-05
2.400000e-02 1.00429e-05
2.600000e-02 1.00518e-05
2.800000e-02 1.00617e-05
3.000000e-02 1.00723e-05
3.200000e-02 1.00837e-05
3.400000e-02 1.0096e-05
3.600000e-02 1.01091e-05
3.800000e-02 1.0123e-05
4.000000e-02 1.01377e-05
4.200000e-02 1.01532e-05
4.400000e-02 1.01695e-05
4.600000e-02 1.01866e-05
4.800000e-02 1.02045e-05
5.000000e-02 1.02231e-05
5.200000e-02 1.02425e-05
5.400000e-02 1.02627e-05
5.600000e-02 1.02836e-05
5.800000e-02 1.03053e-05
6.000000e-02 1.03277e-05
6.200000e-02 1.03508e-05
6.400000e-02 1.03747e-05
6.600000e-02 1.03993e-05
6.800000e-02 1.04245e-05
7.000000e-02 1.04505e-05
7.200000e-02 1.04771e-05
7.400000e-02 1.05045e-05
7.600000e-02 1.05325e-05
7.800000e-02 1.05611e-05
8.000000e-02 1.05904e-05
8.200000e-02 1.06204e-05
8.400000e-02 1.06509e-05
8.600000e-02 1.06821e-05
8.800000e-02 1.0714e-05
9.000000e-02 1.07464e-05
9.200000e-02 1.07794e-05
9.400000e-02 1.0813e-05
9.600000e-02 1.08472e-05
9.800000e-02 1.08819e-05
1.000000e-01 1.09172e-05
1.020000e-01 1.0953e-05
1.040000e-01 1.09894e-05
1.060000e-01 1.10263e-05
1.080000e-01 1.10637e-05
1.100000e-01 1.11016e-05
1.120000e-01 1.114e-05
1.140000e-01 1.11789e-05
1.160000e-01 1.12183e-05
1.180000e-01 1.12582e-05
1.200000e-01 1.12985e-05
1.220000e-01 1.13392e-05
1.240000e-01 1.13804e-05
1.260000e-01 1.14221e-05
1.280000e-01 1.14641e-05
1.300000e-01 1.15066e-05
1.320000e-01 1.15495e-05
1.340000e-01 1.15927e-05
1.360000e-01 1.16364e-05
1.380000e-01 1.16804e-05
1.400000e-01 1.17248e-05
1.420000e-01 1.17696e-05
1.440000e-01 1.18147e-05
1.460000e-01 1.18602e-05
1.480000e-01 1.1906e-05
1.500000e-01 1.19521e-05
1.520000e-01 1.19986e-05
1.540000e-01 1.20453e-05
1.560000e-01 1.20924e-05
1.580000e-01 1.21398e-05
1.600000e-01 1.21874e-05
1.620000e-01 1.22353e-05
1.640000e-01 1.22835e-05
1.660000e-01 1.2332e-05
1.680000e-01 1.23808e-05
1.700000e-01 1.24297e-05
1.720000e-01 1.2479e-05
1.740000e-01 1.25284e-05
1.760000e-01 1.25781e-05
1.780000e-01 1.26281e-05
1.800000e-01 1.26782e-05
1.820000e-01 1.27285e-05
1.840000e-01 1.27791e-05
1.860000e-01 1.28299e-05
1.880000e-01 1.28808e-05
1.900000e-01 1.2932e-05
1.920000e-01 1.29833e-05
1.940000e-01 1.30348e-05
1.960000e-01 1.30864e-05
1.980000e-01 1.31383e-05
2.000000e-01 1.31902e-05
2.020000e-01 1.32424e-05
2.040000e-01 1.32947e-05
2.060000e-01 1.33471e-05
2.080000e-01 1.33997e-05
2.100000e-01 1.34524e-05
2.120000e-01 1.35052e-05
2.140000e-01 1.35581e-05
2.160000e-01 1.36112e-05
2.180000e-01 1.36644e-05
2.200000e-01 1.37177e-05
2.220000e-01 1.3771e-05
2.240000e-01 1.38245e-05
2.260000e-01 1.38781e-05
2.280000e-01 1.39318e-05
2.300000e-01 1.39855e-05
2.320000e-01 1.40394e-05
2.340000e-01 1.40933e-05
2.360000e-01 1.41473e-05
2.380000e-01 1.42014e-05
2.400000e-01 1.42555e-05
2.420000e-01 1.43097e-05
2.440000e-01 1.4364e-05
2.460000e-01 1.44183e-05
2.480000e-01 1.44726e-05
2.500000e-01 1.4527e-05
2.520000e-01 1.45815e-05
2.540000e-01 1.4636e-05
2.560000e-01 1.46905e-05
2.580000e-01 1.47451e-05
2.600000e-01 1.47997e-05
2.620000e-01 1.48543e-05
2.640000e-01 1.4909e-05
2.660000e-01 1.49637e-05
2.680000e-01 1.50184e-05
2.700000e-01 1.50731e-05
2.720000e-01 1.51279e-05
2.740000e-01 1.51826e-05
2.760000e-01 1.52374e-05
2.780000e-01 1.52922e-05
2.800000e-01 1.53469e-05
2.820000e-01 1.54017e-05
2.840000e-01 1.54565e-05
2.860000e-01 1.55113e-05
2.880000e-01 1.55661e-05
2.900000e-01 1.56208e-05
2.920000e-01 1.56756e-05
2.940000e-01 1.57303e-05
2.960000e-01 1.57851e-05
2.980000e-01 1.58398e-05
3.000000e-01 1.58945e-05
3.020000e-01 1.59492e-05
3.040000e-01 1.60039e-05
3.060000e-01 1.60585e-05
3.080000e-01 1.61131e-05
3.100000e-01 1.61677e-05
3.120000e-01 1.62223e-05
3.140000e-01 1.62768e-05
3.160000e-01 1.63313e-05
3.180000e-01 1.63858e-05
3.200000e-01 1.64402e-05
3.220000e-01 1.64946e-05
3.240000e-01 1.6549e-05
3.260000e-01 1.66033e-05
3.280000e-01 1.66576e-05
3.300000e-01 1.67118e-05
3.320000e-01 1.6766e-05
3.340000e-01 1.68201e-05
3.360000e-01 1.68742e-05
3.380000e-01 1.69283e-05
3.400000e-01 1.69823e-05
3.420000e-01 1.70362e-05
3.440000e-01 1.70901e-05
3.460000e-01 1.7144e-05
3.480000e-01 1.71978e-05
3.500000e-01 1.72515e-05
3.520000e-01 1.73052e-05
3.540000e-01 1.73588e-05
3.560000e-01 1.74124e-05
3.580000e-01 1.74659e-05
3.600000e-01 1.75193e-05
3.620000e-01 1.75727e-05
3.640000e-01 1.7626e-05
3.660000e-01 1.76793e-05
3.680000e-01 1.77324e-05
3.700000e-01 1.77856e-05
3.720000e-01 1.78386e-05
3.740000e-01 1.78916e-05
3.760000e-01 1.79445e-05
3.780000e-01 1.79974e-05
3.800000e-01 1.80502e-05
3.820000e-01 1.81029e-05
3.840000e-01 1.81555e-05
3.860000e-01 1.82081e-05
3.880000e-01 1.82606e-05
3.900000e-01 1.8313e-05
3.920000e-01 1.83653e-05
3.940000e-01 1.84176e-05
3.960000e-01 1.84698e-05
3.980000e-01 1.85219e-05
4.000000e-01 1.85739e-05
4.020000e-01 1.86259e-05
4.040000e-01 1.86778e-05
4.060000e-01 1.87296e-05
4.080000e-01 1.87813e-05
4.100000e-01 1.8833e-05
4.120000e-01 1.88845e-05
4.140000e-01 1.8936e-05
4.160000e-01 1.89874e-05
4.180000e-01 1.90387e-05
4.200000e-01 1.90899e-05
4.220000e-01 1.91411e-05
4.240000e-01 1.91922e-05
4.260000e-01 1.92431e-05
4.280000e-01 1.9294e-05
4.300000e-01 1.93449e-05
4.320000e-01 1.93956e-05
4.340000e-01 1.94462e-05
4.360000e-01 1.94968e-05
4.380000e-01 1.95472e-05
4.400000e-01 1.95976e-05
4.420000e-01 1.96479e-05
4.440000e-01 1.96981e-05
4.460000e-01 1.97482e-05
4.480000e-01 1.97982e-05
4.500000e-01 1.98482e-05
4.520000e-01 1.9898e-05
4.540000e-01 1.99478e-05
4.560000e-01 1.99974e-05
4.580000e-01 2.0047e-05
4.600000e-01 2.00965e-05
4.620000e-01 2.01459e-05
4.640000e-01 2.01952e-05
4.660000e-01 2.02444e-05
4.680000e-01 2.02935e-05
4.700000e-01 2.03425e-05
4.720000e-01 2.03915e-05
4.740000e-01 2.04403e-05
4.760000e-01 2.04891e-05
4.780000e-01 2.05377e-05
4.800000e-01 2.05863e-05
4.820000e-01 2.06347e-05
4.840000e-01 2.06831e-05
4.860000e-01 2.07314e-05
4.880000e-01 2.07796e-05
4.900000e-01 2.08277e-05
4.920000e-01 2.08757e-05
4.940000e-01 2.09236e-05
4.960000e-01 2.09714e-05
4.980000e-01 2.10191e-05
5.000000e-01 2.10667e-05
5.020000e-01 2.11142e-05
5.040000e-01 2.11616e-05
5.060000e-01 2.1209e-05
5.080000e-01 2.12562e-05
5.100000e-01 2.13033e-05
5.120000e-01 2.13504e-05
5.140000e-01 2.13973e-05
5.160000e-01 2.14442e-05
5.180000e-01 2.14909e-05
5.200000e-01 2.15376e-05
5.220000e-01 2.15841e-05
5.240000e-01 2.16306e-05
5.260000e-01 2.16769e-05
5.280000e-01 2.17232e-05
5.300000e-01 2.17694e-05
5.320000e-01 2.18154e-05
5.340000e-01 2.18614e-05
5.360000e-01 2.19073e-05
5.380000e-01 2.19531e-05
5.400000e-01 2.19988e-05
5.420000e-01 2.20443e-05
5.440000e-01 2.20898e-05
5.460000e-01 2.21352e-05
5.480000e-01 2.21805e-05
5.500000e-01 2.22257e-05
5.520000e-01 2.22708e-05
5.540000e-01 2.23158e-05
5.560000e-01 2.23607e-05
5.580000e-01 2.24055e-05
5.600000e-01 2.24502e-05
5.620000e-01 2.24948e-05
5.640000e-01 2.25393e-05
5.660000e-01 2.25837e-05
5.680000e-01 2.2628e-05
5.700000e-01 2.26722e-05
5.720000e-01 2.27163e-05
5.740000e-01 2.27603e-05
5.760000e-01 2.28042e-05
5.780000e-01 2.28481e-05
5.800000e-01 2.28918e-05
5.820000e-01 2.29354e-05
5.840000e-01 2.29789e-05
5.860000e-01 2.30223e-05
5.880000e-01 2.30657e-05
5.900000e-01 2.31089e-05
5.920000e-01 2.3152e-05
5.940000e-01 2.3195e-05
5.960000e-01 2.3238e-05
5.980000e-01 2.32808e-05
6.000000e-01 2.33235e-05
6.020000e-01 2.33662e-05
6.040000e-01 2.34087e-05
6.060000e-01 2.34511e-05
6.080000e-01 2.34935e-05
6.100000e-01 2.35357e-05
6.120000e-01 2.35778e-05
6.140000e-01 2.36199e-05
6.160000e-01 2.36618e-05
6.180000e-01 2.37037e-05
6.200000e-01 2.37454e-05
6.220000e-01 2.37871e-05
6.240000e-01 2.38286e-05
6.260000e-01 2.38701e-05
6.280000e-01 2.39114e-05
6.300000e-01 2.39527e-05
6.320000e-01 2.39939e-05
6.340000e-01 2.40349e-05
6.360000e-01 2.40759e-05
6.380000e-01 2.41167e-05
6.400000e-01 2.41575e-05
6.420000e-01 2.41982e-05
6.440000e-01 2.42387e-05
6.460000e-01 2.42792e-05
6.480000e-01 2.43196e-05
6.500000e-01 2.43599e-05
6.520000e-01 2.44001e-05
6.540000e-01 2.44401e-05
6.560000e-01 2.44801e-05
6.580000e-01 2.452e-05
6.600000e-01 2.45598e-05
6.620000e-01 2.45995e-05
6.640000e-01 2.46391e-05
6.660000e-01 2.46786e-05
6.680000e-01 2.4718e-05
6.700000e-01 2.47573e-05
6.720000e-01 2.47965e-05
6.740000e-01 2.48356e-05
6.760000e-01 2.48746e-05
6.780000e-01 2.49135e-05
6.800000e-01 2.49523e-05
6.820000e-01 2.4991e-05
6.840000e-01 2.50297e-05
6.860000e-01 2.50682e-05
6.880000e-01 2.51066e-05
6.900000e-01 2.51449e-05
6.920000e-01 2.51832e-05
6.940000e-01 2.52213e-05
6.960000e-01 2.52594e-05
6.980000e-01 2.52973e-05
7.000000e-01 2.53352e-05
7.020000e-01 2.53729e-05
7.040000e-01 2.54106e-05
7.060000e-01 2.54481e-05
7.080000e-01 2.54856e-05
7.100000e-01 2.5523e-05
7.120000e-01 2.55602e-05
7.140000e-01 2.55974e-05
7.160000e-01 2.56345e-05
7.180000e-01 2.56715e-05
7.200000e-01 2.57083e-05
7.220000e-01 2.57451e-05
7.240000e-01 2.57818e-05
7.260000e-01 2.58184e-05
7.280000e-01 2.58549e-05
7.300000e-01 2.58914e-05
7.320000e-01 2.59277e-05
7.340000e-01 2.59639e-05
7.360000e-01 2.6e-05
7.380000e-01 2.6036e-05
7.400000e-01 2.6072e-05
7.420000e-01 2.61078e-05
7.440000e-01 2.61436e-05
7.460000e-01 2.61792e-05
7.480000e-01 2.62148e-05
7.500000e-01 2.62502e-05
7.520000e-01 2.62856e-05
7.540000e-01 2.63209e-05
7.560000e-01 2.6356e-05
7.580000e-01 2.63911e-05
7.600000e-01 2.64261e-05
7.620000e-01 2.6461e-05
7.640000e-01 2.64958e-05
7.660000e-01 2.65305e-05
7.680000e-01 2.65651e-05
7.700000e-01 2.65996e-05
7.720000e-01 2.66341e-05
7.740000e-01 2.66684e-05
7.760000e-01 2.67026e-05
7.780000e-01 2.67368e-05
7.800000e-01 2.67708e-05
7.820000e-01 2.68048e-05
7.840000e-01 2.68386e-05
7.860000e-01 2.68724e-05
7.880000e-01 2.69061e-05
7.900000e-01 2.69396e-05
7.920000e-01 2.69731e-05
7.940000e-01 2.70065e-05
7.960000e-01 2.70398e-05
7.980000e-01 2.7073e-05
8.000000e-01 2.71062e-05
8.020000e-01 2.71392e-05
8.040000e-01 2.71721e-05
8.060000e-01 2.7205e-05
8.080000e-01 2.72377e-05
8.100000e-01 2.72704e-05
8.120000e-01 2.73029e-05
8.140000e-01 2.73354e-05
8.160000e-01 2.73678e-05
8.180000e-01 2.74e-05
8.200000e-01 2.74322e-05
8.220000e-01 2.74643e-05
8.240000e-01 2.74963e-05
8.260000e-01 2.75283e-05
8.280000e-01 2.75601e-05
8.300000e-01 2.75918e-05
8.320000e-01 2.76235e-05
8.340000e-01 2.7655e-05
8.360000e-01 2.76865e-05
8.380000e-01 2.77178e-05
8.400000e-01 2.77491e-05
8.420000e-01 2.77803e-05
8.440000e-01 2.78114e-05
8.460000e-01 2.78424e-05
8.480000e-01 2.78733e-05
8.500000e-01 2.79041e-05
8.520000e-01 2.79349e-05
8.540000e-01 2.79655e-05
8.560000e-01 2.79961e-05
8.580000e-01 2.80265e-05
8.600000e-01 2.80569e-05
8.620000e-01 2.80872e-05
8.640000e-01 2.81173e-05
8.660000e-01 2.81474e-05
8.680000e-01 2.81775e-05
8.700000e-01 2.82074e-05
8.720000e-01 2.82372e-05
8.740000e-01 2.82669e-05
8.760000e-01 2.82966e-05
8.780000e-01 2.83261e-05
8.800000e-01 2.83556e-05
8.820000e-01 2.8385e-05
8.840000e-01 2.84143e-05
8.860000e-01 2.84435e-05
8.880000e-01 2.84726e-05
8.900000e-01 2.85016e-05
8.920000e-01 2.85305e-05
8.940000e-01 2.85594e-05
8.960000e-01 2.85881e-05
8.980000e-01 2.86168e-05
9.000000e-01 2.86454e-05
9.020000e-01 2.86738e-05
9.040000e-01 2.87022e-05
9.060000e-01 2.87306e-05
9.080000e-01 2.87588e-05
9.100000e-01 2.87869e-05
9.120000e-01 2.88149e-05
9.140000e-01 2.88429e-05
9.160000e-01 2.88708e-05
9.180000e-01 2.88985e-05
9.200000e-01 2.89262e-05
9.220000e-01 2.89538e-05
9.240000e-01 2.89813e-05
9.260000e-01 2.90088e-05
9.280000e-01 2.90361e-05
9.300000e-01 2.90634e-05
9.320000e-01 2.90905e-05
9.340000e-01 2.91176e-05
9.360000e-01 2.91446e-05
9.380000e-01 2.91715e-05
9.400000e-01 2.91983e-05
9.420000e-01 2.9225e-05
9.440000e-01 2.92516e-05
9.460000e-01 2.92782e-05
9.480000e-01 2.93046e-05
9.500000e-01 2.9331e-05
9.520000e-01 2.93573e-05
9.540000e-01 2.93835e-05
9.560000e-01 2.94096e-05
9.580000e-01 2.94356e-05
9.600000e-01 2.94616e-05
9.620000e-01 2.94874e-05
9.640000e-01 2.95132e-05
9.660000e-01 2.95389e-05
9.680000e-01 2.95645e-05
9.700000e-01 2.959e-05
9.720000e-01 2.96154e-05
9.740000e-01 2.96407e-05
9.760000e-01 2.9666e-05
9.780000e-01 2.96911e-05
9.800000e-01 2.97162e-05
9.820000e-01 2.97412e-05
9.840000e-01 2.97661e-05
9.860000e-01 2.97909e-05
9.880000e-01 2.98156e-05
9.900000e-01 2.98403e-05
9.920000e-01 2.98648e-05
9.940000e-01 2.98893e-05
9.960000e-01 2.99137e-05
9.980000e-01 2.9938e-05
1.000000e+00 2.99622e-05
1.002000e+00 2.99864e-05
1.004000e+00 3.00104e-05
1.006000e+00 3.00344e-05
1.008000e+00 3.00582e-05
1.010000e+00 3.0082e-05
1.012000e+00 3.01057e-05
1.014000e+00 3.01293e-05
1.016000e+00 3.01529e-05
1.018000e+00 3.01763e-05
1.020000e+00 3.01997e-05
1.022000e+00 3.0223e-05
1.024000e+00 3.02462e-05
1.026000e+00 3.02693e-05
1.028000e+00 3.02923e-05
1.030000e+00 3.03152e-05
1.032000e+00 3.03381e-05
1.034000e+00 3.03609e-05
1.036000e+00 3.03836e-05
1.038000e+00 3.04062e-05
1.040000e+00 3.04287e-05
1.042000e+00 3.04511e-05
1.044000e+00 3.04735e-05
1.046000e+00 3.04957e-05
1.048000e+00 3.05179e-05
1.050000e+00 3.054e-05
1.052000e+00 3.0562e-05
1.054000e+00 3.0584e-05
1.056000e+00 3.06058e-05
1.058000e+00 3.06276e-05
1.060000e+00 3.06493e-05
1.062000e+00 3.06709e-05
1.064000e+00 3.06924e-05
1.066000e+00 3.07138e-05
1.068000e+00 3.07351e-05
1.070000e+00 3.07564e-05
1.072000e+00 3.07776e-05
1.074000e+00 3.07987e-05
1.076000e+00 3.08197e-05
1.078000e+00 3.08406e-05
1.080000e+00 3.08615e-05
1.082000e+00 3.08822e-05
1.084000e+00 3.09029e-05
1.086000e+00 3.09235e-05
1.088000e+00 3.0944e-05
1.090000e+00 3.09645e-05
1.092000e+00 3.09848e-05
1.094000e+00 3.10051e-05
1.096000e+00 3.10253e-05
1.098000e+00 3.10454e-05
1.100000e+00 3.10654e-05
1.102000e+00 3.10853e-05
1.104000e+00 3.11052e-05
1.106000e+00 3.1125e-05
1.108000e+00 3.11447e-05
1.110000e+00 3.11643e-05
1.112000e+00 3.11838e-05
1.114000e+00 3.12032e-05
1.116000e+00 3.12226e-05
1.118000e+00 3.12419e-05
1.120000e+00 3.12611e-05
1.122000e+00 3.12802e-05
1.124000e+00 3.12992e-05
1.126000e+00 3.13182e-05
1.128000e+00 3.1337e-05
1.130000e+00 3.13558e-05
1.132000e+00 3.13745e-05
1.134000e+00 3.13932e-05
1.136000e+00 3.14117e-05
1.138000e+00 3.14302e-05
1.140000e+00 3.14485e-05
1.142000e+00 3.14668e-05
1.144000e+00 3.14851e-05
1.146000e+00 3.15032e-05
1.148000e+00 3.15213e-05
1.150000e+00 3.15392e-05
1.152000e+00 3.15571e-05
1.154000e+00 3.15749e-05
1.156000e+00 3.15927e-05
1.158000e+00 3.16103e-05
1.160000e+00 3.16279e-05
1.162000e+00 3.16454e-05
1.164000e+00 3.16628e-05
1.166000e+00 3.16801e-05
1.168000e+00 3.16973e-05
1.170000e+00 3.17145e-05
1.172000e+00 3.17316e-05
1.174000e+00 3.17486e-05
1.176000e+00 3.17655e-05
1.178000e+00 3.17824e-05
1.180000e+00 3.17991e-05
1.182000e+00 3.18158e-05
1.184000e+00 3.18324e-05
1.186000e+00 3.18489e-05
1.188000e+00 3.18654e-05
1.190000e+00 3.18817e-05
1.192000e+00 3.1898e-05
1.194000e+00 3.19142e-05
1.196000e+00 3.19303e-05
1.198000e+00 3.19463e-05
1.200000e+00 3.19623e-05
1.202000e+00 3.19782e-05
1.204000e+00 3.1994e-05
1.206000e+00 3.20097e-05
1.208000e+00 3.20254e-05
1.210000e+00 3.20409e-05
1.212000e+00 3.20564e-05
1.214000e+00 3.20718e-05
1.216000e+00 3.20871e-05
1.218000e+00 3.21023e-05
1.220000e+00 3.21175e-05
1.222000e+00 3.21326e-05
1.224000e+00 3.21476e-05
1.226000e+00 3.21625e-05
1.228000e+00 3.21773e-05
1.230000e+00 3.21921e-05
1.232000e+00 3.22068e-05
1.234000e+00 3.22214e-05
1.236000e+00 3.22359e-05
1.238000e+00 3.22504e-05
1.240000e+00 3.22647e-05
1.242000e+00 3.2279e-05
1.244000e+00 3.22932e-05
1.246000e+00 3.23074e-05
1.248000e+00 3.23214e-05
1.250000e+00 3.23354e-05
1.252000e+00 3.23493e-05
1.254000e+00 3.23631e-05
1.256000e+00 3.23768e-05
1.258000e+00 3.23905e-05
1.260000e+00 3.2404e-05
1.262000e+00 3.24175e-05
1.264000e+00 3.24309e-05
1.266000e+00 3.24443e-05
1.268000e+00 3.24575e-05
1.270000e+00 3.24707e-05
1.272000e+00 3.24838e-05
1.274000e+00 3.24968e-05
1.276000e+00 3.25098e-05
1.278000e+00 3.25227e-05
1.280000e+00 3.25354e-05
1.282000e+00 3.25481e-05
1.284000e+00 3.25608e-05
1.286000e+00 3.25733e-05
1.288000e+00 3.25858e-05
1.290000e+00 3.25982e-05
1.292000e+00 3.26105e-05
1.294000e+00 3.26228e-05
1.296000e+00 3.26349e-05
1.298000e+00 3.2647e-05
1.300000e+00 3.2659e-05
1.302000e+00 3.26709e-05
1.304000e+00 3.26828e-05
1.306000e+00 3.26945e-05
1.308000e+00 3.27062e-05
1.310000e+00 3.27179e-05
1.312000e+00 3.27294e-05
1.314000e+00 3.27408e-05
1.316000e+00 3.27522e-05
1.318000e+00 3.27635e-05
1.320000e+00 3.27747e-05
1.322000e+00 3.27859e-05
1.324000e+00 3.2797e-05
1.326000e+00 3.2808e-05
1.328000e+00 3.28189e-05
1.330000e+00 3.28297e-05
1.332000e+00 3.28405e-05
1.334000e+00 3.28511e-05
1.336000e+00 3.28617e-05
1.338000e+00 3.28723e-05
1.340000e+00 3.28827e-05
1.342000e+00 3.28931e-05
1.344000e+00 3.29034e-05
1.346000e+00 3.29136e-05
1.348000e+00 3.29237e-05
1.350000e+00 3.29338e-05
1.352000e+00 3.29438e-05
1.354000e+00 3.29536e-05
1.356000e+00 3.29635e-05
1.358000e+00 3.29732e-05
1.360000e+00 3.29829e-05
1.362000e+00 3.29925e-05
1.364000e+00 3.3002e-05
1.366000e+00 3.30114e-05
1.368000e+00 3.30208e-05
1.370000e+00 3.30301e-05
1.372000e+00 3.30393e-05
1.374000e+00 3.30484e-05
1.376000e+00 3.30575e-05
1.378000e+00 3.30665e-05
1.380000e+00 3.30754e-05
1.382000e+00 3.30842e-05
1.384000e+00 3.30929e-05
1.386000e+00 3.31016e-05
1.388000e+00 3.31102e-05
1.390000e+00 3.31187e-05
1.392000e+00 3.31271e-05
1.394000e+00 3.31355e-05
1.396000e+00 3.31438e-05
1.398000e+00 3.3152e-05
1.400000e+00 3.31601e-05
1.402000e+00 3.31682e-05
1.404000e+00 3.31761e-05
1.406000e+00 3.3184e-05
1.408000e+00 3.31919e-05
1.410000e+00 3.31996e-05
1.412000e+00 3.32073e-05
1.414000e+00 3.32149e-05
1.416000e+00 3.32224e-05
1.418000e+00 3.32298e-05
1.420000e+00 3.32372e-05
1.422000e+00 3.32444e-05
1.424000e+00 3.32517e-05
1.426000e+00 3.32588e-05
1.428000e+00 3.32659e-05
1.430000e+00 3.32728e-05
1.432000e+00 3.32797e-05
1.434000e+00 3.32866e-05
1.436000e+00 3.32933e-05
1.438000e+00 3.33e-05
1.440000e+00 3.33066e-05
1.442000e+00 3.33131e-05
1.444000e+00 3.33195e-05
1.446000e+00 3.33259e-05
1.448000e+00 3.33322e-05
1.450000e+00 3.33384e-05
1.452000e+00 3.33445e-05
1.454000e+00 3.33506e-05
1.456000e+00 3.33566e-05
1.458000e+00 3.33625e-05
1.460000e+00 3.33683e-05
1.462000e+00 3.33741e-05
1.464000e+00 3.33798e-05
1.466000e+00 3.33854e-05
1.468000e+00 3.33909e-05
1.470000e+00 3.33963e-05
1.472000e+00 3.34017e-05
1.474000e+00 3.3407e-05
1.476000e+00 3.34122e-05
1.478000e+00 3.34174e-05
1.480000e+00 3.34224e-05
1.482000e+00 3.34274e-05
1.484000e+00 3.34323e-05
1.486000e+00 3.34372e-05
1.488000e+00 3.3442e-05
1.490000e+00 3.34466e-05
1.492000e+00 3.34512e-05
1.494000e+00 3.34558e-05
1.496000e+00 3.34602e-05
1.498000e+00 3.34646e-05
1.500000e+00 3.34689e-05
1.502000e+00 3.34732e-05
1.504000e+00 3.34773e-05
1.506000e+00 3.34814e-05
1.508000e+00 3.34854e-05
1.510000e+00 3.34893e-05
1.512000e+00 3.34932e-05
1.514000e+00 3.3497e-05
1.516000e+00 3.35006e-05
1.518000e+00 3.35043e-05
1.520000e+00 3.35078e-05
1.522000e+00 3.35113e-05
1.524000e+00 3.35147e-05
1.526000e+00 3.3518e-05
1.528000e+00 3.35213e-05
1.530000e+00 3.35244e-05
1.532000e+00 3.35275e-05
1.534000e+00 3.35305e-05
1.536000e+00 3.35335e-05
1.538000e+00 3.35363e-05
1.540000e+00 3.35391e-05
1.542000e+00 3.35418e-05
1.544000e+00 3.35445e-05
1.546000e+00 3.3547e-05
1.548000e+00 3.35495e-05
1.550000e+00 3.35519e-05
1.552000e+00 3.35543e-05
1.554000e+00 3.35565e-05
1.556000e+00 3.35587e-05
1.558000e+00 3.35608e-05
1.560000e+00 3.35628e-05
1.562000e+00 3.35648e-05
1.564000e+00 3.35667e-05
1.566000e+00 3.35685e-05
1.568000e+00 3.35702e-05
1.570000e+00 3.35718e-05
1.572000e+00 3.35734e-05
1.574000e+00 3.35749e-05
1.576000e+00 3.35763e-05
1.578000e+00 3.35777e-05
1.580000e+00 3.3579e-05
1.582000e+00 3.35802e-05
1.584000e+00 3.35813e-05
1.586000e+00 3.35823e-05
1.588000e+00 3.35833e-05
1.590000e+00 3.35842e-05
1.592000e+00 3.3585e-05
1.594000e+00 3.35857e-05
1.596000e+00 3.35864e-05
1.598000e+00 3.3587e-05
1.600000e+00 3.35875e-05
1.602000e+00 3.35879e-05
1.604000e+00 3.35883e-05
1.606000e+00 3.35886e-05
1.608000e+00 3.35888e-05
1.610000e+00 3.35889e-05
1.612000e+00 3.3589e-05
1.614000e+00 3.3589e-05
1.616000e+00 3.35889e-05
1.618000e+00 3.35887e-05
1.620000e+00 3.35885e-05
1.622000e+00 3.35882e-05
1.624000e+00 3.35878e-05
1.626000e+00 3.35873e-05
1.628000e+00 3.35867e-05
1.630000e+00 3.35861e-05
1.632000e+00 3.35854e-05
1.634000e+00 3.35847e-05
1.636000e+00 3.35838e-05
1.638000e+00 3.35829e-05
1.640000e+00 3.35819e-05
1.642000e+00 3.35808e-05
1.644000e+00 3.35796e-05
1.646000e+00 3.35784e-05
1.648000e+00 3.35771e-05
1.650000e+00 3.35757e-05
1.652000e+00 3.35743e-05
1.654000e+00 3.35727e-05
1.656000e+00 3.35711e-05
1.658000e+00 3.35695e-05
1.660000e+00 3.35677e-05
1.662000e+00 3.35659e-05
1.664000e+00 3.3564e-05
1.666000e+00 3.3562e-05
1.668000e+00 3.35599e-05
1.670000e+00 3.35578e-05
1.672000e+00 3.35555e-05
1.674000e+00 3.35533e-05
1.676000e+00 3.35509e-05
1.678000e+00 3.35485e-05
1.680000e+00 3.35459e-05
1.682000e+00 3.35433e-05
1.684000e+00 3.35407e-05
1.686000e+00 3.35379e-05
1.688000e+00 3.35351e-05
1.690000e+00 3.35322e-05
1.692000e+00 3.35292e-05
1.694000e+00 3.35262e-05
1.696000e+00 3.35231e-05
1.698000e+00 3.35199e-05
1.700000e+00 3.35166e-05
1.702000e+00 3.35132e-05
1.704000e+00 3.35098e-05
1.706000e+00 3.35063e-05
1.708000e+00 3.35027e-05
1.710000e+00 3.34991e-05
1.712000e+00 3.34953e-05
1.714000e+00 3.34915e-05
1.716000e+00 3.34876e-05
1.718000e+00 3.34837e-05
1.720000e+00 3.34796e-05
1.722000e+00 3.34755e-05
1.724000e+00 3.34713e-05
1.726000e+00 3.34671e-05
1.728000e+00 3.34627e-05
1.730000e+00 3.34583e-05
1.732000e+00 3.34538e-05
1.734000e+00 3.34493e-05
1.736000e+00 3.34446e-05
1.738000e+00 3.34399e-05
1.740000e+00 3.34351e-05
1.742000e+00 3.34302e-05
1.744000e+00 3.34253e-05
1.746000e+00 3.34203e-05
1.748000e+00 3.34152e-05
1.750000e+00 3.341e-05
1.752000e+00 3.34047e-05
1.754000e+00 3.33994e-05
1.756000e+00 3.3394e-05
1.758000e+00 3.33885e-05
1.760000e+00 3.33829e-05
1.762000e+00 3.33773e-05
1.764000e+00 3.33716e-05
1.766000e+00 3.33658e-05
1.768000e+00 3.33599e-05
1.770000e+00 3.3354e-05
1.772000e+00 3.3348e-05
1.774000e+00 3.33419e-05
1.776000e+00 3.33357e-05
1.778000e+00 3.33295e-05
1.780000e+00 3.33232e-05
1.782000e+00 3.33168e-05
1.784000e+00 3.33103e-05
1.786000e+00 3.33037e-05
1.788000e+00 3.32971e-05
1.790000e+00 3.32904e-05
1.792000e+00 3.32836e-05
1.794000e+00 3.32768e-05
1.796000e+00 3.32698e-05
1.798000e+00 3.32628e-05
1.800000e+00 3.32557e-05
1.802000e+00 3.32486e-05
1.804000e+00 3.32413e-05
1.806000e+00 3.3234e-05
1.808000e+00 3.32266e-05
1.810000e+00 3.32191e-05
1.812000e+00 3.32116e-05
1.814000e+00 3.3204e-05
1.816000e+00 3.31963e-05
1.818000e+00 3.31885e-05
1.820000e+00 3.31806e-05
1.822000e+00 3.31727e-05
1.824000e+00 3.31647e-05
1.826000e+00 3.31566e-05
1.828000e+00 3.31484e-05
1.830000e+00 3.31402e-05
1.832000e+00 3.31319e-05
1.834000e+00 3.31235e-05
1.836000e+00 3.3115e-05
1.838000e+00 3.31065e-05
1.840000e+00 3.30979e-05
1.842000e+00 3.30891e-05
1.844000e+00 3.30804e-05
1.846000e+00 3.30715e-05
1.848000e+00 3.30626e-05
1.850000e+00 3.30536e-05
1.852000e+00 3.30445e-05
1.854000e+00 3.30353e-05
1.856000e+00 3.30261e-05
1.858000e+00 3.30168e-05
1.860000e+00 3.30074e-05
1.862000e+00 3.29979e-05
1.864000e+00 3.29884e-05
1.866000e+00 3.29787e-05
1.868000e+00 3.2969e-05
1.870000e+00 3.29592e-05
1.872000e+00 3.29494e-05
1.874000e+00 3.29394e-05
1.876000e+00 3.29294e-05
1.878000e+00 3.29193e-05
1.880000e+00 3.29092e-05
1.882000e+00 3.28989e-05
1.884000e+00 3.28886e-05
1.886000e+00 3.28782e-05
1.888000e+00 3.28677e-05
1.890000e+00 3.28572e-05
1.892000e+00 3.28465e-05
1.894000e+00 3.28358e-05
1.896000e+00 3.2825e-05
1.898000e+00 3.28142e-05
1.900000e+00 3.28032e-05
1.902000e+00 3.27922e-05
1.904000e+00 3.27811e-05
1.906000e+00 3.27699e-05
1.908000e+00 3.27587e-05
1.910000e+00 3.27473e-05
1.912000e+00 3.27359e-05
1.914000e+00 3.27244e-05
1.916000e+00 3.27128e-05
1.918000e+00 3.27012e-05
1.920000e+00 3.26895e-05
1.922000e+00 3.26777e-05
1.924000e+00 3.26658e-05
1.926000e+00 3.26538e-05
1.928000e+00 3.26418e-05
1.930000e+00 3.26297e-05
1.932000e+00 3.26175e-05
1.934000e+00 3.26052e-05
1.936000e+00 3.25929e-05
1.938000e+00 3.25804e-05
1.940000e+00 3.25679e-05
1.942000e+00 3.25553e-05
1.944000e+00 3.25427e-05
1.946000e+00 3.25299e-05
1.948000e+00 3.25171e-05
1.950000e+00 3.25042e-05
1.952000e+00 3.24912e-05
1.954000e+00 3.24782e-05
1.956000e+00 3.2465e-05
1.958000e+00 3.24518e-05
1.960000e+00 3.24385e-05
1.962000e+00 3.24252e-05
1.964000e+00 3.24117e-05
1.966000e+00 3.23982e-05
1.968000e+00 3.23846e-05
1.970000e+00 3.23709e-05
1.972000e+00 3.23571e-05
1.974000e+00 3.23433e-05
1.976000e+00 3.23293e-05
1.978000e+00 3.23153e-05
1.980000e+00 3.23013e-05
1.982000e+00 3.22871e-05
1.984000e+00 3.22729e-05
1.986000e+00 3.22585e-05
1.988000e+00 3.22441e-05
1.990000e+00 3.22297e-05
1.992000e+00 3.22151e-05
1.994000e+00 3.22005e-05
1.996000e+00 3.21857e-05
1.998000e+00 3.21709e-05
2.000000e+00 3.21561e-05
2.002000e+00 3.21411e-05
2.004000e+00 3.21261e-05
2.006000e+00 3.2111e-05
2.008000e+00 3.20958e-05
2.010000e+00 3.20805e-05
2.012000e+00 3.20651e-05
2.014000e+00 3.20497e-05
2.016000e+00 3.20342e-05
2.018000e+00 3.20186e-05
2.020000e+00 3.20029e-05
2.022000e+00 3.19872e-05
2.024000e+00 3.19713e-05
2.026000e+00 3.19554e-05
2.028000e+00 3.19394e-05
2.030000e+00 3.19234e-05
2.032000e+00 3.19072e-05
2.034000e+00 3.1891e-05
2.036000e+00 3.18747e-05
2.038000e+00 3.18583e-05
2.040000e+00 3.18418e-05
2.042000e+00 3.18252e-05
2.044000e+00 3.18086e-05
2.046000e+00 3.17919e-05
2.048000e+00 3.17751e-05
2.050000e+00 3.17582e-05
2.052000e+00 3.17413e-05
2.054000e+00 3.17242e-05
2.056000e+00 3.17071e-05
2.058000e+00 3.16899e-05
2.060000e+00 3.16726e-05
2.062000e+00 3.16553e-05
2.064000e+00 3.16378e-05
2.066000e+00 3.16203e-05
2.068000e+00 3.16027e-05
2.070000e+00 3.1585e-05
2.072000e+00 3.15673e-05
2.074000e+00 3.15494e-05
2.076000e+00 3.15315e-05
2.078000e+00 3.15135e-05
2.080000e+00 3.14954e-05
2.082000e+00 3.14772e-05
2.084000e+00 3.1459e-05
2.086000e+00 3.14406e-05
2.088000e+00 3.14222e-05
2.090000e+00 3.14037e-05
2.092000e+00 3.13851e-05
2.094000e+00 3.13665e-05
2.096000e+00 3.13477e-05
2.098000e+00 3.13289e-05
2.100000e+00 3.131e-05
2.102000e+00 3.1291e-05
2.104000e+00 3.12719e-05
2.106000e+00 3.12528e-05
2.108000e+00 3.12336e-05
2.110000e+00 3.12142e-05
2.112000e+00 3.11948e-05
2.114000e+00 3.11754e-05
2.116000e+00 3.11558e-05
2.118000e+00 3.11361e-05
2.120000e+00 3.11164e-05
2.122000e+00 3.10966e-05
2.124000e+00 3.10767e-05
2.126000e+00 3.10568e-05
2.128000e+00 3.10367e-05
2.130000e+00 3.10166e-05
2.132000e+00 3.09963e-05
2.134000e+00 3.0976e-05
2.136000e+00 3.09557e-05
2.138000e+00 3.09352e-05
2.140000e+00 3.09146e-05
2.142000e+00 3.0894e-05
2.144000e+00 3.08733e-05
2.146000e+00 3.08525e-05
2.148000e+00 3.08316e-05
2.150000e+00 3.08106e-05
2.152000e+00 3.07896e-05
2.154000e+00 3.07685e-05
2.156000e+00 3.07472e-05
2.158000e+00 3.07259e-05
2.160000e+00 3.07046e-05
2.162000e+00 3.06831e-05
2.164000e+00 3.06615e-05
2.166000e+00 3.06399e-05
2.168000e+00 3.06182e-05
2.170000e+00 3.05964e-05
2.172000e+00 3.05745e-05
2.174000e+00 3.05525e-05
2.176000e+00 3.05305e-05
2.178000e+00 3.05084e-05
2.180000e+00 3.04861e-05
2.182000e+00 3.04638e-05
2.184000e+00 3.04414e-05
2.186000e+00 3.0419e-05
2.188000e+00 3.03964e-05
2.190000e+00 3.03738e-05
2.192000e+00 3.0351e-05
2.194000e+00 3.03282e-05
2.196000e+00 3.03053e-05
2.198000e+00 3.02824e-05
2.200000e+00 3.02593e-05
2.202000e+00 3.02362e-05
2.204000e+00 3.02129e-05
2.206000e+00 3.01896e-05
2.208000e+00 3.01662e-05
2.210000e+00 3.01427e-05
2.212000e+00 3.01192e-05
2.214000e+00 3.00955e-05
2.216000e+00 3.00718e-05
2.218000e+00 3.00479e-05
2.220000e+00 3.0024e-05
2.222000e+00 3e-05
2.224000e+00 2.99759e-05
2.226000e+00 2.99518e-05
2.228000e+00 2.99275e-05
2.230000e+00 2.99032e-05
2.232000e+00 2.98787e-05
2.234000e+00 2.98542e-05
2.236000e+00 2.98297e-05
2.238000e+00 2.9805e-05
2.240000e+00 2.97802e-05
2.242000e+00 2.97553e-05
2.244000e+00 2.97304e-05
2.246000e+00 2.97054e-05
2.248000e+00 2.96803e-05
2.250000e+00 2.96551e-05
2.252000e+00 2.96298e-05
2.254000e+00 2.96044e-05
2.256000e+00 2.9579e-05
2.258000e+00 2.95534e-05
2.260000e+00 2.95278e-05
2.262000e+00 2.95021e-05
2.264000e+00 2.94763e-05
2.266000e+00 2.94504e-05
2.268000e+00 2.94244e-05
2.270000e+00 2.93983e-05
2.272000e+00 2.93722e-05
2.274000e+00 2.9346e-05
2.276000e+00 2.93196e-05
2.278000e+00 2.92932e-05
2.280000e+00 2.92667e-05
2.282000e+00 2.92401e-05
2.284000e+00 2.92135e-05
2.286000e+00 2.91867e-05
2.288000e+00 2.91599e-05
2.290000e+00 2.91329e-05
2.292000e+00 2.91059e-05
2.294000e+00 2.90788e-05
2.296000e+00 2.90516e-05
2.298000e+00 2.90243e-05
2.300000e+00 2.89969e-05
2.302000e+00 2.89695e-05
2.304000e+00 2.89419e-05
2.306000e+00 2.89143e-05
2.308000e+00 2.88866e-05
2.310000e+00 2.88587e-05
2.312000e+00 2.88308e-05
2.314000e+00 2.88028e-05
2.316000e+00 2.87748e-05
2.318000e+00 2.87466e-05
2.320000e+00 2.87183e-05
2.322000e+00 2.869e-05
2.324000e+00 2.86616e-05
2.326000e+00 2.8633e-05
2.328000e+00 2.86044e-05
2.330000e+00 2.85757e-05
2.332000e+00 2.85469e-05
2.334000e+00 2.8518e-05
2.336000e+00 2.84891e-05
2.338000e+00 2.846e-05
2.340000e+00 2.84309e-05
2.342000e+00 2.84016e-05
2.344000e+00 2.83723e-05
2.346000e+00 2.83429e-05
2.348000e+00 2.83134e-05
2.350000e+00 2.82838e-05
2.352000e+00 2.82541e-05
2.354000e+00 2.82243e-05
2.356000e+00 2.81945e-05
2.358000e+00 2.81645e-05
2.360000e+00 2.81345e-05
2.362000e+00 2.81043e-05
2.364000e+00 2.80741e-05
2.366000e+00 2.80438e-05
2.368000e+00 2.80134e-05
2.370000e+00 2.79829e-05
2.372000e+00 2.79523e-05
2.374000e+00 2.79216e-05
2.376000e+00 2.78908e-05
2.378000e+00 2.786e-05
2.380000e+00 2.7829e-05
2.382000e+00 2.7798e-05
2.384000e+00 2.77668e-05
2.386000e+00 2.77356e-05
2.388000e+00 2.77043e-05
2.390000e+00 2.76729e-05
2.392000e+00 2.76414e-05
2.394000e+00 2.76098e-05
2.396000e+00 2.75781e-05
2.398000e+00 2.75464e-05
2.400000e+00 2.75145e-05
2.402000e+00 2.74825e-05
2.404000e+00 2.74505e-05
2.406000e+00 2.74183e-05
2.408000e+00 2.73861e-05
2.410000e+00 2.73538e-05
2.412000e+00 2.73214e-05
2.414000e+00 2.72889e-05
2.416000e+00 2.72563e-05
2.418000e+00 2.72236e-05
2.420000e+00 2.71908e-05
2.422000e+00 2.71579e-05
2.424000e+00 2.71249e-05
2.426000e+00 2.70919e-05
2.428000e+00 2.70587e-05
2.430000e+00 2.70255e-05
2.432000e+00 2.69921e-05
2.434000e+00 2.69587e-05
2.436000e+00 2.69252e-05
2.438000e+00 2.68915e-05
2.440000e+00 2.68578e-05
2.442000e+00 2.6824e-05
2.444000e+00 2.67901e-05
2.446000e+00 2.67561e-05
2.448000e+00 2.6722e-05
2.450000e+00 2.66878e-05
2.452000e+00 2.66536e-05
2.454000e+00 2.66192e-05
2.456000e+00 2.65847e-05
2.458000e+00 2.65502e-05
2.460000e+00 2.65155e-05
2.462000e+00 2.64808e-05
2.464000e+00 2.64459e-05
2.466000e+00 2.6411e-05
2.468000e+00 2.6376e-05
2.470000e+00 2.63409e-05
2.472000e+00 2.63056e-05
2.474000e+00 2.62703e-05
2.476000e+00 2.62349e-05
2.478000e+00 2.61994e-05
2.480000e+00 2.61638e-05
2.482000e+00 2.61281e-05
2.484000e+00 2.60923e-05
2.486000e+00 2.60565e-05
2.488000e+00 2.60205e-05
2.490000e+00 2.59844e-05
2.492000e+00 2.59483e-05
2.494000e+00 2.5912e-05
2.496000e+00 2.58756e-05
2.498000e+00 2.58392e-05
2.500000e+00 2.58026e-05
2.502000e+00 2.5766e-05
2.504000e+00 2.57293e-05
2.506000e+00 2.56924e-05
2.508000e+00 2.56555e-05
2.510000e+00 2.56185e-05
2.512000e+00 2.55814e-05
2.514000e+00 2.55441e-05
2.516000e+00 2.55068e-05
2.518000e+00 2.54694e-05
2.520000e+00 2.54319e-05
2.522000e+00 2.53943e-05
2.524000e+00 2.53566e-05
2.526000e+00 2.53188e-05
2.528000e+00 2.52809e-05
2.530000e+00 2.52429e-05
2.532000e+00 2.52048e-05
2.534000e+00 2.51667e-05
2.536000e+00 2.51284e-05
2.538000e+00 2.509e-05
2.540000e+00 2.50515e-05
2.542000e+00 2.5013e-05
2.544000e+00 2.49743e-05
2.546000e+00 2.49356e-05
2.548000e+00 2.48967e-05
2.550000e+00 2.48578e-05
2.552000e+00 2.48187e-05
2.554000e+00 2.47796e-05
2.556000e+00 2.47403e-05
2.558000e+00 2.4701e-05
2.560000e+00 2.46615e-05
2.562000e+00 2.4622e-05
2.564000e+00 2.45824e-05
2.566000e+00 2.45426e-05
2.568000e+00 2.45028e-05
2.570000e+00 2.44629e-05
2.572000e+00 2.44228e-05
2.574000e+00 2.43827e-05
2.576000e+00 2.43425e-05
2.578000e+00 2.43022e-05
2.580000e+00 2.42618e-05
2.582000e+00 2.42212e-05
2.584000e+00 2.41806e-05
2.586000e+00 2.41399e-05
2.588000e+00 2.40991e-05
2.590000e+00 2.40582e-05
2.592000e+00 2.40172e-05
2.594000e+00 2.39761e-05
2.596000e+00 2.39349e-05
2.598000e+00 2.38936e-05
2.600000e+00 2.38522e-05
2.602000e+00 2.38107e-05
2.604000e+00 2.37691e-05
2.606000e+00 2.37274e-05
2.608000e+00 2.36856e-05
2.610000e+00 2.36437e-05
2.612000e+00 2.36017e-05
2.614000e+00 2.35597e-05
2.616000e+00 2.35175e-05
2.618000e+00 2.34752e-05
2.620000e+00 2.34328e-05
2.622000e+00 2.33903e-05
2.624000e+00 2.33478e-05
2.626000e+00 2.33051e-05
2.628000e+00 2.32623e-05
2.630000e+00 2.32194e-05
2.632000e+00 2.31765e-05
2.634000e+00 2.31334e-05
2.636000e+00 2.30902e-05
2.638000e+00 2.3047e-05
2.640000e+00 2.30036e-05
2.642000e+00 2.29601e-05
2.644000e+00 2.29166e-05
2.646000e+00 2.28729e-05
2.648000e+00 2.28291e-05
2.650000e+00 2.27853e-05
2.652000e+00 2.27413e-05
2.654000e+00 2.26973e-05
2.656000e+00 2.26531e-05
2.658000e+00 2.26089e-05
2.660000e+00 2.25645e-05
2.662000e+00 2.25201e-05
2.664000e+00 2.24755e-05
2.666000e+00 2.24309e-05
2.668000e+00 2.23861e-05
2.670000e+00 2.23413e-05
2.672000e+00 2.22964e-05
2.674000e+00 2.22513e-05
2.676000e+00 2.22062e-05
2.678000e+00 2.21609e-05
2.680000e+00 2.21156e-05
2.682000e+00 2.20702e-05
2.684000e+00 2.20247e-05
2.686000e+00 2.1979e-05
2.688000e+00 2.19333e-05
2.690000e+00 2.18875e-05
2.692000e+00 2.18416e-05
2.694000e+00 2.17956e-05
2.696000e+00 2.17494e-05
2.698000e+00 2.17032e-05
2.700000e+00 2.16569e-05
2.702000e+00 2.16105e-05
2.704000e+00 2.1564e-05
2.706000e+00 2.15174e-05
2.708000e+00 2.14707e-05
2.710000e+00 2.14239e-05
2.712000e+00 2.13771e-05
2.714000e+00 2.13301e-05
2.716000e+00 2.1283e-05
2.718000e+00 2.12358e-05
2.720000e+00 2.11885e-05
2.722000e+00 2.11412e-05
2.724000e+00 2.10937e-05
2.726000e+00 2.10461e-05
2.728000e+00 2.09985e-05
2.730000e+00 2.09507e-05
2.732000e+00 2.09029e-05
2.734000e+00 2.08549e-05
2.736000e+00 2.08069e-05
2.738000e+00 2.07588e-05
2.740000e+00 2.07106e-05
2.742000e+00 2.06622e-05
2.744000e+00 2.06138e-05
2.746000e+00 2.05653e-05
2.748000e+00 2.05167e-05
2.750000e+00 2.0468e-05
2.752000e+00 2.04192e-05
2.754000e+00 2.03704e-05
2.756000e+00 2.03214e-05
2.758000e+00 2.02723e-05
2.760000e+00 2.02232e-05
2.762000e+00 2.01739e-05
2.764000e+00 2.01246e-05
2.766000e+00 2.00751e-05
2.768000e+00 2.00256e-05
2.770000e+00 1.9976e-05
2.772000e+00 1.99263e-05
2.774000e+00 1.98765e-05
2.776000e+00 1.98266e-05
2.778000e+00 1.97766e-05
2.780000e+00 1.97266e-05
2.782000e+00 1.96764e-05
2.784000e+00 1.96262e-05
2.786000e+00 1.95759e-05
2.788000e+00 1.95254e-05
2.790000e+00 1.94749e-05
2.792000e+00 1.94243e-05
2.794000e+00 1.93737e-05
2.796000e+00 1.93229e-05
2.798000e+00 1.92721e-05
2.800000e+00 1.92211e-05
2.802000e+00 1.91701e-05
2.804000e+00 1.9119e-05
2.806000e+00 1.90678e-05
2.808000e+00 1.90166e-05
2.810000e+00 1.89652e-05
2.812000e+00 1.89138e-05
2.814000e+00 1.88623e-05
2.816000e+00 1.88107e-05
2.818000e+00 1.8759e-05
2.820000e+00 1.87072e-05
2.822000e+00 1.86554e-05
2.824000e+00 1.86035e-05
2.826000e+00 1.85515e-05
2.828000e+00 1.84994e-05
2.830000e+00 1.84473e-05
2.832000e+00 1.8395e-05
2.834000e+00 1.83427e-05
2.836000e+00 1.82904e-05
2.838000e+00 1.82379e-05
2.840000e+00 1.81854e-05
2.842000e+00 1.81328e-05
2.844000e+00 1.80801e-05
2.846000e+00 1.80274e-05
2.848000e+00 1.79746e-05
2.850000e+00 1.79217e-05
2.852000e+00 1.78687e-05
2.854000e+00 1.78157e-05
2.856000e+00 1.77626e-05
2.858000e+00 1.77095e-05
2.860000e+00 1.76563e-05
2.862000e+00 1.7603e-05
2.864000e+00 1.75496e-05
2.866000e+00 1.74962e-05
2.868000e+00 1.74428e-05
2.870000e+00 1.73892e-05
2.872000e+00 1.73356e-05
2.874000e+00 1.7282e-05
2.876000e+00 1.72283e-05
2.878000e+00 1.71745e-05
2.880000e+00 1.71207e-05
2.882000e+00 1.70669e-05
2.884000e+00 1.70129e-05
2.886000e+00 1.6959e-05
2.888000e+00 1.69049e-05
2.890000e+00 1.68509e-05
2.892000e+00 1.67967e-05
2.894000e+00 1.67426e-05
2.896000e+00 1.66884e-05
2.898000e+00 1.66341e-05
2.900000e+00 1.65798e-05
2.902000e+00 1.65255e-05
2.904000e+00 1.64711e-05
2.906000e+00 1.64167e-05
2.908000e+00 1.63623e-05
2.910000e+00 1.63078e-05
2.912000e+00 1.62532e-05
2.914000e+00 1.61987e-05
2.916000e+00 1.61441e-05
2.918000e+00 1.60895e-05
2.920000e+00 1.60349e-05
2.922000e+00 1.59803e-05
2.924000e+00 1.59256e-05
2.926000e+00 1.58709e-05
2.928000e+00 1.58162e-05
2.930000e+00 1.57614e-05
2.932000e+00 1.57067e-05
2.934000e+00 1.56519e-05
2.936000e+00 1.55972e-05
2.938000e+00 1.55424e-05
2.940000e+00 1.54876e-05
2.942000e+00 1.54329e-05
2.944000e+00 1.53781e-05
2.946000e+00 1.53233e-05
2.948000e+00 1.52685e-05
2.950000e+00 1.52137e-05
2.952000e+00 1.5159e-05
2.954000e+00 1.51042e-05
2.956000e+00 1.50495e-05
2.958000e+00 1.49948e-05
2.960000e+00 1.49401e-05
2.962000e+00 1.48854e-05
2.964000e+00 1.48307e-05
2.966000e+00 1.47761e-05
2.968000e+00 1.47215e-05
2.970000e+00 1.4667e-05
2.972000e+00 1.46124e-05
2.974000e+00 1.4558e-05
2.976000e+00 1.45035e-05
2.978000e+00 1.44491e-05
2.980000e+00 1.43948e-05
2.982000e+00 1.43405e-05
2.984000e+00 1.42863e-05
2.986000e+00 1.42321e-05
2.988000e+00 1.4178e-05
2.990000e+00 1.4124e-05
2.992000e+00 1.407e-05
2.994000e+00 1.40161e-05
2.996000e+00 1.39623e-05
2.998000e+00 1.39086e-05
3.000000e+00 1.3855e-05
3.002000e+00 1.38014e-05
3.004000e+00 1.3748e-05
3.006000e+00 1.36946e-05
3.008000e+00 1.36414e-05
3.010000e+00 1.35883e-05
3.012000e+00 1.35352e-05
3.014000e+00 1.34824e-05
3.016000e+00 1.34296e-05
3.018000e+00 1.33769e-05
3.020000e+00 1.33244e-05
3.022000e+00 1.32721e-05
3.024000e+00 1.32198e-05
3.026000e+00 1.31678e-05
3.028000e+00 1.31159e-05
3.030000e+00 1.30641e-05
3.032000e+00 1.30125e-05
3.034000e+00 1.29611e-05
3.036000e+00 1.29098e-05
3.038000e+00 1.28588e-05
3.040000e+00 1.28079e-05
3.042000e+00 1.27572e-05
3.044000e+00 1.27068e-05
3.046000e+00 1.26565e-05
3.048000e+00 1.26065e-05
3.050000e+00 1.25566e-05
3.052000e+00 1.2507e-05
3.054000e+00 1.24577e-05
3.056000e+00 1.24085e-05
3.058000e+00 1.23597e-05
3.060000e+00 1.2311e-05
3.062000e+00 1.22627e-05
3.064000e+00 1.22146e-05
3.066000e+00 1.21668e-05
3.068000e+00 1.21193e-05
3.070000e+00 1.2072e-05
3.072000e+00 1.20251e-05
3.074000e+00 1.19785e-05
3.076000e+00 1.19322e-05
3.078000e+00 1.18862e-05
3.080000e+00 1.18405e-05
3.082000e+00 1.17952e-05
3.084000e+00 1.17502e-05
3.086000e+00 1.17056e-05
3.088000e+00 1.16614e-05
3.090000e+00 1.16175e-05
3.092000e+00 1.1574e-05
3.094000e+00 1.15309e-05
3.096000e+00 1.14882e-05
3.098000e+00 1.14459e-05
3.100000e+00 1.1404e-05
3.102000e+00 1.13626e-05
3.104000e+00 1.13216e-05
3.106000e+00 1.1281e-05
3.108000e+00 1.12409e-05
3.110000e+00 1.12012e-05
3.112000e+00 1.1162e-05
3.114000e+00 1.11234e-05
3.116000e+00 1.10852e-05
3.118000e+00 1.10475e-05
3.120000e+00 1.10103e-05
3.122000e+00 1.09736e-05
3.124000e+00 1.09375e-05
3.126000e+00 1.09019e-05
3.128000e+00 1.08668e-05
3.130000e+00 1.08323e-05
3.132000e+00 1.07984e-05
3.134000e+00 1.07651e-05
3.136000e+00 1.07323e-05
3.138000e+00 1.07001e-05
3.140000e+00 1.06686e-05
3.142000e+00 1.06377e-05
3.144000e+00 1.06074e-05
3.146000e+00 1.05777e-05
3.148000e+00 1.05487e-05
3.150000e+00 1.05203e-05
3.152000e+00 1.04926e-05
3.154000e+00 1.04655e-05
3.156000e+00 1.04392e-05
3.158000e+00 1.04135e-05
3.160000e+00 1.03886e-05
3.162000e+00 1.03643e-05
3.164000e+00 1.03408e-05
3.166000e+00 1.03179e-05
3.168000e+00 1.02959e-05
3.170000e+00 1.02745e-05
3.172000e+00 1.02539e-05
3.174000e+00 1.02341e-05
3.176000e+00 1.0215e-05
3.178000e+00 1.01967e-05
3.180000e+00 1.01791e-05
3.182000e+00 1.01624e-05
3.184000e+00 1.01464e-05
3.186000e+00 1.01313e-05
3.188000e+00 1.01169e-05
3.190000e+00 1.01034e-05
3.192000e+00 1.00906e-05
3.194000e+00 1.00787e-05
3.196000e+00 1.00676e-05
3.198000e+00 1.00573e-05
3.200000e+00 1.00479e-05
3.202000e+00 1.00393e-05
3.204000e+00 1.00315e-05
3.206000e+00 1.00246e-05
3.208000e+00 1.00185e-05
3.210000e+00 1.00132e-05
3.212000e+00 1.00089e-05
3.214000e+00 1.00053e-05
3.216000e+00 1.00026e-05
3.218000e+00 1.00008e-05
3.220000e+00 9.99981e-06
3.222000e+00 9.99969e-06
3.224000e+00 1.00004e-05
3.226000e+00 1.0002e-05
3.228000e+00 1.00045e-05
3.230000e+00 1.00077e-05
3.232000e+00 1.00119e-05
3.234000e+00 1.00169e-05
3.236000e+00 1.00227e-05
3.238000e+00 1.00294e-05
3.240000e+00 1.00369e-05
3.242000e+00 1.00453e-05
3.244000e+00 1.00545e-05
3.246000e+00 1.00645e-05
3.248000e+00 1.00754e-05
3.250000e+00 1.00871e-05
3.252000e+00 1.00996e-05
3.254000e+00 1.01129e-05
3.256000e+00 1.0127e-05
3.258000e+00 1.0142e-05
3.260000e+00 1.01577e-05
3.262000e+00 1.01742e-05
3.264000e+00 1.01915e-05
3.266000e+00 1.02096e-05
3.268000e+00 1.02285e-05
3.270000e+00 1.02481e-05
3.272000e+00 1.02685e-05
3.274000e+00 1.02896e-05
3.276000e+00 1.03115e-05
3.278000e+00 1.03341e-05
3.280000e+00 1.03574e-05
3.282000e+00 1.03815e-05
3.284000e+00 1.04063e-05
3.286000e+00 1.04317e-05
3.288000e+00 1.04579e-05
3.290000e+00 1.04847e-05
3.292000e+00 1.05122e-05
3.294000e+00 1.05404e-05
3.296000e+00 1.05692e-05
3.298000e+00 1.05987e-05
3.300000e+00 1.06289e-05
3.302000e+00 1.06596e-05
3.304000e+00 1.0691e-05
3.306000e+00 1.0723e-05
3.308000e+00 1.07555e-05
3.310000e+00 1.07887e-05
3.312000e+00 1.08225e-05
3.314000e+00 1.08568e-05
3.316000e+00 1.08917e-05
3.318000e+00 1.09271e-05
3.320000e+00 1.09631e-05
3.322000e+00 1.09996e-05
3.324000e+00 1.10367e-05
3.326000e+00 1.10742e-05
3.328000e+00 1.11123e-05
3.330000e+00 1.11508e-05
3.332000e+00 1.11899e-05
3.334000e+00 1.12294e-05
3.336000e+00 1.12694e-05
3.338000e+00 1.13098e-05
3.340000e+00 1.13507e-05
3.342000e+00 1.1392e-05
3.344000e+00 1.14338e-05
3.346000e+00 1.14759e-05
3.348000e+00 1.15185e-05
3.350000e+00 1.15615e-05
3.352000e+00 1.16049e-05
3.354000e+00 1.16487e-05
3.356000e+00 1.16928e-05
3.358000e+00 1.17373e-05
3.360000e+00 1.17822e-05
3.362000e+00 1.18274e-05
3.364000e+00 1.1873e-05
3.366000e+00 1.19189e-05
3.368000e+00 1.19651e-05
3.370000e+00 1.20116e-05
3.372000e+00 1.20585e-05
3.374000e+00 1.21056e-05
3.376000e+00 1.21531e-05
3.378000e+00 1.22008e-05
3.380000e+00 1.22488e-05
3.382000e+00 1.22971e-05
3.384000e+00 1.23456e-05
3.386000e+00 1.23944e-05
3.388000e+00 1.24435e-05
3.390000e+00 1.24928e-05
3.392000e+00 1.25423e-05
3.394000e+00 1.25921e-05
3.396000e+00 1.2642e-05
3.398000e+00 1.26922e-05
3.400000e+00 1.27427e-05
3.402000e+00 1.27933e-05
3.404000e+00 1.28441e-05
3.406000e+00 1.28951e-05
3.408000e+00 1.29463e-05
3.410000e+00 1.29976e-05
3.412000e+00 1.30492e-05
3.414000e+00 1.31009e-05
3.416000e+00 1.31528e-05
3.418000e+00 1.32048e-05
3.420000e+00 1.3257e-05
3.422000e+00 1.33093e-05
3.424000e+00 1.33618e-05
3.426000e+00 1.34144e-05
3.428000e+00 1.34671e-05
3.430000e+00 1.352e-05
3.432000e+00 1.3573e-05
3.434000e+00 1.3626e-05
3.436000e+00 1.36793e-05
3.438000e+00 1.37326e-05
3.440000e+00 1.3786e-05
3.442000e+00 1.38395e-05
3.444000e+00 1.38931e-05
3.446000e+00 1.39468e-05
3.448000e+00 1.40006e-05
3.450000e+00 1.40545e-05
3.452000e+00 1.41084e-05
3.454000e+00 1.41624e-05
3.456000e+00 1.42165e-05
3.458000e+00 1.42706e-05
3.460000e+00 1.43249e-05
3.462000e+00 1.43791e-05
3.464000e+00 1.44335e-05
3.466000e+00 1.44878e-05
3.468000e+00 1.45423e-05
3.470000e+00 1.45967e-05
3.472000e+00 1.46512e-05
3.474000e+00 1.47058e-05
3.476000e+00 1.47604e-05
3.478000e+00 1.4815e-05
3.480000e+00 1.48696e-05
3.482000e+00 1.49243e-05
3.484000e+00 1.4979e-05
3.486000e+00 1.50337e-05
3.488000e+00 1.50884e-05
3.490000e+00 1.51432e-05
3.492000e+00 1.51979e-05
3.494000e+00 1.52527e-05
3.496000e+00 1.53075e-05
3.498000e+00 1.53623e-05
3.500000e+00 1.5417e-05
3.502000e+00 1.54718e-05
3.504000e+00 1.55266e-05
3.506000e+00 1.55814e-05
3.508000e+00 1.56361e-05
3.510000e+00 1.56909e-05
3.512000e+00 1.57457e-05
3.514000e+00 1.58004e-05
3.516000e+00 1.58551e-05
3.518000e+00 1.59098e-05
3.520000e+00 1.59645e-05
3.522000e+00 1.60191e-05
3.524000e+00 1.60738e-05
3.526000e+00 1.61284e-05
3.528000e+00 1.6183e-05
3.530000e+00 1.62375e-05
3.532000e+00 1.6292e-05
3.534000e+00 1.63465e-05
3.536000e+00 1.6401e-05
3.538000e+00 1.64554e-05
3.540000e+00 1.65098e-05
3.542000e+00 1.65641e-05
3.544000e+00 1.66185e-05
3.546000e+00 1.66727e-05
3.548000e+00 1.67269e-05
3.550000e+00 1.67811e-05
3.552000e+00 1.68353e-05
3.554000e+00 1.68893e-05
3.556000e+00 1.69434e-05
3.558000e+00 1.69974e-05
3.560000e+00 1.70513e-05
3.562000e+00 1.71052e-05
3.564000e+00 1.7159e-05
3.566000e+00 1.72128e-05
3.568000e+00 1.72665e-05
3.570000e+00 1.73202e-05
3.572000e+00 1.73738e-05
3.574000e+00 1.74273e-05
3.576000e+00 1.74808e-05
3.578000e+00 1.75342e-05
3.580000e+00 1.75876e-05
3.582000e+00 1.76409e-05
3.584000e+00 1.76941e-05
3.586000e+00 1.77473e-05
3.588000e+00 1.78004e-05
3.590000e+00 1.78534e-05
3.592000e+00 1.79064e-05
3.594000e+00 1.79593e-05
3.596000e+00 1.80121e-05
3.598000e+00 1.80649e-05
3.600000e+00 1.81176e-05
3.602000e+00 1.81702e-05
3.604000e+00 1.82228e-05
3.606000e+00 1.82752e-05
3.608000e+00 1.83276e-05
3.610000e+00 1.83799e-05
3.612000e+00 1.84322e-05
3.614000e+00 1.84844e-05
3.616000e+00 1.85365e-05
3.618000e+00 1.85885e-05
3.620000e+00 1.86404e-05
3.622000e+00 1.86923e-05
3.624000e+00 1.87441e-05
3.626000e+00 1.87958e-05
3.628000e+00 1.88474e-05
3.630000e+00 1.88989e-05
3.632000e+00 1.89504e-05
3.634000e+00 1.90018e-05
3.636000e+00 1.9053e-05
3.638000e+00 1.91043e-05
3.640000e+00 1.91554e-05
3.642000e+00 1.92064e-05
3.644000e+00 1.92574e-05
3.646000e+00 1.93083e-05
3.648000e+00 1.9359e-05
3.650000e+00 1.94097e-05
3.652000e+00 1.94604e-05
3.654000e+00 1.95109e-05
3.656000e+00 1.95613e-05
3.658000e+00 1.96117e-05
3.660000e+00 1.96619e-05
3.662000e+00 1.97121e-05
3.664000e+00 1.97622e-05
3.666000e+00 1.98122e-05
3.668000e+00 1.98621e-05
3.670000e+00 1.99119e-05
3.672000e+00 1.99617e-05
3.674000e+00 2.00113e-05
3.676000e+00 2.00609e-05
3.678000e+00 2.01103e-05
3.680000e+00 2.01597e-05
3.682000e+00 2.02089e-05
3.684000e+00 2.02581e-05
3.686000e+00 2.03072e-05
3.688000e+00 2.03562e-05
3.690000e+00 2.04051e-05
3.692000e+00 2.0454e-05
3.694000e+00 2.05027e-05
3.696000e+00 2.05513e-05
3.698000e+00 2.05998e-05
3.700000e+00 2.06483e-05
3.702000e+00 2.06966e-05
3.704000e+00 2.07449e-05
3.706000e+00 2.0793e-05
3.708000e+00 2.08411e-05
3.710000e+00 2.08891e-05
3.712000e+00 2.09369e-05
3.714000e+00 2.09847e-05
3.716000e+00 2.10324e-05
3.718000e+00 2.108e-05
3.720000e+00 2.11275e-05
3.722000e+00 2.11749e-05
3.724000e+00 2.12222e-05
3.726000e+00 2.12694e-05
3.728000e+00 2.13165e-05
3.730000e+00 2.13635e-05
3.732000e+00 2.14104e-05
3.734000e+00 2.14572e-05
3.736000e+00 2.1504e-05
3.738000e+00 2.15506e-05
3.740000e+00 2.15971e-05
3.742000e+00 2.16435e-05
3.744000e+00 2.16899e-05
3.746000e+00 2.17361e-05
3.748000e+00 2.17823e-05
3.750000e+00 2.18283e-05
3.752000e+00 2.18743e-05
3.754000e+00 2.19201e-05
3.756000e+00 2.19658e-05
3.758000e+00 2.20115e-05
3.760000e+00 2.20571e-05
3.762000e+00 2.21025e-05
3.764000e+00 2.21479e-05
3.766000e+00 2.21931e-05
3.768000e+00 2.22383e-05
3.770000e+00 2.22834e-05
3.772000e+00 2.23283e-05
3.774000e+00 2.23732e-05
3.776000e+00 2.2418e-05
3.778000e+00 2.24626e-05
3.780000e+00 2.25072e-05
3.782000e+00 2.25517e-05
3.784000e+00 2.25961e-05
3.786000e+00 2.26404e-05
3.788000e+00 2.26845e-05
3.790000e+00 2.27286e-05
3.792000e+00 2.27726e-05
3.794000e+00 2.28165e-05
3.796000e+00 2.28603e-05
3.798000e+00 2.2904e-05
3.800000e+00 2.29476e-05
3.802000e+00 2.29911e-05
3.804000e+00 2.30345e-05
3.806000e+00 2.30777e-05
3.808000e+00 2.31209e-05
3.810000e+00 2.3164e-05
3.812000e+00 2.3207e-05
3.814000e+00 2.32499e-05
3.816000e+00 2.32927e-05
3.818000e+00 2.33355e-05
3.820000e+00 2.33781e-05
3.822000e+00 2.34206e-05
3.824000e+00 2.3463e-05
3.826000e+00 2.35053e-05
3.828000e+00 2.35475e-05
3.830000e+00 2.35896e-05
3.832000e+00 2.36316e-05
3.834000e+00 2.36735e-05
3.836000e+00 2.37154e-05
3.838000e+00 2.37571e-05
3.840000e+00 2.37987e-05
3.842000e+00 2.38402e-05
3.844000e+00 2.38817e-05
3.846000e+00 2.3923e-05
3.848000e+00 2.39642e-05
3.850000e+00 2.40053e-05
3.852000e+00 2.40464e-05
3.854000e+00 2.40873e-05
3.856000e+00 2.41281e-05
3.858000e+00 2.41689e-05
3.860000e+00 2.42095e-05
3.862000e+00 2.42501e-05
3.864000e+00 2.42905e-05
3.866000e+00 2.43309e-05
3.868000e+00 2.43711e-05
3.870000e+00 2.44113e-05
3.872000e+00 2.44513e-05
3.874000e+00 2.44913e-05
3.876000e+00 2.45311e-05
3.878000e+00 2.45709e-05
3.880000e+00 2.46106e-05
3.882000e+00 2.46501e-05
3.884000e+00 2.46896e-05
3.886000e+00 2.4729e-05
3.888000e+00 2.47682e-05
3.890000e+00 2.48074e-05
3.892000e+00 2.48465e-05
3.894000e+00 2.48855e-05
3.896000e+00 2.49244e-05
3.898000e+00 2.49632e-05
3.900000e+00 2.50018e-05
3.902000e+00 2.50404e-05
3.904000e+00 2.50789e-05
3.906000e+00 2.51173e-05
3.908000e+00 2.51556e-05
3.910000e+00 2.51939e-05
3.912000e+00 2.5232e-05
3.914000e+00 2.527e-05
3.916000e+00 2.53079e-05
3.918000e+00 2.53457e-05
3.920000e+00 2.53834e-05
3.922000e+00 2.54211e-05
3.924000e+00 2.54586e-05
3.926000e+00 2.5496e-05
3.928000e+00 2.55334e-05
3.930000e+00 2.55706e-05
3.932000e+00 2.56078e-05
3.934000e+00 2.56448e-05
3.936000e+00 2.56818e-05
3.938000e+00 2.57186e-05
3.940000e+00 2.57554e-05
3.942000e+00 2.57921e-05
3.944000e+00 2.58287e-05
3.946000e+00 2.58651e-05
3.948000e+00 2.59015e-05
3.950000e+00 2.59378e-05
3.952000e+00 2.5974e-05
3.954000e+00 2.60101e-05
3.956000e+00 2.60461e-05
3.958000e+00 2.6082e-05
3.960000e+00 2.61178e-05
3.962000e+00 2.61535e-05
3.964000e+00 2.61891e-05
3.966000e+00 2.62247e-05
3.968000e+00 2.62601e-05
3.970000e+00 2.62954e-05
3.972000e+00 2.63307e-05
3.974000e+00 2.63658e-05
3.976000e+00 2.64009e-05
3.978000e+00 2.64359e-05
3.980000e+00 2.64707e-05
3.982000e+00 2.65055e-05
3.984000e+00 2.65402e-05
3.986000e+00 2.65748e-05
3.988000e+00 2.66093e-05
3.990000e+00 2.66437e-05
3.992000e+00 2.6678e-05
3.994000e+00 2.67122e-05
3.996000e+00 2.67463e-05
3.998000e+00 2.67803e-05
4.000000e+00 2.68142e-05
4.002000e+00 2.68481e-05
4.004000e+00 2.68818e-05
4.006000e+00 2.69155e-05
4.008000e+00 2.6949e-05
4.010000e+00 2.69825e-05
4.012000e+00 2.70158e-05
4.014000e+00 2.70491e-05
4.016000e+00 2.70823e-05
4.018000e+00 2.71154e-05
4.020000e+00 2.71484e-05
4.022000e+00 2.71813e-05
4.024000e+00 2.72141e-05
4.026000e+00 2.72468e-05
4.028000e+00 2.72795e-05
4.030000e+00 2.7312e-05
4.032000e+00 2.73444e-05
4.034000e+00 2.73768e-05
4.036000e+00 2.74091e-05
4.038000e+00 2.74412e-05
4.040000e+00 2.74733e-05
4.042000e+00 2.75053e-05
4.044000e+00 2.75372e-05
4.046000e+00 2.7569e-05
4.048000e+00 2.76007e-05
4.050000e+00 2.76323e-05
4.052000e+00 2.76638e-05
4.054000e+00 2.76952e-05
4.056000e+00 2.77266e-05
4.058000e+00 2.77578e-05
4.060000e+00 2.7789e-05
4.062000e+00 2.78201e-05
4.064000e+00 2.78511e-05
4.066000e+00 2.78819e-05
4.068000e+00 2.79127e-05
4.070000e+00 2.79434e-05
4.072000e+00 2.79741e-05
4.074000e+00 2.80046e-05
4.076000e+00 2.8035e-05
4.078000e+00 2.80654e-05
4.080000e+00 2.80956e-05
4.082000e+00 2.81258e-05
4.084000e+00 2.81558e-05
4.086000e+00 2.81858e-05
4.088000e+00 2.82157e-05
4.090000e+00 2.82455e-05
4.092000e+00 2.82752e-05
4.094000e+00 2.83049e-05
4.096000e+00 2.83344e-05
4.098000e+00 2.83638e-05
4.100000e+00 2.83932e-05
4.102000e+00 2.84224e-05
4.104000e+00 2.84516e-05
4.106000e+00 2.84807e-05
4.108000e+00 2.85097e-05
4.110000e+00 2.85386e-05
4.112000e+00 2.85674e-05
4.114000e+00 2.85961e-05
4.116000e+00 2.86248e-05
4.118000e+00 2.86533e-05
4.120000e+00 2.86818e-05
4.122000e+00 2.87102e-05
4.124000e+00 2.87385e-05
4.126000e+00 2.87666e-05
4.128000e+00 2.87948e-05
4.130000e+00 2.88228e-05
4.132000e+00 2.88507e-05
4.134000e+00 2.88785e-05
4.136000e+00 2.89063e-05
4.138000e+00 2.8934e-05
4.140000e+00 2.89615e-05
4.142000e+00 2.8989e-05
4.144000e+00 2.90164e-05
4.146000e+00 2.90437e-05
4.148000e+00 2.9071e-05
4.150000e+00 2.90981e-05
4.152000e+00 2.91251e-05
4.154000e+00 2.91521e-05
4.156000e+00 2.9179e-05
4.158000e+00 2.92058e-05
4.160000e+00 2.92325e-05
4.162000e+00 2.92591e-05
4.164000e+00 2.92856e-05
4.166000e+00 2.9312e-05
4.168000e+00 2.93384e-05
4.170000e+00 2.93646e-05
4.172000e+00 2.93908e-05
4.174000e+00 2.94169e-05
4.176000e+00 2.94429e-05
4.178000e+00 2.94688e-05
4.180000e+00 2.94946e-05
4.182000e+00 2.95204e-05
4.184000e+00 2.9546e-05
4.186000e+00 2.95716e-05
4.188000e+00 2.95971e-05
4.190000e+00 2.96225e-05
4.192000e+00 2.96478e-05
4.194000e+00 2.9673e-05
4.196000e+00 2.96981e-05
4.198000e+00 2.97232e-05
4.200000e+00 2.97482e-05
4.202000e+00 2.9773e-05
4.204000e+00 2.97978e-05
4.206000e+00 2.98225e-05
4.208000e+00 2.98472e-05
4.210000e+00 2.98717e-05
4.212000e+00 2.98961e-05
4.214000e+00 2.99205e-05
4.216000e+00 2.99448e-05
4.218000e+00 2.9969e-05
4.220000e+00 2.99931e-05
4.222000e+00 3.00171e-05
4.224000e+00 3.0041e-05
4.226000e+00 3.00649e-05
4.228000e+00 3.00887e-05
4.230000e+00 3.01123e-05
4.232000e+00 3.01359e-05
4.234000e+00 3.01594e-05
4.236000e+00 3.01829e-05
4.238000e+00 3.02062e-05
4.240000e+00 3.02295e-05
4.242000e+00 3.02526e-05
4.244000e+00 3.02757e-05
4.246000e+00 3.02987e-05
4.248000e+00 3.03216e-05
4.250000e+00 3.03445e-05
4.252000e+00 3.03672e-05
4.254000e+00 3.03899e-05
4.256000e+00 3.04125e-05
4.258000e+00 3.0435e-05
4.260000e+00 3.04574e-05
4.262000e+00 3.04797e-05
4.264000e+00 3.05019e-05
4.266000e+00 3.05241e-05
4.268000e+00 3.05462e-05
4.270000e+00 3.05682e-05
4.272000e+00 3.05901e-05
4.274000e+00 3.06119e-05
4.276000e+00 3.06337e-05
4.278000e+00 3.06553e-05
4.280000e+00 3.06769e-05
4.282000e+00 3.06984e-05
4.284000e+00 3.07198e-05
4.286000e+00 3.07411e-05
4.288000e+00 3.07623e-05
4.290000e+00 3.07835e-05
4.292000e+00 3.08046e-05
4.294000e+00 3.08256e-05
4.296000e+00 3.08465e-05
4.298000e+00 3.08673e-05
4.300000e+00 3.0888e-05
4.302000e+00 3.09087e-05
4.304000e+00 3.09293e-05
4.306000e+00 3.09498e-05
4.308000e+00 3.09702e-05
4.310000e+00 3.09905e-05
4.312000e+00 3.10107e-05
4.314000e+00 3.10309e-05
4.316000e+00 3.1051e-05
4.318000e+00 3.1071e-05
4.320000e+00 3.10909e-05
4.322000e+00 3.11107e-05
4.324000e+00 3.11305e-05
4.326000e+00 3.11501e-05
4.328000e+00 3.11697e-05
4.330000e+00 3.11892e-05
4.332000e+00 3.12087e-05
4.334000e+00 3.1228e-05
4.336000e+00 3.12472e-05
4.338000e+00 3.12664e-05
4.340000e+00 3.12855e-05
4.342000e+00 3.13045e-05
4.344000e+00 3.13235e-05
4.346000e+00 3.13423e-05
4.348000e+00 3.13611e-05
4.350000e+00 3.13798e-05
4.352000e+00 3.13984e-05
4.354000e+00 3.14169e-05
4.356000e+00 3.14353e-05
4.358000e+00 3.14537e-05
4.360000e+00 3.14719e-05
4.362000e+00 3.14901e-05
4.364000e+00 3.15083e-05
4.366000e+00 3.15263e-05
4.368000e+00 3.15442e-05
4.370000e+00 3.15621e-05
4.372000e+00 3.15799e-05
4.374000e+00 3.15976e-05
4.376000e+00 3.16152e-05
4.378000e+00 3.16328e-05
4.380000e+00 3.16502e-05
4.382000e+00 3.16676e-05
4.384000e+00 3.16849e-05
4.386000e+00 3.17021e-05
4.388000e+00 3.17193e-05
4.390000e+00 3.17363e-05
4.392000e+00 3.17533e-05
4.394000e+00 3.17702e-05
4.396000e+00 3.17871e-05
4.398000e+00 3.18038e-05
4.400000e+00 3.18205e-05
4.402000e+00 3.1837e-05
4.404000e+00 3.18535e-05
4.406000e+00 3.18699e-05
4.408000e+00 3.18863e-05
4.410000e+00 3.19025e-05
4.412000e+00 3.19187e-05
4.414000e+00 3.19348e-05
4.416000e+00 3.19508e-05
4.418000e+00 3.19668e-05
4.420000e+00 3.19826e-05
4.422000e+00 3.19984e-05
4.424000e+00 3.20141e-05
4.426000e+00 3.20297e-05
4.428000e+00 3.20452e-05
4.430000e+00 3.20607e-05
4.432000e+00 3.20761e-05
4.434000e+00 3.20914e-05
4.436000e+00 3.21066e-05
4.438000e+00 3.21217e-05
4.440000e+00 3.21368e-05
4.442000e+00 3.21518e-05
4.444000e+00 3.21667e-05
4.446000e+00 3.21815e-05
4.448000e+00 3.21962e-05
4.450000e+00 3.22109e-05
4.452000e+00 3.22255e-05
4.454000e+00 3.224e-05
4.456000e+00 3.22544e-05
4.458000e+00 3.22687e-05
4.460000e+00 3.2283e-05
4.462000e+00 3.22972e-05
4.464000e+00 3.23113e-05
4.466000e+00 3.23253e-05
4.468000e+00 3.23393e-05
4.470000e+00 3.23531e-05
4.472000e+00 3.23669e-05
4.474000e+00 3.23806e-05
4.476000e+00 3.23943e-05
4.478000e+00 3.24078e-05
4.480000e+00 3.24213e-05
4.482000e+00 3.24347e-05
4.484000e+00 3.2448e-05
4.486000e+00 3.24612e-05
4.488000e+00 3.24744e-05
4.490000e+00 3.24875e-05
4.492000e+00 3.25005e-05
4.494000e+00 3.25134e-05
4.496000e+00 3.25262e-05
4.498000e+00 3.2539e-05
4.500000e+00 3.25517e-05
4.502000e+00 3.25643e-05
4.504000e+00 3.25768e-05
4.506000e+00 3.25893e-05
4.508000e+00 3.26017e-05
4.510000e+00 3.26139e-05
4.512000e+00 3.26262e-05
4.514000e+00 3.26383e-05
4.516000e+00 3.26504e-05
4.518000e+00 3.26623e-05
4.520000e+00 3.26743e-05
4.522000e+00 3.26861e-05
4.524000e+00 3.26978e-05
4.526000e+00 3.27095e-05
4.528000e+00 3.27211e-05
4.530000e+00 3.27326e-05
4.532000e+00 3.2744e-05
4.534000e+00 3.27554e-05
4.536000e+00 3.27667e-05
4.538000e+00 3.27779e-05
4.540000e+00 3.2789e-05
4.542000e+00 3.28e-05
4.544000e+00 3.2811e-05
4.546000e+00 3.28219e-05
4.548000e+00 3.28327e-05
4.550000e+00 3.28434e-05
4.552000e+00 3.28541e-05
4.554000e+00 3.28647e-05
4.556000e+00 3.28752e-05
4.558000e+00 3.28856e-05
4.560000e+00 3.2896e-05
4.562000e+00 3.29062e-05
4.564000e+00 3.29164e-05
4.566000e+00 3.29265e-05
4.568000e+00 3.29366e-05
4.570000e+00 3.29465e-05
4.572000e+00 3.29564e-05
4.574000e+00 3.29662e-05
4.576000e+00 3.29759e-05
4.578000e+00 3.29856e-05
4.580000e+00 3.29952e-05
4.582000e+00 3.30047e-05
4.584000e+00 3.30141e-05
4.586000e+00 3.30234e-05
4.588000e+00 3.30327e-05
4.590000e+00 3.30419e-05
4.592000e+00 3.3051e-05
4.594000e+00 3.306e-05
4.596000e+00 3.3069e-05
4.598000e+00 3.30778e-05
4.600000e+00 3.30866e-05
4.602000e+00 3.30954e-05
4.604000e+00 3.3104e-05
4.606000e+00 3.31126e-05
4.608000e+00 3.31211e-05
4.610000e+00 3.31295e-05
4.612000e+00 3.31378e-05
4.614000e+00 3.31461e-05
4.616000e+00 3.31543e-05
4.618000e+00 3.31624e-05
4.620000e+00 3.31704e-05
4.622000e+00 3.31784e-05
4.624000e+00 3.31862e-05
4.626000e+00 3.3194e-05
4.628000e+00 3.32018e-05
4.630000e+00 3.32094e-05
4.632000e+00 3.3217e-05
4.634000e+00 3.32245e-05
4.636000e+00 3.32319e-05
4.638000e+00 3.32392e-05
4.640000e+00 3.32465e-05
4.642000e+00 3.32537e-05
4.644000e+00 3.32608e-05
4.646000e+00 3.32678e-05
4.648000e+00 3.32748e-05
4.650000e+00 3.32816e-05
4.652000e+00 3.32885e-05
4.654000e+00 3.32952e-05
4.656000e+00 3.33018e-05
4.658000e+00 3.33084e-05
4.660000e+00 3.33149e-05
4.662000e+00 3.33213e-05
4.664000e+00 3.33277e-05
4.666000e+00 3.33339e-05
4.668000e+00 3.33401e-05
4.670000e+00 3.33462e-05
4.672000e+00 3.33523e-05
4.674000e+00 3.33582e-05
4.676000e+00 3.33641e-05
4.678000e+00 3.33699e-05
4.680000e+00 3.33757e-05
4.682000e+00 3.33813e-05
4.684000e+00 3.33869e-05
4.686000e+00 3.33924e-05
4.688000e+00 3.33978e-05
4.690000e+00 3.34032e-05
4.692000e+00 3.34085e-05
4.694000e+00 3.34137e-05
4.696000e+00 3.34188e-05
4.698000e+00 3.34238e-05
4.700000e+00 3.34288e-05
4.702000e+00 3.34337e-05
4.704000e+00 3.34385e-05
4.706000e+00 3.34433e-05
4.708000e+00 3.34479e-05
4.710000e+00 3.34525e-05
4.712000e+00 3.3457e-05
4.714000e+00 3.34615e-05
4.716000e+00 3.34658e-05
4.718000e+00 3.34701e-05
4.720000e+00 3.34743e-05
4.722000e+00 3.34785e-05
4.724000e+00 3.34825e-05
4.726000e+00 3.34865e-05
4.728000e+00 3.34904e-05
4.730000e+00 3.34942e-05
4.732000e+00 3.3498e-05
4.734000e+00 3.35017e-05
4.736000e+00 3.35053e-05
4.738000e+00 3.35088e-05
4.740000e+00 3.35123e-05
4.742000e+00 3.35156e-05
4.744000e+00 3.35189e-05
4.746000e+00 3.35222e-05
4.748000e+00 3.35253e-05
4.750000e+00 3.35284e-05
4.752000e+00 3.35314e-05
4.754000e+00 3.35343e-05
4.756000e+00 3.35371e-05
4.758000e+00 3.35399e-05
4.760000e+00 3.35426e-05
4.762000e+00 3.35452e-05
4.764000e+00 3.35477e-05
4.766000e+00 3.35502e-05
4.768000e+00 3.35526e-05
4.770000e+00 3.35549e-05
4.772000e+00 3.35571e-05
4.774000e+00 3.35593e-05
4.776000e+00 3.35614e-05
4.778000e+00 3.35634e-05
4.780000e+00 3.35653e-05
4.782000e+00 3.35672e-05
4.784000e+00 3.3569e-05
4.786000e+00 3.35707e-05
4.788000e+00 3.35723e-05
4.790000e+00 3.35738e-05
4.792000e+00 3.35753e-05
4.794000e+00 3.35767e-05
4.796000e+00 3.3578e-05
4.798000e+00 3.35793e-05
4.800000e+00 3.35805e-05
4.802000e+00 3.35816e-05
4.804000e+00 3.35826e-05
4.806000e+00 3.35835e-05
4.808000e+00 3.35844e-05
4.810000e+00 3.35852e-05
4.812000e+00 3.35859e-05
4.814000e+00 3.35866e-05
4.816000e+00 3.35871e-05
4.818000e+00 3.35876e-05
4.820000e+00 3.35881e-05
4.822000e+00 3.35884e-05
4.824000e+00 3.35887e-05
4.826000e+00 3.35888e-05
4.828000e+00 3.3589e-05
4.830000e+00 3.3589e-05
4.832000e+00 3.3589e-05
4.834000e+00 3.35888e-05
4.836000e+00 3.35887e-05
4.838000e+00 3.35884e-05
4.840000e+00 3.35881e-05
4.842000e+00 3.35876e-05
4.844000e+00 3.35871e-05
4.846000e+00 3.35866e-05
4.848000e+00 3.35859e-05
4.850000e+00 3.35852e-05
4.852000e+00 3.35844e-05
4.854000e+00 3.35836e-05
4.856000e+00 3.35826e-05
4.858000e+00 3.35816e-05
4.860000e+00 3.35805e-05
4.862000e+00 3.35793e-05
4.864000e+00 3.3578e-05
4.866000e+00 3.35767e-05
4.868000e+00 3.35753e-05
4.870000e+00 3.35739e-05
4.872000e+00 3.35723e-05
4.874000e+00 3.35707e-05
4.876000e+00 3.3569e-05
4.878000e+00 3.35672e-05
4.880000e+00 3.35653e-05
4.882000e+00 3.35634e-05
4.884000e+00 3.35614e-05
4.886000e+00 3.35593e-05
4.888000e+00 3.35572e-05
4.890000e+00 3.35549e-05
4.892000e+00 3.35526e-05
4.894000e+00 3.35502e-05
4.896000e+00 3.35478e-05
4.898000e+00 3.35452e-05
4.900000e+00 3.35426e-05
4.902000e+00 3.35399e-05
4.904000e+00 3.35371e-05
4.906000e+00 3.35343e-05
4.908000e+00 3.35314e-05
4.910000e+00 3.35284e-05
4.912000e+00 3.35253e-05
4.914000e+00 3.35222e-05
4.916000e+00 3.35189e-05
4.918000e+00 3.35157e-05
4.920000e+00 3.35123e-05
4.922000e+00 3.35088e-05
4.924000e+00 3.35053e-05
4.926000e+00 3.35017e-05
4.928000e+00 3.3498e-05
4.930000e+00 3.34943e-05
4.932000e+00 3.34905e-05
4.934000e+00 3.34865e-05
4.936000e+00 3.34826e-05
4.938000e+00 3.34785e-05
4.940000e+00 3.34744e-05
4.942000e+00 3.34702e-05
4.944000e+00 3.34659e-05
4.946000e+00 3.34615e-05
4.948000e+00 3.34571e-05
4.950000e+00 3.34526e-05
4.952000e+00 3.3448e-05
4.954000e+00 3.34433e-05
4.956000e+00 3.34386e-05
4.958000e+00 3.34338e-05
4.960000e+00 3.34289e-05
4.962000e+00 3.34239e-05
4.964000e+00 3.34188e-05
4.966000e+00 3.34137e-05
4.968000e+00 3.34085e-05
4.970000e+00 3.34032e-05
4.972000e+00 3.33979e-05
4.974000e+00 3.33925e-05
4.976000e+00 3.3387e-05
4.978000e+00 3.33814e-05
4.980000e+00 3.33757e-05
4.982000e+00 3.337e-05
4.984000e+00 3.33642e-05
4.986000e+00 3.33583e-05
4.988000e+00 3.33523e-05
4.990000e+00 3.33463e-05
4.992000e+00 3.33402e-05
4.994000e+00 3.3334e-05
4.996000e+00 3.33277e-05
4.998000e+00 3.33214e-05
5.000000e+00 3.33149e-05
5.002000e+00 3.33085e-05
5.004000e+00 3.33019e-05
5.006000e+00 3.32952e-05
5.008000e+00 3.32885e-05
5.010000e+00 3.32817e-05
5.012000e+00 3.32748e-05
5.014000e+00 3.32679e-05
5.016000e+00 3.32608e-05
5.018000e+00 3.32537e-05
5.020000e+00 3.32465e-05
5.022000e+00 3.32393e-05
5.024000e+00 3.32319e-05
5.026000e+00 3.32245e-05
5.028000e+00 3.3217e-05
5.030000e+00 3.32095e-05
5.032000e+00 3.32018e-05
5.034000e+00 3.31941e-05
5.036000e+00 3.31863e-05
5.038000e+00 3.31784e-05
5.040000e+00 3.31705e-05
5.042000e+00 3.31624e-05
5.044000e+00 3.31543e-05
5.046000e+00 3.31462e-05
5.048000e+00 3.31379e-05
5.050000e+00 3.31296e-05
5.052000e+00 3.31211e-05
5.054000e+00 3.31126e-05
5.056000e+00 3.31041e-05
5.058000e+00 3.30954e-05
5.060000e+00 3.30867e-05
5.062000e+00 3.30779e-05
5.064000e+00 3.3069e-05
5.066000e+00 3.30601e-05
5.068000e+00 3.30511e-05
5.070000e+00 3.30419e-05
5.072000e+00 3.30328e-05
5.074000e+00 3.30235e-05
5.076000e+00 3.30142e-05
5.078000e+00 3.30047e-05
5.080000e+00 3.29952e-05
5.082000e+00 3.29857e-05
5.084000e+00 3.2976e-05
5.086000e+00 3.29663e-05
5.088000e+00 3.29565e-05
5.090000e+00 3.29466e-05
5.092000e+00 3.29367e-05
5.094000e+00 3.29266e-05
5.096000e+00 3.29165e-05
5.098000e+00 3.29063e-05
5.100000e+00 3.28961e-05
5.102000e+00 3.28857e-05
5.104000e+00 3.28753e-05
5.106000e+00 3.28648e-05
5.108000e+00 3.28542e-05
5.110000e+00 3.28435e-05
5.112000e+00 3.28328e-05
5.114000e+00 3.2822e-05
5.116000e+00 3.28111e-05
5.118000e+00 3.28001e-05
5.120000e+00 3.27891e-05
5.122000e+00 3.2778e-05
5.124000e+00 3.27668e-05
5.126000e+00 3.27555e-05
5.128000e+00 3.27441e-05
5.130000e+00 3.27327e-05
5.132000e+00 3.27212e-05
5.134000e+00 3.27096e-05
5.136000e+00 3.26979e-05
5.138000e+00 3.26862e-05
5.140000e+00 3.26744e-05
5.142000e+00 3.26625e-05
5.144000e+00 3.26505e-05
5.146000e+00 3.26384e-05
5.148000e+00 3.26263e-05
5.150000e+00 3.26141e-05
5.152000e+00 3.26018e-05
5.154000e+00 3.25894e-05
5.156000e+00 3.25769e-05
5.158000e+00 3.25644e-05
5.160000e+00 3.25518e-05
5.162000e+00 3.25391e-05
5.164000e+00 3.25264e-05
5.166000e+00 3.25135e-05
5.168000e+00 3.25006e-05
5.170000e+00 3.24876e-05
5.172000e+00 3.24745e-05
5.174000e+00 3.24614e-05
5.176000e+00 3.24481e-05
5.178000e+00 3.24348e-05
5.180000e+00 3.24214e-05
5.182000e+00 3.24079e-05
5.184000e+00 3.23944e-05
5.186000e+00 3.23808e-05
5.188000e+00 3.2367e-05
5.190000e+00 3.23533e-05
5.192000e+00 3.23394e-05
5.194000e+00 3.23254e-05
5.196000e+00 3.23114e-05
5.198000e+00 3.22973e-05
5.200000e+00 3.22831e-05
5.202000e+00 3.22689e-05
5.204000e+00 3.22545e-05
5.206000e+00 3.22401e-05
5.208000e+00 3.22256e-05
5.210000e+00 3.2211e-05
5.212000e+00 3.21963e-05
5.214000e+00 3.21816e-05
5.216000e+00 3.21668e-05
5.218000e+00 3.21519e-05
5.220000e+00 3.21369e-05
5.222000e+00 3.21219e-05
5.224000e+00 3.21067e-05
5.226000e+00 3.20915e-05
5.228000e+00 3.20762e-05
5.230000e+00 3.20608e-05
5.232000e+00 3.20454e-05
5.234000e+00 3.20298e-05
5.236000e+00 3.20142e-05
5.238000e+00 3.19985e-05
5.240000e+00 3.19828e-05
5.242000e+00 3.19669e-05
5.244000e+00 3.1951e-05
5.246000e+00 3.1935e-05
5.248000e+00 3.19189e-05
5.250000e+00 3.19027e-05
5.252000e+00 3.18864e-05
5.254000e+00 3.18701e-05
5.256000e+00 3.18537e-05
5.258000e+00 3.18372e-05
5.260000e+00 3.18206e-05
5.262000e+00 3.18039e-05
5.264000e+00 3.17872e-05
5.266000e+00 3.17704e-05
5.268000e+00 3.17535e-05
5.270000e+00 3.17365e-05
5.272000e+00 3.17195e-05
5.274000e+00 3.17023e-05
5.276000e+00 3.16851e-05
5.278000e+00 3.16678e-05
5.280000e+00 3.16504e-05
5.282000e+00 3.16329e-05
5.284000e+00 3.16154e-05
5.286000e+00 3.15978e-05
5.288000e+00 3.15801e-05
5.290000e+00 3.15623e-05
5.292000e+00 3.15444e-05
5.294000e+00 3.15265e-05
5.296000e+00 3.15084e-05
5.298000e+00 3.14903e-05
5.300000e+00 3.14721e-05
5.302000e+00 3.14538e-05
5.304000e+00 3.14355e-05
5.306000e+00 3.1417e-05
5.308000e+00 3.13985e-05
5.310000e+00 3.13799e-05
5.312000e+00 3.13612e-05
5.314000e+00 3.13425e-05
5.316000e+00 3.13236e-05
5.318000e+00 3.13047e-05
5.320000e+00 3.12857e-05
5.322000e+00 3.12666e-05
5.324000e+00 3.12474e-05
5.326000e+00 3.12282e-05
5.328000e+00 3.12088e-05
5.330000e+00 3.11894e-05
5.332000e+00 3.11699e-05
5.334000e+00 3.11503e-05
5.336000e+00 3.11307e-05
5.338000e+00 3.11109e-05
5.340000e+00 3.10911e-05
5.342000e+00 3.10711e-05
5.344000e+00 3.10512e-05
5.346000e+00 3.10311e-05
5.348000e+00 3.10109e-05
5.350000e+00 3.09907e-05
5.352000e+00 3.09704e-05
5.354000e+00 3.09499e-05
5.356000e+00 3.09294e-05
5.358000e+00 3.09089e-05
5.360000e+00 3.08882e-05
5.362000e+00 3.08675e-05
5.364000e+00 3.08467e-05
5.366000e+00 3.08258e-05
5.368000e+00 3.08048e-05
5.370000e+00 3.07837e-05
5.372000e+00 3.07625e-05
5.374000e+00 3.07413e-05
5.376000e+00 3.072e-05
5.378000e+00 3.06986e-05
5.380000e+00 3.06771e-05
5.382000e+00 3.06555e-05
5.384000e+00 3.06338e-05
5.386000e+00 3.06121e-05
5.388000e+00 3.05903e-05
5.390000e+00 3.05684e-05
5.392000e+00 3.05464e-05
5.394000e+00 3.05243e-05
5.396000e+00 3.05022e-05
5.398000e+00 3.04799e-05
5.400000e+00 3.04576e-05
5.402000e+00 3.04352e-05
5.404000e+00 3.04127e-05
5.406000e+00 3.03901e-05
5.408000e+00 3.03674e-05
5.410000e+00 3.03447e-05
5.412000e+00 3.03218e-05
5.414000e+00 3.02989e-05
5.416000e+00 3.02759e-05
5.418000e+00 3.02528e-05
5.420000e+00 3.02297e-05
5.422000e+00 3.02064e-05
5.424000e+00 3.01831e-05
5.426000e+00 3.01597e-05
5.428000e+00 3.01361e-05
5.430000e+00 3.01125e-05
5.432000e+00 3.00889e-05
5.434000e+00 3.00651e-05
5.436000e+00 3.00413e-05
5.438000e+00 3.00173e-05
5.440000e+00 2.99933e-05
5.442000e+00 2.99692e-05
5.444000e+00 2.9945e-05
5.446000e+00 2.99207e-05
5.448000e+00 2.98964e-05
5.450000e+00 2.98719e-05
5.452000e+00 2.98474e-05
5.454000e+00 2.98228e-05
5.456000e+00 2.97981e-05
5.458000e+00 2.97733e-05
5.460000e+00 2.97484e-05
5.462000e+00 2.97234e-05
5.464000e+00 2.96984e-05
5.466000e+00 2.96732e-05
5.468000e+00 2.9648e-05
5.470000e+00 2.96227e-05
5.472000e+00 2.95973e-05
5.474000e+00 2.95718e-05
5.476000e+00 2.95463e-05
5.478000e+00 2.95206e-05
5.480000e+00 2.94949e-05
5.482000e+00 2.9469e-05
5.484000e+00 2.94431e-05
5.486000e+00 2.94171e-05
5.488000e+00 2.9391e-05
5.490000e+00 2.93649e-05
5.492000e+00 2.93386e-05
5.494000e+00 2.93123e-05
5.496000e+00 2.92858e-05
5.498000e+00 2.92593e-05
5.500000e+00 2.92327e-05
5.502000e+00 2.9206e-05
5.504000e+00 2.91792e-05
5.506000e+00 2.91523e-05
5.508000e+00 2.91254e-05
5.510000e+00 2.90983e-05
5.512000e+00 2.90712e-05
5.514000e+00 2.9044e-05
5.516000e+00 2.90167e-05
5.518000e+00 2.89893e-05
5.520000e+00 2.89618e-05
5.522000e+00 2.89342e-05
5.524000e+00 2.89065e-05
5.526000e+00 2.88788e-05
5.528000e+00 2.88509e-05
5.530000e+00 2.8823e-05
5.532000e+00 2.8795e-05
5.534000e+00 2.87669e-05
5.536000e+00 2.87387e-05
5.538000e+00 2.87104e-05
5.540000e+00 2.86821e-05
5.542000e+00 2.86536e-05
5.544000e+00 2.8625e-05
5.546000e+00 2.85964e-05
5.548000e+00 2.85677e-05
5.550000e+00 2.85389e-05
5.552000e+00 2.851e-05
5.554000e+00 2.8481e-05
5.556000e+00 2.84519e-05
5.558000e+00 2.84227e-05
5.560000e+00 2.83934e-05
5.562000e+00 2.83641e-05
5.564000e+00 2.83347e-05
5.566000e+00 2.83051e-05
5.568000e+00 2.82755e-05
5.570000e+00 2.82458e-05
5.572000e+00 2.8216e-05
5.574000e+00 2.81861e-05
5.576000e+00 2.81561e-05
5.578000e+00 2.8126e-05
5.580000e+00 2.80959e-05
5.582000e+00 2.80656e-05
5.584000e+00 2.80353e-05
5.586000e+00 2.80049e-05
5.588000e+00 2.79743e-05
5.590000e+00 2.79437e-05
5.592000e+00 2.7913e-05
5.594000e+00 2.78822e-05
5.596000e+00 2.78513e-05
5.598000e+00 2.78204e-05
5.600000e+00 2.77893e-05
5.602000e+00 2.77581e-05
5.604000e+00 2.77269e-05
5.606000e+00 2.76955e-05
5.608000e+00 2.76641e-05
5.610000e+00 2.76326e-05
5.612000e+00 2.7601e-05
5.614000e+00 2.75693e-05
5.616000e+00 2.75375e-05
5.618000e+00 2.75056e-05
5.620000e+00 2.74736e-05
5.622000e+00 2.74415e-05
5.624000e+00 2.74093e-05
5.626000e+00 2.73771e-05
5.628000e+00 2.73447e-05
5.630000e+00 2.73123e-05
5.632000e+00 2.72797e-05
5.634000e+00 2.72471e-05
5.636000e+00 2.72144e-05
5.638000e+00 2.71816e-05
5.640000e+00 2.71487e-05
5.642000e+00 2.71157e-05
5.644000e+00 2.70826e-05
5.646000e+00 2.70494e-05
5.648000e+00 2.70161e-05
5.650000e+00 2.69828e-05
5.652000e+00 2.69493e-05
5.654000e+00 2.69158e-05
5.656000e+00 2.68821e-05
5.658000e+00 2.68484e-05
5.660000e+00 2.68145e-05
5.662000e+00 2.67806e-05
5.664000e+00 2.67466e-05
5.666000e+00 2.67125e-05
5.668000e+00 2.66783e-05
5.670000e+00 2.6644e-05
5.672000e+00 2.66e-05
