# Starting up: N=10 dt=1.000000e-03 pad=2.000000e+00 L=1.000000e+00
time	PV	NkT	PV/NkT	Energy
1.000000e+00 0.000000e+00 5.437724e-01 0.000000e+00 0.000000e+00
2.001000e+00 1.089810e+00 5.376996e-01 2.026801e+00 0.000000e+00
3.002000e+00 6.975178e-01 5.338083e-01 1.306682e+00 0.000000e+00
4.003000e+00 3.610132e-01 5.288437e-01 6.826464e-01 0.000000e+00
5.003000e+00 6.065890e-01 5.283154e-01 1.148157e+00 0.000000e+00
6.003000e+00 1.862005e-01 5.285950e-01 3.522556e-01 0.000000e+00
7.003000e+00 8.986282e-01 5.283337e-01 1.700872e+00 0.000000e+00
8.003000e+00 5.176772e-01 5.283337e-01 9.798300e-01 0.000000e+00
9.004000e+00 4.400153e-01 5.288621e-01 8.320040e-01 0.000000e+00
1.000500e+01 6.443242e-01 5.288621e-01 1.218322e+00 0.000000e+00
1.100600e+01 1.655177e-01 5.288621e-01 3.129696e-01 0.000000e+00
1.200700e+01 7.594397e-01 5.288621e-01 1.435988e+00 0.000000e+00
1.300800e+01 6.197625e-01 5.288621e-01 1.171879e+00 0.000000e+00
1.400900e+01 4.257572e-01 5.288502e-01 8.050620e-01 0.000000e+00
1.501000e+01 6.217146e-01 5.288423e-01 1.175614e+00 0.000000e+00
1.601100e+01 4.962608e-01 5.288423e-01 9.383910e-01 0.000000e+00
1.701100e+01 2.916483e-01 5.283140e-01 5.520359e-01 0.000000e+00
1.801100e+01 8.822109e-01 5.283140e-01 1.669861e+00 0.000000e+00
1.901100e+01 2.439853e-01 5.283140e-01 4.618187e-01 0.000000e+00
2.001100e+01 6.038320e-01 5.283140e-01 1.142942e+00 0.000000e+00
2.101100e+01 6.007365e-01 5.283140e-01 1.137082e+00 0.000000e+00
2.201100e+01 4.036999e-01 5.283140e-01 7.641288e-01 0.000000e+00
2.301100e+01 7.201844e-01 5.283140e-01 1.363175e+00 0.000000e+00
2.401100e+01 2.759575e-01 5.283140e-01 5.223362e-01 0.000000e+00
2.501100e+01 8.381209e-01 5.283140e-01 1.586407e+00 0.000000e+00
2.601100e+01 4.040997e-01 5.283140e-01 7.648855e-01 0.000000e+00
2.701100e+01 5.206327e-01 5.284930e-01 9.851271e-01 0.000000e+00
2.801100e+01 4.624562e-01 5.282859e-01 8.753899e-01 0.000000e+00
2.901100e+01 4.587090e-01 5.282859e-01 8.682968e-01 0.000000e+00
3.001100e+01 7.204763e-01 5.282859e-01 1.363800e+00 0.000000e+00
3.101100e+01 4.646266e-01 5.282859e-01 8.794983e-01 0.000000e+00
3.201100e+01 5.252697e-01 5.282859e-01 9.942905e-01 0.000000e+00
3.301200e+01 5.585525e-01 5.288142e-01 1.056236e+00 0.000000e+00
3.401300e+01 5.661148e-01 5.288142e-01 1.070536e+00 0.000000e+00
3.501400e+01 3.865191e-01 5.288142e-01 7.309166e-01 0.000000e+00
3.601500e+01 6.620618e-01 5.294879e-01 1.250381e+00 0.000000e+00
3.701600e+01 4.741237e-01 5.288137e-01 8.965798e-01 0.000000e+00
3.801700e+01 6.317540e-01 5.288137e-01 1.194663e+00 0.000000e+00
3.901800e+01 3.285622e-01 5.288137e-01 6.213194e-01 0.000000e+00
4.001900e+01 6.599114e-01 5.288137e-01 1.247909e+00 0.000000e+00
4.102000e+01 5.502242e-01 5.288137e-01 1.040488e+00 0.000000e+00
4.202100e+01 1.971055e-01 5.288137e-01 3.727314e-01 0.000000e+00
4.302200e+01 9.713087e-01 5.288137e-01 1.836769e+00 0.000000e+00
4.402300e+01 3.755213e-01 5.291730e-01 7.096380e-01 0.000000e+00
4.502400e+01 3.624809e-01 5.287922e-01 6.854884e-01 0.000000e+00
4.602500e+01 6.663871e-01 5.287922e-01 1.260206e+00 0.000000e+00
4.702600e+01 5.170424e-01 5.287922e-01 9.777800e-01 0.000000e+00
4.802700e+01 7.106369e-01 5.287922e-01 1.343887e+00 0.000000e+00
4.902800e+01 2.469753e-01 5.287922e-01 4.670555e-01 0.000000e+00
5.002900e+01 6.559175e-01 5.287922e-01 1.240407e+00 0.000000e+00
5.103000e+01 5.298172e-01 5.287922e-01 1.001939e+00 0.000000e+00
5.203100e+01 4.916552e-01 5.287922e-01 9.297702e-01 0.000000e+00
5.303200e+01 4.299612e-01 5.287922e-01 8.131005e-01 0.000000e+00
5.403300e+01 8.460307e-01 5.287922e-01 1.599930e+00 0.000000e+00
5.503400e+01 3.394221e-01 5.287922e-01 6.418819e-01 0.000000e+00
5.603500e+01 3.114576e-01 5.287922e-01 5.889982e-01 0.000000e+00
5.703600e+01 8.376726e-01 5.287922e-01 1.584124e+00 0.000000e+00
5.803700e+01 4.656492e-01 5.287922e-01 8.805901e-01 0.000000e+00
5.903800e+01 3.108186e-01 5.287922e-01 5.877897e-01 0.000000e+00
6.003900e+01 6.378902e-01 5.287922e-01 1.206316e+00 0.000000e+00
6.104000e+01 6.604406e-01 5.287922e-01 1.248961e+00 0.000000e+00
6.204100e+01 4.713216e-01 5.287922e-01 8.913174e-01 0.000000e+00
6.304200e+01 6.123497e-01 5.287922e-01 1.158016e+00 0.000000e+00
6.404300e+01 2.899052e-01 5.287922e-01 5.482404e-01 0.000000e+00
6.504300e+01 6.801524e-01 5.282639e-01 1.287524e+00 0.000000e+00
6.604300e+01 5.125835e-01 5.282639e-01 9.703171e-01 0.000000e+00
6.704300e+01 6.673638e-01 5.282639e-01 1.263315e+00 0.000000e+00
6.804300e+01 5.781386e-01 5.282639e-01 1.094413e+00 0.000000e+00
6.904300e+01 1.984194e-01 5.282639e-01 3.756066e-01 0.000000e+00
7.004300e+01 5.685427e-01 5.282639e-01 1.076248e+00 0.000000e+00
7.104300e+01 7.208197e-01 5.282639e-01 1.364507e+00 0.000000e+00
7.204300e+01 3.395622e-01 5.282639e-01 6.427889e-01 0.000000e+00
7.304300e+01 6.794378e-01 5.283093e-01 1.286061e+00 0.000000e+00
7.404300e+01 6.140600e-01 5.282474e-01 1.162448e+00 0.000000e+00
7.504300e+01 5.727642e-01 5.282474e-01 1.084273e+00 0.000000e+00
7.604300e+01 5.547013e-01 5.282474e-01 1.050079e+00 0.000000e+00
7.704300e+01 2.740941e-01 5.282474e-01 5.188745e-01 0.000000e+00
7.804300e+01 6.056676e-01 5.282474e-01 1.146560e+00 0.000000e+00
7.904300e+01 4.203566e-01 5.282474e-01 7.957571e-01 0.000000e+00
8.004300e+01 5.566313e-01 5.282474e-01 1.053732e+00 0.000000e+00
8.104300e+01 6.681036e-01 5.282474e-01 1.264755e+00 0.000000e+00
8.204300e+01 2.242114e-01 5.282474e-01 4.244440e-01 0.000000e+00
8.304300e+01 8.927890e-01 5.282474e-01 1.690097e+00 0.000000e+00
8.404300e+01 4.539217e-01 5.282474e-01 8.592976e-01 0.000000e+00
8.504300e+01 7.084460e-01 5.282474e-01 1.341125e+00 0.000000e+00
8.604300e+01 2.782600e-01 5.283069e-01 5.267015e-01 0.000000e+00
8.704300e+01 2.371672e-01 5.282490e-01 4.489686e-01 0.000000e+00
8.804300e+01 9.426202e-01 5.282490e-01 1.784424e+00 0.000000e+00
8.904300e+01 2.465492e-01 5.282490e-01 4.667292e-01 0.000000e+00
9.004300e+01 7.894251e-01 5.282490e-01 1.494419e+00 0.000000e+00
9.104300e+01 5.553590e-01 5.282490e-01 1.051321e+00 0.000000e+00
9.204300e+01 2.822317e-01 5.282490e-01 5.342778e-01 0.000000e+00
9.304300e+01 5.705544e-01 5.282490e-01 1.080086e+00 0.000000e+00
9.404300e+01 6.839815e-01 5.282490e-01 1.294809e+00 0.000000e+00
9.504300e+01 5.205770e-01 5.282490e-01 9.854765e-01 0.000000e+00
9.604300e+01 3.027648e-01 5.282490e-01 5.731480e-01 0.000000e+00
9.704300e+01 7.834885e-01 5.282456e-01 1.483190e+00 0.000000e+00
9.804300e+01 6.018740e-01 5.282429e-01 1.139389e+00 0.000000e+00
9.904300e+01 2.967379e-01 5.282429e-01 5.617453e-01 0.000000e+00
1.000430e+02 4.715834e-01 5.282429e-01 8.927398e-01 0.000000e+00
1.010430e+02 7.661664e-01 5.282429e-01 1.450406e+00 0.000000e+00
1.020430e+02 4.722618e-01 5.282429e-01 8.940240e-01 0.000000e+00
1.030430e+02 3.093944e-01 5.282429e-01 5.857048e-01 0.000000e+00
1.040430e+02 3.432526e-01 5.282429e-01 6.498008e-01 0.000000e+00
1.050430e+02 1.051370e+00 5.282429e-01 1.990316e+00 0.000000e+00
1.060430e+02 4.904961e-01 5.282429e-01 9.285429e-01 0.000000e+00
1.070430e+02 3.791251e-01 5.282429e-01 7.177099e-01 0.000000e+00
1.080430e+02 6.823226e-01 5.282429e-01 1.291683e+00 0.000000e+00
1.090430e+02 3.498463e-01 5.282429e-01 6.622831e-01 0.000000e+00
1.100430e+02 6.268380e-01 5.282429e-01 1.186647e+00 0.000000e+00
1.110430e+02 4.926141e-01 5.282429e-01 9.325524e-01 0.000000e+00
1.120430e+02 3.050798e-01 5.282429e-01 5.775370e-01 0.000000e+00
1.130430e+02 7.059855e-01 5.282429e-01 1.336479e+00 0.000000e+00
1.140430e+02 3.900779e-01 5.282429e-01 7.384442e-01 0.000000e+00
1.150430e+02 9.925198e-01 5.282429e-01 1.878908e+00 0.000000e+00
1.160430e+02 9.134683e-02 5.282410e-01 1.729264e-01 0.000000e+00
1.170430e+02 5.806957e-01 5.282360e-01 1.099311e+00 0.000000e+00
1.180430e+02 5.597488e-01 5.282360e-01 1.059657e+00 0.000000e+00
1.190430e+02 5.675993e-01 5.282360e-01 1.074518e+00 0.000000e+00
1.200430e+02 5.577997e-01 5.282360e-01 1.055967e+00 0.000000e+00
1.210430e+02 6.404779e-01 5.282360e-01 1.212484e+00 0.000000e+00
1.220430e+02 2.055195e-01 5.284644e-01 3.888994e-01 0.000000e+00
1.230430e+02 7.208472e-01 5.282475e-01 1.364601e+00 0.000000e+00
1.240430e+02 5.299486e-01 5.282475e-01 1.003220e+00 0.000000e+00
1.250430e+02 3.992472e-01 5.282475e-01 7.557958e-01 0.000000e+00
1.260430e+02 8.638381e-01 5.282475e-01 1.635290e+00 0.000000e+00
1.270430e+02 1.670709e-01 5.282475e-01 3.162738e-01 0.000000e+00
1.280430e+02 7.598321e-01 5.282475e-01 1.438402e+00 0.000000e+00
1.290430e+02 3.584596e-01 5.282475e-01 6.785827e-01 0.000000e+00
1.300430e+02 2.940076e-01 5.282475e-01 5.565716e-01 0.000000e+00
1.310430e+02 9.999398e-01 5.282475e-01 1.892938e+00 0.000000e+00
1.320430e+02 3.224562e-01 5.282475e-01 6.104264e-01 0.000000e+00
1.330430e+02 4.489562e-01 5.282475e-01 8.498975e-01 0.000000e+00
1.340430e+02 7.523934e-01 5.282475e-01 1.424320e+00 0.000000e+00
1.350430e+02 3.218205e-01 5.282475e-01 6.092229e-01 0.000000e+00
1.360430e+02 7.444317e-01 5.282475e-01 1.409248e+00 0.000000e+00
1.370430e+02 2.758099e-01 5.282475e-01 5.221225e-01 0.000000e+00
1.380430e+02 7.805284e-01 5.282475e-01 1.477581e+00 0.000000e+00
1.390430e+02 4.028525e-01 5.282475e-01 7.626207e-01 0.000000e+00
1.400430e+02 3.555039e-01 5.282475e-01 6.729875e-01 0.000000e+00
1.410430e+02 5.680425e-01 5.282475e-01 1.075334e+00 0.000000e+00
1.420430e+02 7.593805e-01 5.282475e-01 1.437547e+00 0.000000e+00
1.430430e+02 5.122398e-01 5.282475e-01 9.696966e-01 0.000000e+00
1.440430e+02 3.254639e-01 5.282475e-01 6.161201e-01 0.000000e+00
1.450430e+02 7.379111e-01 5.282475e-01 1.396904e+00 0.000000e+00
1.460430e+02 3.020168e-01 5.282475e-01 5.717334e-01 0.000000e+00
1.470430e+02 5.620007e-01 5.282475e-01 1.063897e+00 0.000000e+00
1.480430e+02 7.075613e-01 5.282475e-01 1.339450e+00 0.000000e+00
1.490430e+02 6.843120e-01 5.282475e-01 1.295438e+00 0.000000e+00
1.500430e+02 4.143851e-01 5.282475e-01 7.844525e-01 0.000000e+00
1.510430e+02 4.377089e-01 5.282475e-01 8.286057e-01 0.000000e+00
1.520430e+02 3.055036e-01 5.282475e-01 5.783342e-01 0.000000e+00
1.530430e+02 5.645375e-01 5.282475e-01 1.068699e+00 0.000000e+00
1.540430e+02 7.545770e-01 5.282475e-01 1.428454e+00 0.000000e+00
1.550430e+02 4.067323e-01 5.282475e-01 7.699655e-01 0.000000e+00
1.560430e+02 7.546256e-01 5.282475e-01 1.428546e+00 0.000000e+00
1.570430e+02 2.238854e-01 5.282475e-01 4.238267e-01 0.000000e+00
1.580430e+02 6.566992e-01 5.282475e-01 1.243166e+00 0.000000e+00
1.590430e+02 5.372215e-01 5.282475e-01 1.016988e+00 0.000000e+00
1.600430e+02 5.599590e-01 5.282475e-01 1.060032e+00 0.000000e+00
1.610430e+02 5.244682e-01 5.282475e-01 9.928457e-01 0.000000e+00
1.620430e+02 2.347994e-01 5.282475e-01 4.444875e-01 0.000000e+00
1.630430e+02 6.457034e-01 5.282475e-01 1.222350e+00 0.000000e+00
1.640430e+02 6.701860e-01 5.282475e-01 1.268697e+00 0.000000e+00
1.650430e+02 6.865268e-01 5.282475e-01 1.299631e+00 0.000000e+00
1.660430e+02 2.914373e-01 5.282475e-01 5.517059e-01 0.000000e+00
1.670430e+02 8.740926e-01 5.282475e-01 1.654703e+00 0.000000e+00
1.680430e+02 2.122903e-01 5.282475e-01 4.018765e-01 0.000000e+00
1.690430e+02 3.256747e-01 5.282475e-01 6.165192e-01 0.000000e+00
1.700430e+02 5.974943e-01 5.282475e-01 1.131088e+00 0.000000e+00
1.710430e+02 8.458742e-01 5.282475e-01 1.601284e+00 0.000000e+00
1.720430e+02 5.749872e-01 5.282475e-01 1.088481e+00 0.000000e+00
1.730430e+02 2.305976e-01 5.282475e-01 4.365333e-01 0.000000e+00
1.740430e+02 6.265229e-01 5.282475e-01 1.186041e+00 0.000000e+00
1.750430e+02 4.878821e-01 5.282475e-01 9.235862e-01 0.000000e+00
1.760430e+02 6.494668e-01 5.282475e-01 1.229474e+00 0.000000e+00
1.770430e+02 3.993055e-01 5.282475e-01 7.559062e-01 0.000000e+00
1.780430e+02 5.246019e-01 5.285627e-01 9.925064e-01 0.000000e+00
1.790430e+02 8.053539e-01 5.282485e-01 1.524574e+00 0.000000e+00
1.800430e+02 3.154929e-01 5.282485e-01 5.972434e-01 0.000000e+00
1.810430e+02 6.540008e-01 5.282485e-01 1.238055e+00 0.000000e+00
1.820430e+02 4.442781e-01 5.282485e-01 8.410399e-01 0.000000e+00
1.830430e+02 4.073429e-01 5.282485e-01 7.711198e-01 0.000000e+00
1.840430e+02 6.294857e-01 5.286883e-01 1.190655e+00 0.000000e+00
1.850430e+02 4.356163e-01 5.282626e-01 8.246207e-01 0.000000e+00
1.860430e+02 5.929238e-01 5.282626e-01 1.122404e+00 0.000000e+00
1.870430e+02 4.478162e-01 5.282626e-01 8.477152e-01 0.000000e+00
1.880430e+02 5.350864e-01 5.282626e-01 1.012918e+00 0.000000e+00
1.890430e+02 8.078430e-01 5.282626e-01 1.529245e+00 0.000000e+00
1.900430e+02 3.353648e-01 5.282626e-01 6.348448e-01 0.000000e+00
1.910430e+02 2.305271e-01 5.282626e-01 4.363873e-01 0.000000e+00
1.920430e+02 7.023312e-01 5.282626e-01 1.329511e+00 0.000000e+00
1.930430e+02 6.103006e-01 5.282626e-01 1.155298e+00 0.000000e+00
1.940430e+02 6.421147e-01 5.282626e-01 1.215522e+00 0.000000e+00
1.950430e+02 3.781509e-01 5.282626e-01 7.158388e-01 0.000000e+00
1.960430e+02 5.172568e-01 5.282626e-01 9.791660e-01 0.000000e+00
1.970430e+02 7.009259e-01 5.282626e-01 1.326851e+00 0.000000e+00
1.980430e+02 3.335930e-01 5.282626e-01 6.314908e-01 0.000000e+00
1.990430e+02 6.308418e-01 5.282626e-01 1.194182e+00 0.000000e+00
2.000430e+02 4.360666e-01 5.282626e-01 8.254732e-01 0.000000e+00
2.010430e+02 7.931723e-01 5.282626e-01 1.501474e+00 0.000000e+00
2.020430e+02 3.787127e-01 5.282626e-01 7.169023e-01 0.000000e+00
2.030430e+02 2.459670e-01 5.282626e-01 4.656150e-01 0.000000e+00
2.040430e+02 8.367952e-01 5.282626e-01 1.584052e+00 0.000000e+00
2.050430e+02 3.970466e-01 5.282664e-01 7.516030e-01 0.000000e+00
2.060430e+02 6.446605e-01 5.286569e-01 1.219431e+00 0.000000e+00
2.070430e+02 5.887233e-01 5.282666e-01 1.114444e+00 0.000000e+00
2.080430e+02 4.731738e-01 5.282666e-01 8.957102e-01 0.000000e+00
2.090430e+02 5.031192e-01 5.282666e-01 9.523963e-01 0.000000e+00
2.100430e+02 4.771303e-01 5.282666e-01 9.031998e-01 0.000000e+00
2.110430e+02 6.986399e-01 5.282666e-01 1.322514e+00 0.000000e+00
2.120430e+02 2.775836e-01 5.282445e-01 5.254831e-01 0.000000e+00
2.130430e+02 5.207399e-01 5.282980e-01 9.856934e-01 0.000000e+00
2.140430e+02 6.345403e-01 5.282980e-01 1.201103e+00 0.000000e+00
2.150430e+02 4.661448e-01 5.282980e-01 8.823519e-01 0.000000e+00
2.160430e+02 6.345847e-01 5.282980e-01 1.201187e+00 0.000000e+00
2.170430e+02 4.183979e-01 5.282980e-01 7.919733e-01 0.000000e+00
2.180430e+02 7.672025e-01 5.282980e-01 1.452215e+00 0.000000e+00
2.190430e+02 4.098217e-01 5.282980e-01 7.757397e-01 0.000000e+00
2.200430e+02 4.768496e-01 5.282980e-01 9.026147e-01 0.000000e+00
2.210430e+02 3.844635e-01 5.282980e-01 7.277398e-01 0.000000e+00
2.220430e+02 6.493705e-01 5.282980e-01 1.229175e+00 0.000000e+00
2.230430e+02 6.251656e-01 5.282980e-01 1.183358e+00 0.000000e+00
2.240430e+02 5.012334e-01 5.282980e-01 9.487702e-01 0.000000e+00
2.250430e+02 4.305660e-01 5.282980e-01 8.150059e-01 0.000000e+00
2.260430e+02 5.193380e-01 5.282980e-01 9.830399e-01 0.000000e+00
2.270430e+02 5.272331e-01 5.282980e-01 9.979843e-01 0.000000e+00
2.280430e+02 6.397860e-01 5.282980e-01 1.211032e+00 0.000000e+00
2.290430e+02 3.932485e-01 5.282980e-01 7.443687e-01 0.000000e+00
2.300430e+02 6.274769e-01 5.282980e-01 1.187733e+00 0.000000e+00
2.310430e+02 6.023072e-01 5.282980e-01 1.140090e+00 0.000000e+00
2.320430e+02 4.929120e-01 5.282980e-01 9.330189e-01 0.000000e+00
2.330430e+02 2.138698e-01 5.282980e-01 4.048279e-01 0.000000e+00
2.340430e+02 9.609347e-01 5.282980e-01 1.818926e+00 0.000000e+00
2.350430e+02 3.863525e-01 5.282980e-01 7.313154e-01 0.000000e+00
2.360430e+02 4.607875e-01 5.282980e-01 8.722113e-01 0.000000e+00
2.370430e+02 8.352644e-01 5.282980e-01 1.581048e+00 0.000000e+00
2.380430e+02 8.889218e-02 5.283132e-01 1.682566e-01 0.000000e+00
2.390430e+02 5.527069e-01 5.282989e-01 1.046201e+00 0.000000e+00
2.400430e+02 6.862465e-01 5.282989e-01 1.298974e+00 0.000000e+00
2.410430e+02 3.518490e-01 5.282989e-01 6.660037e-01 0.000000e+00
2.420430e+02 1.042002e+00 5.282989e-01 1.972372e+00 0.000000e+00
2.430430e+02 2.476998e-01 5.282989e-01 4.688631e-01 0.000000e+00
2.440430e+02 3.306482e-01 5.283991e-01 6.257547e-01 0.000000e+00
2.450430e+02 6.622216e-01 5.284179e-01 1.253216e+00 0.000000e+00
2.460430e+02 4.593430e-01 5.283029e-01 8.694690e-01 0.000000e+00
2.470430e+02 7.782888e-01 5.283029e-01 1.473187e+00 0.000000e+00
2.480430e+02 3.875466e-01 5.283029e-01 7.335690e-01 0.000000e+00
2.490430e+02 3.222217e-01 5.283029e-01 6.099185e-01 0.000000e+00
2.500430e+02 6.010223e-01 5.283029e-01 1.137647e+00 0.000000e+00
2.510430e+02 6.067730e-01 5.283029e-01 1.148532e+00 0.000000e+00
2.520430e+02 5.982646e-01 5.283029e-01 1.132427e+00 0.000000e+00
2.530430e+02 5.536144e-01 5.283029e-01 1.047911e+00 0.000000e+00
2.540430e+02 2.360906e-01 5.283029e-01 4.468849e-01 0.000000e+00
2.550430e+02 8.803847e-01 5.290003e-01 1.664242e+00 0.000000e+00
2.560430e+02 2.928616e-01 5.283110e-01 5.543356e-01 0.000000e+00
2.570440e+02 7.211653e-01 5.288393e-01 1.363676e+00 0.000000e+00
2.580450e+02 4.078882e-01 5.288393e-01 7.712895e-01 0.000000e+00
2.590460e+02 3.376454e-01 5.288393e-01 6.384651e-01 0.000000e+00
2.600470e+02 9.383723e-01 5.289139e-01 1.774150e+00 0.000000e+00
2.610480e+02 7.395790e-02 5.288384e-01 1.398497e-01 0.000000e+00
2.620490e+02 8.378646e-01 5.288384e-01 1.584349e+00 0.000000e+00
2.630500e+02 5.236267e-01 5.288384e-01 9.901452e-01 0.000000e+00
2.640510e+02 2.976605e-01 5.288384e-01 5.628573e-01 0.000000e+00
2.650520e+02 9.880152e-01 5.288384e-01 1.868274e+00 0.000000e+00
2.660530e+02 2.144133e-01 5.288384e-01 4.054420e-01 0.000000e+00
2.670540e+02 3.002779e-01 5.288384e-01 5.678065e-01 0.000000e+00
2.680550e+02 8.190040e-01 5.288384e-01 1.548685e+00 0.000000e+00
2.690560e+02 3.763985e-01 5.288384e-01 7.117458e-01 0.000000e+00
2.700570e+02 7.506131e-01 5.288384e-01 1.419362e+00 0.000000e+00
2.710580e+02 4.822360e-01 5.288384e-01 9.118779e-01 0.000000e+00
2.720590e+02 3.870603e-01 5.288384e-01 7.319067e-01 0.000000e+00
2.730600e+02 6.490954e-01 5.288384e-01 1.227399e+00 0.000000e+00
2.740610e+02 4.715803e-01 5.288384e-01 8.917286e-01 0.000000e+00
2.750620e+02 6.510351e-01 5.288384e-01 1.231066e+00 0.000000e+00
2.760630e+02 4.998595e-01 5.288384e-01 9.452028e-01 0.000000e+00
2.770640e+02 4.752429e-01 5.288384e-01 8.986544e-01 0.000000e+00
2.780650e+02 4.696652e-01 5.288384e-01 8.881073e-01 0.000000e+00
2.790660e+02 6.223130e-01 5.288384e-01 1.176755e+00 0.000000e+00
2.800670e+02 4.415621e-01 5.288384e-01 8.349661e-01 0.000000e+00
2.810680e+02 5.418216e-01 5.288384e-01 1.024551e+00 0.000000e+00
2.820690e+02 6.774729e-01 5.288384e-01 1.281059e+00 0.000000e+00
2.830700e+02 3.115707e-01 5.288384e-01 5.891605e-01 0.000000e+00
2.840710e+02 5.278646e-01 5.288384e-01 9.981586e-01 0.000000e+00
2.850720e+02 6.280018e-01 5.291861e-01 1.186732e+00 0.000000e+00
2.860730e+02 8.096300e-01 5.288498e-01 1.530926e+00 0.000000e+00
2.870740e+02 7.451534e-02 5.290831e-01 1.408386e-01 0.000000e+00
2.880750e+02 5.504242e-01 5.288390e-01 1.040816e+00 0.000000e+00
2.890760e+02 7.392746e-01 5.288390e-01 1.397920e+00 0.000000e+00
2.900770e+02 3.281893e-01 5.288390e-01 6.205846e-01 0.000000e+00
2.910780e+02 9.611063e-01 5.288390e-01 1.817389e+00 0.000000e+00
2.920790e+02 1.000418e-01 5.288390e-01 1.891726e-01 0.000000e+00
2.930800e+02 6.825868e-01 5.288390e-01 1.290727e+00 0.000000e+00
2.940810e+02 4.453151e-01 5.288390e-01 8.420619e-01 0.000000e+00
2.950820e+02 6.824520e-01 5.289015e-01 1.290320e+00 0.000000e+00
2.960830e+02 3.911746e-01 5.288352e-01 7.396911e-01 0.000000e+00
2.970840e+02 8.146706e-01 5.288352e-01 1.540500e+00 0.000000e+00
2.980850e+02 2.180803e-01 5.288352e-01 4.123786e-01 0.000000e+00
2.990860e+02 4.603346e-01 5.288352e-01 8.704689e-01 0.000000e+00
3.000870e+02 5.075893e-01 5.288352e-01 9.598251e-01 0.000000e+00
3.010880e+02 7.269195e-01 5.288352e-01 1.374567e+00 0.000000e+00
3.020890e+02 4.920423e-01 5.288352e-01 9.304266e-01 0.000000e+00
3.030900e+02 6.407342e-01 5.288352e-01 1.211595e+00 0.000000e+00
3.040910e+02 3.182106e-01 5.288352e-01 6.017198e-01 0.000000e+00
3.050920e+02 7.228726e-01 5.288352e-01 1.366915e+00 0.000000e+00
3.060930e+02 6.632953e-01 5.288352e-01 1.254257e+00 0.000000e+00
3.070940e+02 5.885678e-02 5.288352e-01 1.112951e-01 0.000000e+00
3.080950e+02 8.119098e-01 5.288352e-01 1.535279e+00 0.000000e+00
3.090960e+02 5.847737e-01 5.288352e-01 1.105777e+00 0.000000e+00
3.100970e+02 6.779276e-01 5.288352e-01 1.281926e+00 0.000000e+00
3.110980e+02 2.395365e-01 5.288352e-01 4.529511e-01 0.000000e+00
3.120990e+02 5.520473e-01 5.288352e-01 1.043893e+00 0.000000e+00
3.131000e+02 2.575148e-01 5.288352e-01 4.869472e-01 0.000000e+00
3.141010e+02 8.068816e-01 5.288352e-01 1.525771e+00 0.000000e+00
3.151020e+02 7.563461e-01 5.288352e-01 1.430211e+00 0.000000e+00
3.161030e+02 3.021796e-01 5.288352e-01 5.714060e-01 0.000000e+00
3.171040e+02 4.148590e-01 5.288352e-01 7.844771e-01 0.000000e+00
3.181050e+02 4.928861e-01 5.288352e-01 9.320222e-01 0.000000e+00
3.191060e+02 6.547239e-01 5.288352e-01 1.238049e+00 0.000000e+00
3.201070e+02 7.042790e-01 5.288352e-01 1.331755e+00 0.000000e+00
3.211080e+02 4.146121e-01 5.288352e-01 7.840102e-01 0.000000e+00
3.221090e+02 2.886177e-01 5.288352e-01 5.457612e-01 0.000000e+00
3.231100e+02 8.743488e-01 5.288352e-01 1.653349e+00 0.000000e+00
3.241110e+02 3.412334e-01 5.288352e-01 6.452548e-01 0.000000e+00
3.251120e+02 7.271855e-01 5.288352e-01 1.375070e+00 0.000000e+00
3.261130e+02 2.144692e-01 5.288352e-01 4.055502e-01 0.000000e+00
3.271140e+02 7.951541e-01 5.288352e-01 1.503595e+00 0.000000e+00
3.281150e+02 3.900470e-01 5.292563e-01 7.369720e-01 0.000000e+00
3.291160e+02 5.776381e-01 5.288491e-01 1.092255e+00 0.000000e+00
3.301170e+02 3.795163e-01 5.288491e-01 7.176269e-01 0.000000e+00
3.311180e+02 7.237827e-01 5.288835e-01 1.368511e+00 0.000000e+00
3.321190e+02 6.790157e-01 5.288531e-01 1.283940e+00 0.000000e+00
3.331200e+02 1.238771e-01 5.288531e-01 2.342372e-01 0.000000e+00
3.341210e+02 8.944341e-01 5.288531e-01 1.691271e+00 0.000000e+00
3.351220e+02 2.247653e-01 5.288531e-01 4.250051e-01 0.000000e+00
3.361230e+02 7.518178e-01 5.288531e-01 1.421600e+00 0.000000e+00
3.371240e+02 6.322578e-01 5.288648e-01 1.195500e+00 0.000000e+00
3.381250e+02 3.375509e-01 5.288546e-01 6.382679e-01 0.000000e+00
3.391260e+02 4.473608e-01 5.288469e-01 8.459175e-01 0.000000e+00
3.401270e+02 4.406497e-01 5.288605e-01 8.332058e-01 0.000000e+00
3.411280e+02 9.020129e-01 5.288605e-01 1.705578e+00 0.000000e+00
3.421290e+02 2.876858e-01 5.288605e-01 5.439730e-01 0.000000e+00
3.431300e+02 6.944134e-01 5.288605e-01 1.313037e+00 0.000000e+00
3.441310e+02 1.893807e-01 5.289361e-01 3.580408e-01 0.000000e+00
3.451320e+02 6.110552e-01 5.289149e-01 1.155300e+00 0.000000e+00
3.461330e+02 8.214541e-01 5.288719e-01 1.553219e+00 0.000000e+00
3.471340e+02 1.527908e-01 5.288719e-01 2.888994e-01 0.000000e+00
3.481350e+02 7.941442e-01 5.288719e-01 1.501581e+00 0.000000e+00
3.491360e+02 4.973630e-01 5.288719e-01 9.404223e-01 0.000000e+00
3.501370e+02 2.705830e-01 5.288719e-01 5.116230e-01 0.000000e+00
3.511380e+02 8.307045e-01 5.288719e-01 1.570710e+00 0.000000e+00
3.521390e+02 4.839789e-01 5.288719e-01 9.151156e-01 0.000000e+00
3.531400e+02 7.042427e-01 5.288719e-01 1.331594e+00 0.000000e+00
3.541410e+02 4.518658e-01 5.288719e-01 8.543956e-01 0.000000e+00
3.551420e+02 4.510762e-01 5.288719e-01 8.529025e-01 0.000000e+00
3.561430e+02 5.570272e-01 5.288719e-01 1.053236e+00 0.000000e+00
3.571440e+02 4.326589e-01 5.288719e-01 8.180788e-01 0.000000e+00
3.581450e+02 6.100636e-01 5.288719e-01 1.153519e+00 0.000000e+00
3.591460e+02 3.086626e-01 5.288719e-01 5.836245e-01 0.000000e+00
3.601470e+02 9.262939e-01 5.288719e-01 1.751452e+00 0.000000e+00
3.611480e+02 2.050547e-01 5.288719e-01 3.877208e-01 0.000000e+00
3.621490e+02 4.957024e-01 5.288719e-01 9.372826e-01 0.000000e+00
3.631500e+02 7.752904e-01 5.288719e-01 1.465932e+00 0.000000e+00
3.641510e+02 3.156963e-01 5.288719e-01 5.969239e-01 0.000000e+00
3.651520e+02 6.999282e-01 5.288719e-01 1.323436e+00 0.000000e+00
3.661530e+02 4.177004e-01 5.288719e-01 7.897949e-01 0.000000e+00
3.671540e+02 8.009017e-01 5.288719e-01 1.514359e+00 0.000000e+00
3.681550e+02 1.948100e-01 5.288719e-01 3.683501e-01 0.000000e+00
3.691560e+02 6.983792e-01 5.288719e-01 1.320507e+00 0.000000e+00
3.701570e+02 4.342423e-01 5.288872e-01 8.210489e-01 0.000000e+00
3.711580e+02 4.610830e-01 5.288828e-01 8.718056e-01 0.000000e+00
3.721590e+02 7.452459e-01 5.288828e-01 1.409095e+00 0.000000e+00
3.731600e+02 1.711766e-01 5.288828e-01 3.236571e-01 0.000000e+00
3.741610e+02 7.970225e-01 5.288828e-01 1.506993e+00 0.000000e+00
3.751620e+02 6.051036e-01 5.288828e-01 1.144117e+00 0.000000e+00
3.761630e+02 5.221255e-01 5.288828e-01 9.872235e-01 0.000000e+00
3.771640e+02 2.231584e-01 5.289326e-01 4.219033e-01 0.000000e+00
3.781650e+02 7.595615e-01 5.288912e-01 1.436139e+00 0.000000e+00
3.791660e+02 5.858108e-01 5.288912e-01 1.107621e+00 0.000000e+00
3.801670e+02 4.576053e-01 5.288912e-01 8.652163e-01 0.000000e+00
3.811680e+02 4.612323e-01 5.288912e-01 8.720740e-01 0.000000e+00
3.821690e+02 5.525424e-01 5.288912e-01 1.044718e+00 0.000000e+00
3.831700e+02 4.681478e-01 5.288912e-01 8.851495e-01 0.000000e+00
3.841710e+02 5.365874e-01 5.288912e-01 1.014552e+00 0.000000e+00
3.851720e+02 4.388777e-01 5.288912e-01 8.298070e-01 0.000000e+00
3.861730e+02 7.062086e-01 5.288912e-01 1.335263e+00 0.000000e+00
3.871740e+02 7.495502e-01 5.288912e-01 1.417210e+00 0.000000e+00
3.881750e+02 1.298864e-01 5.288912e-01 2.455825e-01 0.000000e+00
3.891760e+02 7.569943e-01 5.291151e-01 1.430680e+00 0.000000e+00
3.901770e+02 5.215227e-01 5.288647e-01 9.861175e-01 0.000000e+00
3.911780e+02 2.878834e-01 5.288647e-01 5.443423e-01 0.000000e+00
3.921790e+02 7.375466e-01 5.288647e-01 1.394585e+00 0.000000e+00
3.931800e+02 5.911592e-01 5.288647e-01 1.117789e+00 0.000000e+00
3.941810e+02 4.500879e-01 5.288647e-01 8.510455e-01 0.000000e+00
3.951820e+02 3.420946e-01 5.288647e-01 6.468471e-01 0.000000e+00
3.961830e+02 7.606042e-01 5.288647e-01 1.438183e+00 0.000000e+00
3.971840e+02 3.991470e-01 5.288647e-01 7.547242e-01 0.000000e+00
3.981850e+02 7.549733e-01 5.288647e-01 1.427536e+00 0.000000e+00
3.991860e+02 2.535800e-01 5.288647e-01 4.794800e-01 0.000000e+00
4.001870e+02 6.768918e-01 5.288647e-01 1.279896e+00 0.000000e+00
4.011880e+02 7.111966e-01 5.288647e-01 1.344761e+00 0.000000e+00
4.021890e+02 2.178079e-01 5.288647e-01 4.118405e-01 0.000000e+00
4.031900e+02 5.512136e-01 5.288647e-01 1.042258e+00 0.000000e+00
4.041910e+02 7.807512e-01 5.288647e-01 1.476278e+00 0.000000e+00
4.051920e+02 2.398120e-01 5.288647e-01 4.534468e-01 0.000000e+00
4.061930e+02 6.317058e-01 5.288647e-01 1.194456e+00 0.000000e+00
4.071940e+02 5.012374e-01 5.288647e-01 9.477612e-01 0.000000e+00
4.081950e+02 7.655627e-01 5.288647e-01 1.447559e+00 0.000000e+00
4.091960e+02 3.347792e-01 5.288647e-01 6.330148e-01 0.000000e+00
4.101970e+02 5.359344e-01 5.288647e-01 1.013368e+00 0.000000e+00
4.111980e+02 4.994756e-01 5.288647e-01 9.444298e-01 0.000000e+00
4.121990e+02 6.914675e-01 5.288647e-01 1.307456e+00 0.000000e+00
4.132000e+02 3.369872e-01 5.288647e-01 6.371899e-01 0.000000e+00
4.142010e+02 4.462410e-01 5.288647e-01 8.437716e-01 0.000000e+00
4.152020e+02 7.438025e-01 5.288647e-01 1.406414e+00 0.000000e+00
4.162030e+02 7.243862e-01 5.288647e-01 1.369700e+00 0.000000e+00
4.172040e+02 1.212940e-01 5.288647e-01 2.293479e-01 0.000000e+00
4.182050e+02 7.866797e-01 5.288647e-01 1.487488e+00 0.000000e+00
4.192060e+02 2.706136e-01 5.291647e-01 5.113977e-01 0.000000e+00
4.202070e+02 7.370332e-01 5.288660e-01 1.393610e+00 0.000000e+00
4.212080e+02 2.724867e-01 5.288660e-01 5.152283e-01 0.000000e+00
4.222090e+02 9.282764e-01 5.288660e-01 1.755220e+00 0.000000e+00
4.232100e+02 3.379743e-01 5.288660e-01 6.390547e-01 0.000000e+00
4.242110e+02 4.998656e-01 5.288660e-01 9.451650e-01 0.000000e+00
4.252120e+02 5.870993e-01 5.288660e-01 1.110110e+00 0.000000e+00
4.262130e+02 2.871938e-01 5.288660e-01 5.430369e-01 0.000000e+00
4.272140e+02 7.437133e-01 5.288660e-01 1.406241e+00 0.000000e+00
4.282150e+02 5.355057e-01 5.288660e-01 1.012555e+00 0.000000e+00
4.292160e+02 4.611319e-01 5.292237e-01 8.713365e-01 0.000000e+00
4.302170e+02 5.671418e-01 5.288370e-01 1.072432e+00 0.000000e+00
4.312180e+02 3.722698e-01 5.288370e-01 7.039404e-01 0.000000e+00
4.322190e+02 4.454104e-01 5.288370e-01 8.422451e-01 0.000000e+00
4.332200e+02 1.018337e+00 5.288370e-01 1.925617e+00 0.000000e+00
4.342210e+02 2.656843e-01 5.288370e-01 5.023936e-01 0.000000e+00
4.352220e+02 5.187605e-01 5.288370e-01 9.809458e-01 0.000000e+00
4.362230e+02 6.035303e-01 5.288370e-01 1.141240e+00 0.000000e+00
4.372240e+02 5.409319e-01 5.288370e-01 1.022871e+00 0.000000e+00
4.382250e+02 1.711592e-01 5.288370e-01 3.236521e-01 0.000000e+00
4.392260e+02 8.627469e-01 5.288370e-01 1.631404e+00 0.000000e+00
4.402270e+02 4.757372e-01 5.288370e-01 8.995913e-01 0.000000e+00
4.412280e+02 6.188432e-01 5.288370e-01 1.170196e+00 0.000000e+00
4.422290e+02 5.603725e-01 5.288370e-01 1.059632e+00 0.000000e+00
4.432300e+02 3.033894e-01 5.288370e-01 5.736916e-01 0.000000e+00
4.442310e+02 7.299507e-01 5.288370e-01 1.380294e+00 0.000000e+00
4.452320e+02 6.392901e-01 5.288370e-01 1.208860e+00 0.000000e+00
4.462330e+02 1.295021e-02 5.288370e-01 2.448809e-02 0.000000e+00
4.472340e+02 9.086925e-01 5.288370e-01 1.718284e+00 0.000000e+00
4.482350e+02 4.725252e-01 5.288370e-01 8.935176e-01 0.000000e+00
4.492360e+02 3.642274e-01 5.288370e-01 6.887327e-01 0.000000e+00
4.502370e+02 6.397459e-01 5.288370e-01 1.209722e+00 0.000000e+00
4.512380e+02 7.427667e-01 5.288370e-01 1.404528e+00 0.000000e+00
4.522390e+02 4.848430e-01 5.288370e-01 9.168098e-01 0.000000e+00
4.532400e+02 4.943173e-01 5.288370e-01 9.347251e-01 0.000000e+00
4.542410e+02 4.443177e-01 5.288370e-01 8.401789e-01 0.000000e+00
4.552420e+02 6.263645e-01 5.288370e-01 1.184419e+00 0.000000e+00
4.562430e+02 4.289688e-01 5.288370e-01 8.111549e-01 0.000000e+00
4.572440e+02 5.611690e-01 5.288370e-01 1.061138e+00 0.000000e+00
4.582450e+02 3.825606e-01 5.288370e-01 7.233998e-01 0.000000e+00
4.592460e+02 8.754745e-01 5.288370e-01 1.655471e+00 0.000000e+00
4.602470e+02 2.804838e-01 5.288370e-01 5.303784e-01 0.000000e+00
4.612480e+02 7.913263e-01 5.288370e-01 1.496352e+00 0.000000e+00
4.622490e+02 2.829136e-01 5.288370e-01 5.349731e-01 0.000000e+00
4.632500e+02 4.254111e-01 5.288370e-01 8.044276e-01 0.000000e+00
4.642510e+02 8.306662e-01 5.288370e-01 1.570741e+00 0.000000e+00
4.652520e+02 9.252763e-02 5.288370e-01 1.749644e-01 0.000000e+00
4.662530e+02 8.243586e-01 5.288370e-01 1.558814e+00 0.000000e+00
4.672540e+02 3.439939e-01 5.288370e-01 6.504723e-01 0.000000e+00
4.682550e+02 4.981324e-01 5.288405e-01 9.419332e-01 0.000000e+00
4.692560e+02 5.377534e-01 5.288401e-01 1.016855e+00 0.000000e+00
4.702570e+02 7.733792e-01 5.288401e-01 1.462407e+00 0.000000e+00
4.712580e+02 4.385047e-01 5.288401e-01 8.291820e-01 0.000000e+00
4.722590e+02 3.205079e-01 5.288401e-01 6.060583e-01 0.000000e+00
4.732600e+02 8.324307e-01 5.288401e-01 1.574069e+00 0.000000e+00
4.742610e+02 3.712420e-01 5.288401e-01 7.019930e-01 0.000000e+00
4.752620e+02 3.622683e-01 5.288401e-01 6.850244e-01 0.000000e+00
4.762630e+02 7.327968e-01 5.288401e-01 1.385668e+00 0.000000e+00
4.772640e+02 4.509840e-01 5.288401e-01 8.527796e-01 0.000000e+00
4.782650e+02 6.678366e-01 5.288401e-01 1.262833e+00 0.000000e+00
4.792660e+02 3.613334e-01 5.288401e-01 6.832564e-01 0.000000e+00
4.802670e+02 6.770184e-01 5.288401e-01 1.280195e+00 0.000000e+00
4.812680e+02 5.807624e-01 5.288401e-01 1.098181e+00 0.000000e+00
4.822690e+02 4.691555e-01 5.288401e-01 8.871407e-01 0.000000e+00
4.832700e+02 3.405208e-01 5.288401e-01 6.439013e-01 0.000000e+00
4.842710e+02 6.926649e-01 5.288401e-01 1.309781e+00 0.000000e+00
4.852720e+02 5.916111e-01 5.288401e-01 1.118696e+00 0.000000e+00
4.862730e+02 3.826597e-01 5.288401e-01 7.235831e-01 0.000000e+00
4.872740e+02 6.404400e-01 5.288401e-01 1.211028e+00 0.000000e+00
4.882750e+02 6.991744e-01 5.288401e-01 1.322090e+00 0.000000e+00
4.892760e+02 2.206414e-01 5.288401e-01 4.172177e-01 0.000000e+00
4.902770e+02 6.227443e-01 5.288401e-01 1.177566e+00 0.000000e+00
4.912780e+02 5.173769e-01 5.288401e-01 9.783239e-01 0.000000e+00
4.922790e+02 5.921077e-01 5.288292e-01 1.119658e+00 0.000000e+00
4.932800e+02 5.244849e-01 5.292906e-01 9.909206e-01 0.000000e+00
4.942810e+02 5.596113e-01 5.288123e-01 1.058242e+00 0.000000e+00
4.952820e+02 6.285076e-01 5.288123e-01 1.188527e+00 0.000000e+00
4.962830e+02 3.984535e-01 5.288123e-01 7.534876e-01 0.000000e+00
4.972840e+02 3.633266e-01 5.288123e-01 6.870616e-01 0.000000e+00
4.982850e+02 8.256034e-01 5.288123e-01 1.561241e+00 0.000000e+00
4.992860e+02 3.282794e-01 5.288123e-01 6.207863e-01 0.000000e+00
5.002870e+02 5.964585e-01 5.288123e-01 1.127921e+00 0.000000e+00
5.012880e+02 3.554988e-01 5.288123e-01 6.722589e-01 0.000000e+00
5.022890e+02 6.698673e-01 5.288123e-01 1.266739e+00 0.000000e+00
5.032900e+02 3.731782e-01 5.288123e-01 7.056912e-01 0.000000e+00
5.042910e+02 5.333471e-01 5.288123e-01 1.008576e+00 0.000000e+00
5.052920e+02 8.545350e-01 5.288123e-01 1.615952e+00 0.000000e+00
5.062930e+02 2.120049e-01 5.288123e-01 4.009076e-01 0.000000e+00
5.072940e+02 6.894252e-01 5.288123e-01 1.303724e+00 0.000000e+00
5.082950e+02 3.492186e-01 5.288123e-01 6.603829e-01 0.000000e+00
5.092960e+02 7.951934e-01 5.288123e-01 1.503735e+00 0.000000e+00
5.102970e+02 5.276076e-01 5.288123e-01 9.977218e-01 0.000000e+00
5.112980e+02 3.966111e-01 5.288123e-01 7.500036e-01 0.000000e+00
5.122990e+02 5.242991e-01 5.288123e-01 9.914654e-01 0.000000e+00
5.133000e+02 5.407061e-01 5.288123e-01 1.022492e+00 0.000000e+00
5.143010e+02 5.397666e-01 5.288123e-01 1.020715e+00 0.000000e+00
5.153020e+02 3.435367e-01 5.288123e-01 6.496383e-01 0.000000e+00
5.163030e+02 7.240591e-01 5.288123e-01 1.369218e+00 0.000000e+00
5.173040e+02 6.996761e-01 5.288123e-01 1.323109e+00 0.000000e+00
5.183050e+02 2.320454e-01 5.288123e-01 4.388048e-01 0.000000e+00
5.193060e+02 6.332661e-01 5.288123e-01 1.197525e+00 0.000000e+00
5.203070e+02 5.302659e-01 5.288481e-01 1.002681e+00 0.000000e+00
5.213080e+02 5.569685e-01 5.288524e-01 1.053164e+00 0.000000e+00
5.223090e+02 5.308423e-01 5.288524e-01 1.003763e+00 0.000000e+00
5.233100e+02 5.220998e-01 5.288524e-01 9.872316e-01 0.000000e+00
5.243110e+02 5.377030e-01 5.288524e-01 1.016735e+00 0.000000e+00
5.253120e+02 5.058979e-01 5.288524e-01 9.565956e-01 0.000000e+00
5.263130e+02 6.194785e-01 5.288524e-01 1.171364e+00 0.000000e+00
5.273140e+02 4.003171e-01 5.288524e-01 7.569543e-01 0.000000e+00
5.283150e+02 5.859517e-01 5.288924e-01 1.107884e+00 0.000000e+00
5.293160e+02 6.499354e-01 5.289656e-01 1.228691e+00 0.000000e+00
5.303170e+02 3.012810e-01 5.288657e-01 5.696740e-01 0.000000e+00
5.313180e+02 9.016888e-01 5.288657e-01 1.704949e+00 0.000000e+00
5.323190e+02 1.785062e-01 5.288657e-01 3.375265e-01 0.000000e+00
5.333200e+02 6.002299e-01 5.288657e-01 1.134938e+00 0.000000e+00
5.343210e+02 6.785937e-01 5.288657e-01 1.283112e+00 0.000000e+00
5.353220e+02 1.803978e-01 5.288657e-01 3.411032e-01 0.000000e+00
5.363230e+02 6.936116e-01 5.288657e-01 1.311508e+00 0.000000e+00
5.373240e+02 5.943350e-01 5.295062e-01 1.122433e+00 0.000000e+00
5.383250e+02 5.532881e-01 5.288521e-01 1.046206e+00 0.000000e+00
5.393260e+02 4.512137e-01 5.288521e-01 8.531944e-01 0.000000e+00
5.403270e+02 5.952755e-01 5.288521e-01 1.125599e+00 0.000000e+00
5.413280e+02 3.600462e-01 5.288521e-01 6.808069e-01 0.000000e+00
5.423290e+02 6.412720e-01 5.288521e-01 1.212573e+00 0.000000e+00
5.433300e+02 6.025774e-01 5.288521e-01 1.139406e+00 0.000000e+00
5.443310e+02 3.492040e-01 5.288521e-01 6.603055e-01 0.000000e+00
5.453320e+02 6.933828e-01 5.288521e-01 1.311109e+00 0.000000e+00
5.463330e+02 6.661277e-01 5.288521e-01 1.259573e+00 0.000000e+00
5.473340e+02 2.328943e-01 5.288521e-01 4.403770e-01 0.000000e+00
5.483350e+02 7.405347e-01 5.288521e-01 1.400268e+00 0.000000e+00
5.493360e+02 3.393938e-01 5.288521e-01 6.417556e-01 0.000000e+00
5.503370e+02 6.344130e-01 5.288521e-01 1.199604e+00 0.000000e+00
5.513380e+02 5.460653e-01 5.288521e-01 1.032548e+00 0.000000e+00
5.523390e+02 4.718352e-01 5.288521e-01 8.921875e-01 0.000000e+00
5.533400e+02 5.459993e-01 5.288521e-01 1.032424e+00 0.000000e+00
5.543410e+02 3.917907e-01 5.288521e-01 7.408323e-01 0.000000e+00
5.553420e+02 7.353760e-01 5.288521e-01 1.390513e+00 0.000000e+00
5.563430e+02 2.736841e-01 5.288521e-01 5.175059e-01 0.000000e+00
5.573440e+02 7.708777e-01 5.288521e-01 1.457643e+00 0.000000e+00
5.583450e+02 5.901212e-01 5.288521e-01 1.115853e+00 0.000000e+00
5.593460e+02 3.851507e-01 5.288521e-01 7.282767e-01 0.000000e+00
5.603470e+02 4.244376e-01 5.288521e-01 8.025638e-01 0.000000e+00
5.613480e+02 6.086401e-01 5.288521e-01 1.150870e+00 0.000000e+00
5.623490e+02 6.961025e-01 5.288521e-01 1.316252e+00 0.000000e+00
5.633500e+02 5.978977e-01 5.288521e-01 1.130557e+00 0.000000e+00
5.643510e+02 2.826610e-01 5.288521e-01 5.344803e-01 0.000000e+00
5.653520e+02 6.783904e-01 5.288521e-01 1.282760e+00 0.000000e+00
5.663530e+02 2.558986e-01 5.288521e-01 4.838756e-01 0.000000e+00
5.673540e+02 8.995505e-01 5.288521e-01 1.700949e+00 0.000000e+00
5.683550e+02 1.679806e-01 5.288521e-01 3.176325e-01 0.000000e+00
5.693560e+02 7.792914e-01 5.288521e-01 1.473553e+00 0.000000e+00
5.703570e+02 6.315797e-01 5.288521e-01 1.194246e+00 0.000000e+00
5.713580e+02 1.487666e-01 5.288521e-01 2.813009e-01 0.000000e+00
5.723590e+02 6.583975e-01 5.288521e-01 1.244956e+00 0.000000e+00
5.733600e+02 4.117188e-01 5.288521e-01 7.785140e-01 0.000000e+00
5.743610e+02 6.380021e-01 5.288521e-01 1.206390e+00 0.000000e+00
5.753620e+02 5.735584e-01 5.288521e-01 1.084535e+00 0.000000e+00
5.763630e+02 5.507719e-01 5.288521e-01 1.041448e+00 0.000000e+00
5.773640e+02 4.186323e-01 5.288521e-01 7.915867e-01 0.000000e+00
5.783650e+02 6.027669e-01 5.288521e-01 1.139765e+00 0.000000e+00
5.793660e+02 5.274567e-01 5.288521e-01 9.973615e-01 0.000000e+00
5.803670e+02 7.221256e-01 5.288521e-01 1.365458e+00 0.000000e+00
5.813680e+02 3.403029e-01 5.288521e-01 6.434746e-01 0.000000e+00
5.823690e+02 7.241651e-01 5.288521e-01 1.369315e+00 0.000000e+00
5.833700e+02 1.710864e-01 5.288521e-01 3.235051e-01 0.000000e+00
5.843710e+02 8.741271e-01 5.288521e-01 1.652876e+00 0.000000e+00
5.853720e+02 3.478833e-01 5.288521e-01 6.578083e-01 0.000000e+00
5.863730e+02 5.583326e-01 5.288521e-01 1.055744e+00 0.000000e+00
5.873740e+02 4.290251e-01 5.288521e-01 8.112382e-01 0.000000e+00
5.883750e+02 5.938636e-01 5.288521e-01 1.122930e+00 0.000000e+00
5.893760e+02 5.804657e-01 5.288521e-01 1.097596e+00 0.000000e+00
5.903770e+02 2.727547e-01 5.288521e-01 5.157486e-01 0.000000e+00
5.913780e+02 7.442815e-01 5.288521e-01 1.407353e+00 0.000000e+00
5.923790e+02 7.135916e-01 5.288521e-01 1.349322e+00 0.000000e+00
5.933800e+02 2.589628e-01 5.288521e-01 4.896696e-01 0.000000e+00
5.943810e+02 5.728609e-01 5.292802e-01 1.082340e+00 0.000000e+00
5.953820e+02 6.492445e-01 5.288195e-01 1.227724e+00 0.000000e+00
5.963830e+02 3.425873e-01 5.288195e-01 6.478341e-01 0.000000e+00
5.973840e+02 8.274603e-01 5.288195e-01 1.564731e+00 0.000000e+00
5.983850e+02 3.366552e-01 5.288195e-01 6.366164e-01 0.000000e+00
5.993860e+02 3.629224e-01 5.288195e-01 6.862877e-01 0.000000e+00
6.003870e+02 8.458196e-01 5.288195e-01 1.599448e+00 0.000000e+00
6.013880e+02 5.385322e-01 5.288195e-01 1.018367e+00 0.000000e+00
6.023890e+02 4.741109e-01 5.288195e-01 8.965457e-01 0.000000e+00
6.033900e+02 6.376535e-01 5.289942e-01 1.205407e+00 0.000000e+00
6.043910e+02 2.376840e-01 5.288218e-01 4.494595e-01 0.000000e+00
6.053920e+02 7.602331e-01 5.288177e-01 1.437609e+00 0.000000e+00
6.063930e+02 4.396764e-01 5.288177e-01 8.314330e-01 0.000000e+00
6.073940e+02 5.113797e-01 5.288177e-01 9.670246e-01 0.000000e+00
6.083950e+02 5.631113e-01 5.288177e-01 1.064850e+00 0.000000e+00
6.093960e+02 6.720360e-01 5.288177e-01 1.270827e+00 0.000000e+00
6.103970e+02 2.634492e-01 5.288177e-01 4.981853e-01 0.000000e+00
6.113980e+02 5.748067e-01 5.288177e-01 1.086966e+00 0.000000e+00
6.123990e+02 7.511793e-01 5.288177e-01 1.420488e+00 0.000000e+00
6.134000e+02 3.210113e-01 5.288177e-01 6.070359e-01 0.000000e+00
6.144010e+02 7.087628e-01 5.288177e-01 1.340278e+00 0.000000e+00
6.154020e+02 6.179210e-01 5.288177e-01 1.168495e+00 0.000000e+00
6.164030e+02 1.819083e-01 5.288177e-01 3.439906e-01 0.000000e+00
6.174040e+02 5.401460e-01 5.288177e-01 1.021422e+00 0.000000e+00
6.184050e+02 6.430424e-01 5.288177e-01 1.216000e+00 0.000000e+00
6.194060e+02 3.675498e-01 5.288177e-01 6.950406e-01 0.000000e+00
6.204070e+02 7.139968e-01 5.288177e-01 1.350176e+00 0.000000e+00
6.214080e+02 3.677124e-01 5.288177e-01 6.953482e-01 0.000000e+00
6.224090e+02 6.418815e-01 5.288177e-01 1.213805e+00 0.000000e+00
6.234100e+02 6.976707e-01 5.288177e-01 1.319303e+00 0.000000e+00
6.244110e+02 1.450748e-01 5.288177e-01 2.743380e-01 0.000000e+00
6.254120e+02 8.455075e-01 5.288177e-01 1.598864e+00 0.000000e+00
6.264130e+02 3.724436e-01 5.288177e-01 7.042949e-01 0.000000e+00
6.274140e+02 4.514401e-01 5.288177e-01 8.536781e-01 0.000000e+00
6.284150e+02 6.748470e-01 5.288177e-01 1.276143e+00 0.000000e+00
6.294160e+02 4.839224e-01 5.288177e-01 9.15102