# Starting up: N=10000 dt=2.000000e-03 pad=2.000000e+00 L=1.000000e+00
time	PV	NkT	PV/NkT	Energy
1.000000e+00 0.000000e+00 6.060570e+01 0.000000e+00 0.000000e+00
2.000000e+00 0.000000e+00 6.445407e+01 0.000000e+00 0.000000e+00
3.002000e+00 0.000000e+00 6.293223e+01 0.000000e+00 0.000000e+00
4.004000e+00 9.388278e-02 6.095933e+01 1.540089e-03 0.000000e+00
5.006000e+00 2.479929e-02 5.930166e+01 4.181887e-04 0.000000e+00
6.008000e+00 4.732615e-02 5.764156e+01 8.210422e-04 0.000000e+00
7.010000e+00 8.043911e-02 5.593803e+01 1.438004e-03 0.000000e+00
8.012000e+00 8.091400e-02 5.427146e+01 1.490913e-03 0.000000e+00
9.012000e+00 8.295662e-02 5.296891e+01 1.566138e-03 0.000000e+00
1.001200e+01 9.175950e-02 5.142268e+01 1.784417e-03 0.000000e+00
1.101200e+01 9.920821e-03 5.010912e+01 1.979843e-04 0.000000e+00
1.201200e+01 1.547590e-02 4.871731e+01 3.176674e-04 0.000000e+00
1.301200e+01 3.207870e-02 4.725882e+01 6.787877e-04 0.000000e+00
1.401200e+01 2.570604e-02 4.627154e+01 5.555476e-04 0.000000e+00
1.501200e+01 5.083910e-02 4.518876e+01 1.125039e-03 0.000000e+00
1.601200e+01 0.000000e+00 4.410354e+01 0.000000e+00 0.000000e+00
1.701400e+01 2.010596e-02 4.313966e+01 4.660667e-04 0.000000e+00
1.801600e+01 3.304055e-02 4.227524e+01 7.815578e-04 0.000000e+00
1.901800e+01 7.773053e-03 4.129845e+01 1.882166e-04 0.000000e+00
2.002000e+01 5.761043e-02 4.042509e+01 1.425116e-03 0.000000e+00
2.102200e+01 0.000000e+00 3.969319e+01 0.000000e+00 0.000000e+00
2.202400e+01 5.930586e-03 3.894111e+01 1.522963e-04 0.000000e+00
2.302600e+01 1.751626e-02 3.818008e+01 4.587802e-04 0.000000e+00
2.402800e+01 1.625241e-02 3.748501e+01 4.335709e-04 0.000000e+00
2.503000e+01 2.968600e-02 3.689954e+01 8.045085e-04 0.000000e+00
2.603200e+01 0.000000e+00 3.622204e+01 0.000000e+00 0.000000e+00
2.703400e+01 0.000000e+00 3.550566e+01 0.000000e+00 0.000000e+00
2.803600e+01 2.004510e-02 3.484706e+01 5.752306e-04 0.000000e+00
2.903800e+01 0.000000e+00 3.423803e+01 0.000000e+00 0.000000e+00
3.004000e+01 0.000000e+00 3.368468e+01 0.000000e+00 0.000000e+00
3.104200e+01 1.757839e-02 3.308679e+01 5.312812e-04 0.000000e+00
3.204400e+01 0.000000e+00 3.247943e+01 0.000000e+00 0.000000e+00
3.304400e+01 8.310101e-03 3.194384e+01 2.601472e-04 0.000000e+00
3.404400e+01 2.804361e-03 3.133279e+01 8.950244e-05 0.000000e+00
3.504400e+01 8.523923e-03 3.070714e+01 2.775877e-04 0.000000e+00
3.604400e+01 1.705364e-02 3.015307e+01 5.655688e-04 0.000000e+00
3.704400e+01 1.304757e-02 2.962520e+01 4.404214e-04 0.000000e+00
3.804400e+01 0.000000e+00 2.908980e+01 0.000000e+00 0.000000e+00
3.904400e+01 1.246938e-02 2.852370e+01 4.371587e-04 0.000000e+00
4.004400e+01 0.000000e+00 2.800257e+01 0.000000e+00 0.000000e+00
4.104400e+01 9.431768e-03 2.743218e+01 3.438213e-04 0.000000e+00
4.204400e+01 0.000000e+00 2.692814e+01 0.000000e+00 0.000000e+00
4.304400e+01 0.000000e+00 2.647667e+01 0.000000e+00 0.000000e+00
4.404400e+01 0.000000e+00 2.594300e+01 0.000000e+00 0.000000e+00
4.504400e+01 0.000000e+00 2.547054e+01 0.000000e+00 0.000000e+00
4.604400e+01 0.000000e+00 2.497283e+01 0.000000e+00 0.000000e+00
4.704400e+01 0.000000e+00 2.455533e+01 0.000000e+00 0.000000e+00
4.804400e+01 0.000000e+00 2.417316e+01 0.000000e+00 0.000000e+00
4.904400e+01 0.000000e+00 2.379919e+01 0.000000e+00 0.000000e+00
5.004400e+01 0.000000e+00 2.342654e+01 0.000000e+00 0.000000e+00
5.104400e+01 0.000000e+00 2.301300e+01 0.000000e+00 0.000000e+00
5.204400e+01 0.000000e+00 2.261377e+01 0.000000e+00 0.000000e+00
5.304400e+01 3.640406e-03 2.223540e+01 1.637212e-04 0.000000e+00
5.404400e+01 0.000000e+00 2.189343e+01 0.000000e+00 0.000000e+00
5.504400e+01 7.685630e-03 2.155030e+01 3.566369e-04 0.000000e+00
5.604400e+01 0.000000e+00 2.123861e+01 0.000000e+00 0.000000e+00
5.704400e+01 0.000000e+00 2.091684e+01 0.000000e+00 0.000000e+00
5.804400e+01 0.000000e+00 2.061183e+01 0.000000e+00 0.000000e+00
5.904400e+01 0.000000e+00 2.032785e+01 0.000000e+00 0.000000e+00
6.004400e+01 0.000000e+00 2.001748e+01 0.000000e+00 0.000000e+00
6.104400e+01 0.000000e+00 1.969264e+01 0.000000e+00 0.000000e+00
6.204400e+01 9.617844e-03 1.938776e+01 4.960782e-04 0.000000e+00
6.304400e+01 0.000000e+00 1.909669e+01 0.000000e+00 0.000000e+00
6.404400e+01 0.000000e+00 1.880782e+01 0.000000e+00 0.000000e+00
6.504600e+01 0.000000e+00 1.856801e+01 0.000000e+00 0.000000e+00
6.604800e+01 0.000000e+00 1.829634e+01 0.000000e+00 0.000000e+00
6.705000e+01 4.979923e-03 1.803736e+01 2.760894e-04 0.000000e+00
6.805200e+01 6.262233e-03 1.778006e+01 3.522054e-04 0.000000e+00
6.905400e+01 0.000000e+00 1.752960e+01 0.000000e+00 0.000000e+00
7.005600e+01 0.000000e+00 1.728279e+01 0.000000e+00 0.000000e+00
7.105800e+01 0.000000e+00 1.703499e+01 0.000000e+00 0.000000e+00
7.206000e+01 0.000000e+00 1.680250e+01 0.000000e+00 0.000000e+00
7.306200e+01 0.000000e+00 1.657277e+01 0.000000e+00 0.000000e+00
7.406400e+01 0.000000e+00 1.636061e+01 0.000000e+00 0.000000e+00
7.506600e+01 6.294210e-03 1.613584e+01 3.900763e-04 0.000000e+00
7.606800e+01 0.000000e+00 1.592988e+01 0.000000e+00 0.000000e+00
7.707000e+01 0.000000e+00 1.571958e+01 0.000000e+00 0.000000e+00
7.807200e+01 0.000000e+00 1.552226e+01 0.000000e+00 0.000000e+00
7.907400e+01 0.000000e+00 1.533294e+01 0.000000e+00 0.000000e+00
8.007600e+01 0.000000e+00 1.514274e+01 0.000000e+00 0.000000e+00
8.107800e+01 0.000000e+00 1.495764e+01 0.000000e+00 0.000000e+00
8.208000e+01 0.000000e+00 1.477319e+01 0.000000e+00 0.000000e+00
8.308200e+01 0.000000e+00 1.459366e+01 0.000000e+00 0.000000e+00
8.408400e+01 0.000000e+00 1.441808e+01 0.000000e+00 0.000000e+00
8.508600e+01 0.000000e+00 1.425356e+01 0.000000e+00 0.000000e+00
8.608800e+01 0.000000e+00 1.409495e+01 0.000000e+00 0.000000e+00
8.709000e+01 0.000000e+00 1.393519e+01 0.000000e+00 0.000000e+00
8.809200e+01 0.000000e+00 1.378840e+01 0.000000e+00 0.000000e+00
8.909400e+01 0.000000e+00 1.362939e+01 0.000000e+00 0.000000e+00
9.009600e+01 0.000000e+00 1.347523e+01 0.000000e+00 0.000000e+00
9.109800e+01 0.000000e+00 1.333255e+01 0.000000e+00 0.000000e+00
9.210000e+01 0.000000e+00 1.317937e+01 0.000000e+00 0.000000e+00
9.310200e+01 0.000000e+00 1.303069e+01 0.000000e+00 0.000000e+00
9.410400e+01 0.000000e+00 1.290701e+01 0.000000e+00 0.000000e+00
9.510600e+01 0.000000e+00 1.276814e+01 0.000000e+00 0.000000e+00
9.610800e+01 0.000000e+00 1.262973e+01 0.000000e+00 0.000000e+00
9.711000e+01 0.000000e+00 1.250699e+01 0.000000e+00 0.000000e+00
9.811200e+01 0.000000e+00 1.237841e+01 0.000000e+00 0.000000e+00
9.911400e+01 3.661647e-03 1.224688e+01 2.989860e-04 0.000000e+00
1.001160e+02 0.000000e+00 1.211981e+01 0.000000e+00 0.000000e+00
1.011180e+02 0.000000e+00 1.200550e+01 0.000000e+00 0.000000e+00
1.021200e+02 0.000000e+00 1.188511e+01 0.000000e+00 0.000000e+00
1.031220e+02 0.000000e+00 1.176712e+01 0.000000e+00 0.000000e+00
1.041240e+02 0.000000e+00 1.165914e+01 0.000000e+00 0.000000e+00
1.051260e+02 0.000000e+00 1.154569e+01 0.000000e+00 0.000000e+00
1.061280e+02 0.000000e+00 1.143719e+01 0.000000e+00 0.000000e+00
1.071300e+02 0.000000e+00 1.133115e+01 0.000000e+00 0.000000e+00
1.081320e+02 0.000000e+00 1.122428e+01 0.000000e+00 0.000000e+00
1.091340e+02 0.000000e+00 1.112145e+01 0.000000e+00 0.000000e+00
1.101360e+02 5.145720e-03 1.103010e+01 4.665161e-04 0.000000e+00
1.111380e+02 0.000000e+00 1.092778e+01 0.000000e+00 0.000000e+00
1.121400e+02 0.000000e+00 1.082419e+01 0.000000e+00 0.000000e+00
1.131420e+02 0.000000e+00 1.072690e+01 0.000000e+00 0.000000e+00
1.141440e+02 2.218452e-03 1.063558e+01 2.085877e-04 0.000000e+00
1.151460e+02 0.000000e+00 1.054700e+01 0.000000e+00 0.000000e+00
1.161480e+02 0.000000e+00 1.045380e+01 0.000000e+00 0.000000e+00
1.171500e+02 0.000000e+00 1.036376e+01 0.000000e+00 0.000000e+00
1.181520e+02 0.000000e+00 1.027584e+01 0.000000e+00 0.000000e+00
1.191540e+02 0.000000e+00 1.018862e+01 0.000000e+00 0.000000e+00
1.201560e+02 0.000000e+00 1.010748e+01 0.000000e+00 0.000000e+00
1.211580e+02 0.000000e+00 1.002736e+01 0.000000e+00 0.000000e+00
1.221600e+02 0.000000e+00 9.940654e+00 0.000000e+00 0.000000e+00
1.231620e+02 0.000000e+00 9.860531e+00 0.000000e+00 0.000000e+00
1.241640e+02 3.160824e-03 9.775955e+00 3.233263e-04 0.000000e+00
1.251660e+02 0.000000e+00 9.705614e+00 0.000000e+00 0.000000e+00
1.261680e+02 0.000000e+00 9.626016e+00 0.000000e+00 0.000000e+00
1.271700e+02 0.000000e+00 9.548795e+00 0.000000e+00 0.000000e+00
1.281720e+02 0.000000e+00 9.475938e+00 0.000000e+00 0.000000e+00
1.291720e+02 0.000000e+00 9.382580e+00 0.000000e+00 0.000000e+00
1.301720e+02 0.000000e+00 9.309856e+00 0.000000e+00 0.000000e+00
1.311720e+02 0.000000e+00 9.246336e+00 0.000000e+00 0.000000e+00
1.321720e+02 0.000000e+00 9.178392e+00 0.000000e+00 0.000000e+00
1.331720e+02 0.000000e+00 9.106016e+00 0.000000e+00 0.000000e+00
1.341720e+02 0.000000e+00 9.037833e+00 0.000000e+00 0.000000e+00
1.351720e+02 0.000000e+00 8.972306e+00 0.000000e+00 0.000000e+00
1.361720e+02 0.000000e+00 8.905954e+00 0.000000e+00 0.000000e+00
1.371720e+02 0.000000e+00 8.838889e+00 0.000000e+00 0.000000e+00
1.381720e+02 0.000000e+00 8.777165e+00 0.000000e+00 0.000000e+00
1.391720e+02 0.000000e+00 8.709541e+00 0.000000e+00 0.000000e+00
1.401720e+02 0.000000e+00 8.648328e+00 0.000000e+00 0.000000e+00
1.411720e+02 0.000000e+00 8.587325e+00 0.000000e+00 0.000000e+00
1.421720e+02 0.000000e+00 8.531465e+00 0.000000e+00 0.000000e+00
1.431720e+02 0.000000e+00 8.469460e+00 0.000000e+00 0.000000e+00
1.441720e+02 0.000000e+00 8.410259e+00 0.000000e+00 0.000000e+00
1.451720e+02 0.000000e+00 8.349707e+00 0.000000e+00 0.000000e+00
1.461720e+02 0.000000e+00 8.290986e+00 0.000000e+00 0.000000e+00
1.471720e+02 0.000000e+00 8.234417e+00 0.000000e+00 0.000000e+00
1.481720e+02 0.000000e+00 8.181011e+00 0.000000e+00 0.000000e+00
1.491720e+02 0.000000e+00 8.125447e+00 0.000000e+00 0.000000e+00
1.501720e+02 0.000000e+00 8.072598e+00 0.000000e+00 0.000000e+00
1.511720e+02 0.000000e+00 8.018907e+00 0.000000e+00 0.000000e+00
1.521720e+02 0.000000e+00 7.965116e+00 0.000000e+00 0.000000e+00
1.531720e+02 2.576133e-03 7.914769e+00 3.254842e-04 0.000000e+00
1.541720e+02 0.000000e+00 7.864220e+00 0.000000e+00 0.000000e+00
1.551720e+02 2.834020e-03 7.810313e+00 3.628562e-04 0.000000e+00
1.561720e+02 0.000000e+00 7.763538e+00 0.000000e+00 0.000000e+00
1.571720e+02 0.000000e+00 7.714021e+00 0.000000e+00 0.000000e+00
1.581720e+02 0.000000e+00 7.666109e+00 0.000000e+00 0.000000e+00
1.591720e+02 0.000000e+00 7.617092e+00 0.000000e+00 0.000000e+00
1.601720e+02 0.000000e+00 7.571000e+00 0.000000e+00 0.000000e+00
1.611720e+02 0.000000e+00 7.524617e+00 0.000000e+00 0.000000e+00
1.621720e+02 8.878930e-04 7.476750e+00 1.187539e-04 0.000000e+00
1.631720e+02 0.000000e+00 7.432215e+00 0.000000e+00 0.000000e+00
1.641720e+02 0.000000e+00 7.387336e+00 0.000000e+00 0.000000e+00
1.651720e+02 0.000000e+00 7.345715e+00 0.000000e+00 0.000000e+00
1.661720e+02 0.000000e+00 7.299713e+00 0.000000e+00 0.000000e+00
1.671720e+02 0.000000e+00 7.256841e+00 0.000000e+00 0.000000e+00
1.681720e+02 0.000000e+00 7.216181e+00 0.000000e+00 0.000000e+00
1.691720e+02 0.000000e+00 7.171559e+00 0.000000e+00 0.000000e+00
1.701720e+02 0.000000e+00 7.131322e+00 0.000000e+00 0.000000e+00
1.711720e+02 0.000000e+00 7.090684e+00 0.000000e+00 0.000000e+00
1.721720e+02 0.000000e+00 7.051800e+00 0.000000e+00 0.000000e+00
1.731720e+02 0.000000e+00 7.010440e+00 0.000000e+00 0.000000e+00
1.741720e+02 0.000000e+00 6.969401e+00 0.000000e+00 0.000000e+00
1.751720e+02 0.000000e+00 6.930032e+00 0.000000e+00 0.000000e+00
1.761720e+02 0.000000e+00 6.891929e+00 0.000000e+00 0.000000e+00
1.771720e+02 0.000000e+00 6.851429e+00 0.000000e+00 0.000000e+00
1.781720e+02 0.000000e+00 6.817035e+00 0.000000e+00 0.000000e+00
1.791720e+02 0.000000e+00 6.783736e+00 0.000000e+00 0.000000e+00
1.801720e+02 0.000000e+00 6.744352e+00 0.000000e+00 0.000000e+00
1.811720e+02 0.000000e+00 6.704570e+00 0.000000e+00 0.000000e+00
1.821720e+02 0.000000e+00 6.670515e+00 0.000000e+00 0.000000e+00
1.831720e+02 0.000000e+00 6.634748e+00 0.000000e+00 0.000000e+00
1.841720e+02 0.000000e+00 6.599596e+00 0.000000e+00 0.000000e+00
1.851720e+02 0.000000e+00 6.565439e+00 0.000000e+00 0.000000e+00
1.861720e+02 0.000000e+00 6.529041e+00 0.000000e+00 0.000000e+00
1.871720e+02 0.000000e+00 6.496843e+00 0.000000e+00 0.000000e+00
1.881720e+02 0.000000e+00 6.462551e+00 0.000000e+00 0.000000e+00
1.891720e+02 0.000000e+00 6.427162e+00 0.000000e+00 0.000000e+00
1.901720e+02 0.000000e+00 6.395463e+00 0.000000e+00 0.000000e+00
1.911720e+02 1.596243e-03 6.361407e+00 2.509261e-04 0.000000e+00
1.921720e+02 0.000000e+00 6.328268e+00 0.000000e+00 0.000000e+00
1.931720e+02 7.018326e-04 6.297138e+00 1.114526e-04 0.000000e+00
1.941720e+02 0.000000e+00 6.266864e+00 0.000000e+00 0.000000e+00
1.951720e+02 0.000000e+00 6.235096e+00 0.000000e+00 0.000000e+00
1.961720e+02 0.000000e+00 6.204417e+00 0.000000e+00 0.000000e+00
1.971720e+02 0.000000e+00 6.173189e+00 0.000000e+00 0.000000e+00
1.981720e+02 0.000000e+00 6.142653e+00 0.000000e+00 0.000000e+00
1.991720e+02 0.000000e+00 6.113914e+00 0.000000e+00 0.000000e+00
2.001720e+02 0.000000e+00 6.084865e+00 0.000000e+00 0.000000e+00
2.011720e+02 2.654972e-03 6.054285e+00 4.385278e-04 0.000000e+00
2.021720e+02 0.000000e+00 6.025589e+00 0.000000e+00 0.000000e+00
2.031720e+02 0.000000e+00 5.997635e+00 0.000000e+00 0.000000e+00
2.041720e+02 0.000000e+00 5.967819e+00 0.000000e+00 0.000000e+00
2.051720e+02 0.000000e+00 5.941351e+00 0.000000e+00 0.000000e+00
2.061720e+02 0.000000e+00 5.917108e+00 0.000000e+00 0.000000e+00
2.071720e+02 0.000000e+00 5.888413e+00 0.000000e+00 0.000000e+00
2.081720e+02 0.000000e+00 5.863936e+00 0.000000e+00 0.000000e+00
2.091720e+02 0.000000e+00 5.837458e+00 0.000000e+00 0.000000e+00
2.101720e+02 0.000000e+00 5.811698e+00 0.000000e+00 0.000000e+00
2.111720e+02 0.000000e+00 5.787908e+00 0.000000e+00 0.000000e+00
2.121720e+02 0.000000e+00 5.761932e+00 0.000000e+00 0.000000e+00
2.131720e+02 0.000000e+00 5.734955e+00 0.000000e+00 0.000000e+00
2.141720e+02 0.000000e+00 5.707182e+00 0.000000e+00 0.000000e+00
2.151720e+02 0.000000e+00 5.683407e+00 0.000000e+00 0.000000e+00
2.161720e+02 0.000000e+00 5.657386e+00 0.000000e+00 0.000000e+00
2.171720e+02 0.000000e+00 5.633295e+00 0.000000e+00 0.000000e+00
2.181720e+02 0.000000e+00 5.607921e+00 0.000000e+00 0.000000e+00
2.191720e+02 0.000000e+00 5.582418e+00 0.000000e+00 0.000000e+00
2.201720e+02 0.000000e+00 5.555632e+00 0.000000e+00 0.000000e+00
2.211720e+02 0.000000e+00 5.530623e+00 0.000000e+00 0.000000e+00
2.221720e+02 0.000000e+00 5.507295e+00 0.000000e+00 0.000000e+00
2.231720e+02 0.000000e+00 5.484999e+00 0.000000e+00 0.000000e+00
2.241720e+02 0.000000e+00 5.462824e+00 0.000000e+00 0.000000e+00
2.251720e+02 0.000000e+00 5.439513e+00 0.000000e+00 0.000000e+00
2.261720e+02 0.000000e+00 5.415712e+00 0.000000e+00 0.000000e+00
2.271720e+02 0.000000e+00 5.395277e+00 0.000000e+00 0.000000e+00
2.281720e+02 0.000000e+00 5.372468e+00 0.000000e+00 0.000000e+00
2.291720e+02 0.000000e+00 5.348918e+00 0.000000e+00 0.000000e+00
2.301720e+02 0.000000e+00 5.325612e+00 0.000000e+00 0.000000e+00
2.311720e+02 0.000000e+00 5.303763e+00 0.000000e+00 0.000000e+00
2.321720e+02 0.000000e+00 5.281721e+00 0.000000e+00 0.000000e+00
2.331720e+02 0.000000e+00 5.258598e+00 0.000000e+00 0.000000e+00
2.341720e+02 0.000000e+00 5.237108e+00 0.000000e+00 0.000000e+00
2.351720e+02 0.000000e+00 5.216806e+00 0.000000e+00 0.000000e+00
2.361720e+02 0.000000e+00 5.194311e+00 0.000000e+00 0.000000e+00
2.371720e+02 0.000000e+00 5.175102e+00 0.000000e+00 0.000000e+00
2.381720e+02 0.000000e+00 5.153189e+00 0.000000e+00 0.000000e+00
2.391720e+02 0.000000e+00 5.131492e+00 0.000000e+00 0.000000e+00
2.401720e+02 0.000000e+00 5.110801e+00 0.000000e+00 0.000000e+00
2.411720e+02 0.000000e+00 5.091257e+00 0.000000e+00 0.000000e+00
2.421720e+02 0.000000e+00 5.070628e+00 0.000000e+00 0.000000e+00
2.431720e+02 0.000000e+00 5.050504e+00 0.000000e+00 0.000000e+00
2.441720e+02 0.000000e+00 5.030177e+00 0.000000e+00 0.000000e+00
2.451720e+02 0.000000e+00 5.011411e+00 0.000000e+00 0.000000e+00
2.461720e+02 0.000000e+00 4.989788e+00 0.000000e+00 0.000000e+00
2.471720e+02 0.000000e+00 4.971698e+00 0.000000e+00 0.000000e+00
2.481720e+02 0.000000e+00 4.952338e+00 0.000000e+00 0.000000e+00
2.491720e+02 0.000000e+00 4.932318e+00 0.000000e+00 0.000000e+00
2.501720e+02 0.000000e+00 4.914791e+00 0.000000e+00 0.000000e+00
2.511720e+02 0.000000e+00 4.894703e+00 0.000000e+00 0.000000e+00
2.521720e+02 0.000000e+00 4.876279e+00 0.000000e+00 0.000000e+00
2.531720e+02 0.000000e+00 4.856368e+00 0.000000e+00 0.000000e+00
2.541720e+02 0.000000e+00 4.837968e+00 0.000000e+00 0.000000e+00
2.551720e+02 0.000000e+00 4.819458e+00 0.000000e+00 0.000000e+00
2.561720e+02 0.000000e+00 4.802767e+00 0.000000e+00 0.000000e+00
2.571720e+02 0.000000e+00 4.785490e+00 0.000000e+00 0.000000e+00
2.581720e+02 0.000000e+00 4.768554e+00 0.000000e+00 0.000000e+00
2.591720e+02 1.284567e-03 4.751719e+00 2.703373e-04 0.000000e+00
2.601720e+02 0.000000e+00 4.733945e+00 0.000000e+00 0.000000e+00
2.611720e+02 0.000000e+00 4.714617e+00 0.000000e+00 0.000000e+00
2.621720e+02 0.000000e+00 4.699041e+00 0.000000e+00 0.000000e+00
2.631720e+02 0.000000e+00 4.682353e+00 0.000000e+00 0.000000e+00
2.641720e+02 0.000000e+00 4.664042e+00 0.000000e+00 0.000000e+00
2.651720e+02 0.000000e+00 4.646488e+00 0.000000e+00 0.000000e+00
2.661720e+02 0.000000e+00 4.631380e+00 0.000000e+00 0.000000e+00
2.671720e+02 0.000000e+00 4.614235e+00 0.000000e+00 0.000000e+00
2.681720e+02 0.000000e+00 4.597405e+00 0.000000e+00 0.000000e+00
2.691720e+02 0.000000e+00 4.582076e+00 0.000000e+00 0.000000e+00
2.701720e+02 0.000000e+00 4.564937e+00 0.000000e+00 0.000000e+00
2.711720e+02 0.000000e+00 4.548828e+00 0.000000e+00 0.000000e+00
2.721720e+02 0.000000e+00 4.534111e+00 0.000000e+00 0.000000e+00
2.731720e+02 0.000000e+00 4.517850e+00 0.000000e+00 0.000000e+00
2.741720e+02 0.000000e+00 4.501410e+00 0.000000e+00 0.000000e+00
2.751720e+02 0.000000e+00 4.485475e+00 0.000000e+00 0.000000e+00
2.761720e+02 0.000000e+00 4.469386e+00 0.000000e+00 0.000000e+00
2.771720e+02 0.000000e+00 4.453336e+00 0.000000e+00 0.000000e+00
2.781720e+02 0.000000e+00 4.437969e+00 0.000000e+00 0.000000e+00
2.791720e+02 0.000000e+00 4.423600e+00 0.000000e+00 0.000000e+00
2.801720e+02 0.000000e+00 4.410504e+00 0.000000e+00 0.000000e+00
2.811720e+02 0.000000e+00 4.395560e+00 0.000000e+00 0.000000e+00
2.821720e+02 0.000000e+00 4.379005e+00 0.000000e+00 0.000000e+00
2.831720e+02 0.000000e+00 4.364846e+00 0.000000e+00 0.000000e+00
2.841720e+02 4.097646e-04 4.351546e+00 9.416529e-05 0.000000e+00
2.851720e+02 0.000000e+00 4.337042e+00 0.000000e+00 0.000000e+00
2.861720e+02 0.000000e+00 4.322150e+00 0.000000e+00 0.000000e+00
2.871720e+02 0.000000e+00 4.309343e+00 0.000000e+00 0.000000e+00
2.881720e+02 0.000000e+00 4.294741e+00 0.000000e+00 0.000000e+00
2.891720e+02 0.000000e+00 4.281349e+00 0.000000e+00 0.000000e+00
2.901720e+02 0.000000e+00 4.267476e+00 0.000000e+00 0.000000e+00
2.911720e+02 0.000000e+00 4.253054e+00 0.000000e+00 0.000000e+00
2.921720e+02 0.000000e+00 4.239952e+00 0.000000e+00 0.000000e+00
2.931720e+02 0.000000e+00 4.225562e+00 0.000000e+00 0.000000e+00
2.941720e+02 0.000000e+00 4.212764e+00 0.000000e+00 0.000000e+00
2.951720e+02 0.000000e+00 4.200025e+00 0.000000e+00 0.000000e+00
2.961720e+02 0.000000e+00 4.187711e+00 0.000000e+00 0.000000e+00
2.971720e+02 0.000000e+00 4.175770e+00 0.000000e+00 0.000000e+00
2.981720e+02 0.000000e+00 4.163149e+00 0.000000e+00 0.000000e+00
2.991720e+02 0.000000e+00 4.149489e+00 0.000000e+00 0.000000e+00
3.001720e+02 0.000000e+00 4.136411e+00 0.000000e+00 0.000000e+00
3.011720e+02 1.197364e-03 4.122621e+00 2.904377e-04 0.000000e+00
3.021720e+02 0.000000e+00 4.108118e+00 0.000000e+00 0.000000e+00
3.031720e+02 0.000000e+00 4.095521e+00 0.000000e+00 0.000000e+00
3.041720e+02 0.000000e+00 4.082241e+00 0.000000e+00 0.000000e+00
3.051720e+02 0.000000e+00 4.070663e+00 0.000000e+00 0.000000e+00
3.061720e+02 0.000000e+00 4.057283e+00 0.000000e+00 0.000000e+00
3.071720e+02 0.000000e+00 4.045214e+00 0.000000e+00 0.000000e+00
3.081720e+02 0.000000e+00 4.034204e+00 0.000000e+00 0.000000e+00
3.091720e+02 0.000000e+00 4.021608e+00 0.000000e+00 0.000000e+00
3.101720e+02 0.000000e+00 4.009888e+00 0.000000e+00 0.000000e+00
3.111720e+02 0.000000e+00 3.998248e+00 0.000000e+00 0.000000e+00
3.121720e+02 0.000000e+00 3.985602e+00 0.000000e+00 0.000000e+00
3.131720e+02 0.000000e+00 3.973317e+00 0.000000e+00 0.000000e+00
3.141720e+02 0.000000e+00 3.961792e+00 0.000000e+00 0.000000e+00
3.151720e+02 0.000000e+00 3.949427e+00 0.000000e+00 0.000000e+00
3.161720e+02 0.000000e+00 3.938601e+00 0.000000e+00 0.000000e+00
3.171720e+02 0.000000e+00 3.927922e+00 0.000000e+00 0.000000e+00
3.181720e+02 0.000000e+00 3.916552e+00 0.000000e+00 0.000000e+00
3.191720e+02 0.000000e+00 3.905680e+00 0.000000e+00 0.000000e+00
3.201720e+02 0.000000e+00 3.894673e+00 0.000000e+00 0.000000e+00
3.211720e+02 0.000000e+00 3.882955e+00 0.000000e+00 0.000000e+00
3.221720e+02 0.000000e+00 3.871099e+00 0.000000e+00 0.000000e+00
3.231720e+02 0.000000e+00 3.860612e+00 0.000000e+00 0.000000e+00
3.241720e+02 0.000000e+00 3.849682e+00 0.000000e+00 0.000000e+00
3.251720e+02 0.000000e+00 3.839772e+00 0.000000e+00 0.000000e+00
3.261720e+02 0.000000e+00 3.828287e+00 0.000000e+00 0.000000e+00
3.271720e+02 0.000000e+00 3.818939e+00 0.000000e+00 0.000000e+00
3.281720e+02 0.000000e+00 3.807105e+00 0.000000e+00 0.000000e+00
3.291720e+02 0.000000e+00 3.795358e+00 0.000000e+00 0.000000e+00
3.301720e+02 0.000000e+00 3.785769e+00 0.000000e+00 0.000000e+00
3.311720e+02 0.000000e+00 3.776049e+00 0.000000e+00 0.000000e+00
3.321720e+02 0.000000e+00 3.766295e+00 0.000000e+00 0.000000e+00
3.331720e+02 0.000000e+00 3.756636e+00 0.000000e+00 0.000000e+00
3.341720e+02 0.000000e+00 3.746082e+00 0.000000e+00 0.000000e+00
3.351720e+02 0.000000e+00 3.736742e+00 0.000000e+00 0.000000e+00
3.361720e+02 0.000000e+00 3.727296e+00 0.000000e+00 0.000000e+00
3.371720e+02 0.000000e+00 3.716930e+00 0.000000e+00 0.000000e+00
3.381720e+02 0.000000e+00 3.706810e+00 0.000000e+00 0.000000e+00
3.391720e+02 0.000000e+00 3.697783e+00 0.000000e+00 0.000000e+00
3.401720e+02 0.000000e+00 3.687492e+00 0.000000e+00 0.000000e+00
3.411720e+02 1.189119e-03 3.677576e+00 3.233431e-04 0.000000e+00
3.421720e+02 0.000000e+00 3.666576e+00 0.000000e+00 0.000000e+00
3.431720e+02 0.000000e+00 3.657951e+00 0.000000e+00 0.000000e+00
3.441720e+02 0.000000e+00 3.647283e+00 0.000000e+00 0.000000e+00
3.451720e+02 0.000000e+00 3.637796e+00 0.000000e+00 0.000000e+00
3.461720e+02 0.000000e+00 3.629256e+00 0.000000e+00 0.000000e+00
3.471720e+02 4.620896e-04 3.619442e+00 1.276687e-04 0.000000e+00
3.481720e+02 0.000000e+00 3.611302e+00 0.000000e+00 0.000000e+00
3.491720e+02 0.000000e+00 3.601165e+00 0.000000e+00 0.000000e+00
3.501720e+02 0.000000e+00 3.591113e+00 0.000000e+00 0.000000e+00
3.511720e+02 0.000000e+00 3.582079e+00 0.000000e+00 0.000000e+00
3.521720e+02 0.000000e+00 3.573600e+00 0.000000e+00 0.000000e+00
3.531720e+02 0.000000e+00 3.564192e+00 0.000000e+00 0.000000e+00
3.541720e+02 0.000000e+00 3.556652e+00 0.000000e+00 0.000000e+00
3.551720e+02 0.000000e+00 3.547964e+00 0.000000e+00 0.000000e+00
3.561720e+02 0.000000e+00 3.540002e+00 0.000000e+00 0.000000e+00
3.571720e+02 0.000000e+00 3.532353e+00 0.000000e+00 0.000000e+00
3.581720e+02 0.000000e+00 3.523021e+00 0.000000e+00 0.000000e+00
3.591720e+02 0.000000e+00 3.514548e+00 0.000000e+00 0.000000e+00
3.601720e+02 0.000000e+00 3.506292e+00 0.000000e+00 0.000000e+00
3.611720e+02 0.000000e+00 3.497235e+00 0.000000e+00 0.000000e+00
3.621720e+02 0.000000e+00 3.488046e+00 0.000000e+00 0.000000e+00
3.631720e+02 0.000000e+00 3.479439e+00 0.000000e+00 0.000000e+00
3.641720e+02 0.000000e+00 3.471389e+00 0.000000e+00 0.000000e+00
3.651720e+02 0.000000e+00 3.461912e+00 0.000000e+00 0.000000e+00
3.661720e+02 0.000000e+00 3.452764e+00 0.000000e+00 0.000000e+00
3.671720e+02 0.000000e+00 3.445425e+00 0.000000e+00 0.000000e+00
3.681720e+02 0.000000e+00 3.437534e+00 0.000000e+00 0.000000e+00
3.691720e+02 0.000000e+00 3.429663e+00 0.000000e+00 0.000000e+00
3.701720e+02 9.688524e-04 3.421604e+00 2.831573e-04 0.000000e+00
3.711720e+02 0.000000e+00 3.413422e+00 0.000000e+00 0.000000e+00
3.721720e+02 0.000000e+00 3.404483e+00 0.000000e+00 0.000000e+00
3.731720e+02 0.000000e+00 3.396496e+00 0.000000e+00 0.000000e+00
3.741720e+02 0.000000e+00 3.388704e+00 0.000000e+00 0.000000e+00
3.751720e+02 0.000000e+00 3.379632e+00 0.000000e+00 0.000000e+00
3.761720e+02 0.000000e+00 3.374574e+00 0.000000e+00 0.000000e+00
3.771720e+02 0.000000e+00 3.367069e+00 0.000000e+00 0.000000e+00
3.781720e+02 0.000000e+00 3.361047e+00 0.000000e+00 0.000000e+00
3.791720e+02 0.000000e+00 3.351602e+00 0.000000e+00 0.000000e+00
3.801720e+02 0.000000e+00 3.343624e+00 0.000000e+00 0.000000e+00
3.811720e+02 0.000000e+00 3.336886e+00 0.000000e+00 0.000000e+00
3.821720e+02 0.000000e+00 3.329541e+00 0.000000e+00 0.000000e+00
3.831720e+02 0.000000e+00 3.321111e+00 0.000000e+00 0.000000e+00
3.841720e+02 1.293038e-03 3.314628e+00 3.901006e-04 0.000000e+00
3.851720e+02 0.000000e+00 3.307729e+00 0.000000e+00 0.000000e+00
3.861720e+02 0.000000e+00 3.300297e+00 0.000000e+00 0.000000e+00
3.871720e+02 0.000000e+00 3.291298e+00 0.000000e+00 0.000000e+00
3.881720e+02 0.000000e+00 3.283422e+00 0.000000e+00 0.000000e+00
3.891720e+02 0.000000e+00 3.276778e+00 0.000000e+00 0.000000e+00
3.901720e+02 0.000000e+00 3.268360e+00 0.000000e+00 0.000000e+00
3.911720e+02 0.000000e+00 3.261546e+00 0.000000e+00 0.000000e+00
3.921720e+02 0.000000e+00 3.254434e+00 0.000000e+00 0.000000e+00
3.931720e+02 0.000000e+00 3.247074e+00 0.000000e+00 0.000000e+00
3.941720e+02 0.000000e+00 3.239241e+00 0.000000e+00 0.000000e+00
3.951720e+02 0.000000e+00 3.232523e+00 0.000000e+00 0.000000e+00
3.961720e+02 0.000000e+00 3.225123e+00 0.000000e+00 0.000000e+00
3.971720e+02 0.000000e+00 3.218690e+00 0.000000e+00 0.000000e+00
3.981720e+02 0.000000e+00 3.211426e+00 0.000000e+00 0.000000e+00
3.991720e+02 0.000000e+00 3.204809e+00 0.000000e+00 0.000000e+00
4.001720e+02 0.000000e+00 3.197738e+00 0.000000e+00 0.000000e+00
4.011720e+02 0.000000e+00 3.190424e+00 0.000000e+00 0.000000e+00
4.021720e+02 0.000000e+00 3.183651e+00 0.000000e+00 0.000000e+00
4.031720e+02 0.000000e+00 3.176321e+00 0.000000e+00 0.000000e+00
4.041720e+02 0.000000e+00 3.168579e+00 0.000000e+00 0.000000e+00
4.051720e+02 0.000000e+00 3.161583e+00 0.000000e+00 0.000000e+00
4.061720e+02 0.000000e+00 3.154163e+00 0.000000e+00 0.000000e+00
4.071720e+02 0.000000e+00 3.147245e+00 0.000000e+00 0.000000e+00
4.081720e+02 0.000000e+00 3.139927e+00 0.000000e+00 0.000000e+00
4.091720e+02 0.000000e+00 3.132965e+00 0.000000e+00 0.000000e+00
4.101720e+02 0.000000e+00 3.125582e+00 0.000000e+00 0.000000e+00
4.111720e+02 0.000000e+00 3.119052e+00 0.000000e+00 0.000000e+00
4.121720e+02 0.000000e+00 3.112560e+00 0.000000e+00 0.000000e+00
4.131720e+02 0.000000e+00 3.104759e+00 0.000000e+00 0.000000e+00
4.141720e+02 0.000000e+00 3.098661e+00 0.000000e+00 0.000000e+00
4.151720e+02 0.000000e+00 3.090813e+00 0.000000e+00 0.000000e+00
4.161720e+02 0.000000e+00 3.085141e+00 0.000000e+00 0.000000e+00
4.171720e+02 0.000000e+00 3.079400e+00 0.000000e+00 0.000000e+00
4.181720e+02 0.000000e+00 3.072739e+00 0.000000e+00 0.000000e+00
4.191720e+02 0.000000e+00 3.066981e+00 0.000000e+00 0.000000e+00
4.201720e+02 0.000000e+00 3.060178e+00 0.000000e+00 0.000000e+00
4.211720e+02 0.000000e+00 3.053768e+00 0.000000e+00 0.000000e+00
4.221720e+02 0.000000e+00 3.047431e+00 0.000000e+00 0.000000e+00
4.231720e+02 0.000000e+00 3.040206e+00 0.000000e+00 0.000000e+00
4.241720e+02 0.000000e+00 3.034996e+00 0.000000e+00 0.000000e+00
4.251720e+02 0.000000e+00 3.028616e+00 0.000000e+00 0.000000e+00
4.261720e+02 0.000000e+00 3.022599e+00 0.000000e+00 0.000000e+00
4.271720e+02 0.000000e+00 3.017041e+00 0.000000e+00 0.000000e+00
4.281720e+02 0.000000e+00 3.010838e+00 0.000000e+00 0.000000e+00
4.291720e+02 0.000000e+00 3.005655e+00 0.000000e+00 0.000000e+00
4.301720e+02 0.000000e+00 2.999158e+00 0.000000e+00 0.000000e+00
4.311720e+02 0.000000e+00 2.993669e+00 0.000000e+00 0.000000e+00
4.321720e+02 0.000000e+00 2.988664e+00 0.000000e+00 0.000000e+00
4.331720e+02 0.000000e+00 2.983757e+00 0.000000e+00 0.000000e+00
4.341720e+02 0.000000e+00 2.977396e+00 0.000000e+00 0.000000e+00
4.351720e+02 0.000000e+00 2.971726e+00 0.000000e+00 0.000000e+00
4.361720e+02 0.000000e+00 2.967233e+00 0.000000e+00 0.000000e+00
4.371720e+02 0.000000e+00 2.960539e+00 0.000000e+00 0.000000e+00
4.381720e+02 0.000000e+00 2.953828e+00 0.000000e+00 0.000000e+00
4.391720e+02 0.000000e+00 2.947102e+00 0.000000e+00 0.000000e+00
4.401720e+02 0.000000e+00 2.941542e+00 0.000000e+00 0.000000e+00
4.411720e+02 0.000000e+00 2.936977e+00 0.000000e+00 0.000000e+00
4.421720e+02 0.000000e+00 2.929670e+00 0.000000e+00 0.000000e+00
4.431720e+02 0.000000e+00 2.924687e+00 0.000000e+00 0.000000e+00
4.441720e+02 0.000000e+00 2.919183e+00 0.000000e+00 0.000000e+00
4.451720e+02 0.000000e+00 2.913805e+00 0.000000e+00 0.000000e+00
4.461720e+02 0.000000e+00 2.907392e+00 0.000000e+00 0.000000e+00
4.471720e+02 0.000000e+00 2.903395e+00 0.000000e+00 0.000000e+00
4.481720e+02 0.000000e+00 2.897451e+00 0.000000e+00 0.000000e+00
4.491720e+02 0.000000e+00 2.892260e+00 0.000000e+00 0.000000e+00
4.501720e+02 0.000000e+00 2.885399e+00 0.000000e+00 0.000000e+00
4.511720e+02 0.000000e+00 2.879638e+00 0.000000e+00 0.000000e+00
4.521720e+02 0.000000e+00 2.874453e+00 0.000000e+00 0.000000e+00
4.531720e+02 0.000000e+00 2.868752e+00 0.000000e+00 0.000000e+00
4.541720e+02 0.000000e+00 2.864259e+00 0.000000e+00 0.000000e+00
4.551720e+02 0.000000e+00 2.859455e+00 0.000000e+00 0.000000e+00
4.561720e+02 0.000000e+00 2.855039e+00 0.000000e+00 0.000000e+00
4.571720e+02 0.000000e+00 2.850469e+00 0.000000e+00 0.000000e+00
4.581720e+02 0.000000e+00 2.845287e+00 0.000000e+00 0.000000e+00
4.591720e+02 0.000000e+00 2.839868e+00 0.000000e+00 0.000000e+00
4.601720e+02 0.000000e+00 2.833764e+00 0.000000e+00 0.000000e+00
4.611720e+02 0.000000e+00 2.828758e+00 0.000000e+00 0.000000e+00
4.621720e+02 0.000000e+00 2.824100e+00 0.000000e+00 0.000000e+00
4.631720e+02 0.000000e+00 2.818979e+00 0.000000e+00 0.000000e+00
4.641720e+02 0.000000e+00 2.813660e+00 0.000000e+00 0.000000e+00
4.651720e+02 0.000000e+00 2.807342e+00 0.000000e+00 0.000000e+00
4.661720e+02 0.000000e+00 2.801725e+00 0.000000e+00 0.000000e+00
4.671720e+02 4.650251e-04 2.796915e+00 1.662636e-04 0.000000e+00
4.681720e+02 0.000000e+00 2.791674e+00 0.000000e+00 0.000000e+00
4.691720e+02 0.000000e+00 2.787823e+00 0.000000e+00 0.000000e+00
4.701720e+02 0.000000e+00 2.781826e+00 0.000000e+00 0.000000e+00
4.711720e+02 0.000000e+00 2.776571e+00 0.000000e+00 0.000000e+00
4.721720e+02 0.000000e+00 2.771113e+00 0.000000e+00 0.000000e+00
4.731720e+02 0.000000e+00 2.764585e+00 0.000000e+00 0.000000e+00
4.741720e+02 0.000000e+00 2.759555e+00 0.000000e+00 0.000000e+00
4.751720e+02 0.000000e+00 2.754344e+00 0.000000e+00 0.000000e+00
4.761720e+02 0.000000e+00 2.748912e+00 0.000000e+00 0.000000e+00
4.771720e+02 0.000000e+00 2.744564e+00 0.000000e+00 0.000000e+00
4.781720e+02 0.000000e+00 2.740307e+00 0.000000e+00 0.000000e+00
4.791720e+02 0.000000e+00 2.735457e+00 0.000000e+00 0.000000e+00
4.801720e+02 0.000000e+00 2.730498e+00 0.000000e+00 0.000000e+00
4.811720e+02 0.000000e+00 2.726034e+00 0.000000e+00 0.000000e+00
4.821720e+02 0.000000e+00 2.722127e+00 0.000000e+00 0.000000e+00
4.831720e+02 0.000000e+00 2.717261e+00 0.000000e+00 0.000000e+00
4.841720e+02 0.000000e+00 2.713657e+00 0.000000e+00 0.000000e+00
4.851720e+02 0.000000e+00 2.708834e+00 0.000000e+00 0.000000e+00
4.861720e+02 0.000000e+00 2.703458e+00 0.000000e+00 0.000000e+00
4.871720e+02 0.000000e+00 2.698876e+00 0.000000e+00 0.000000e+00
4.881720e+02 0.000000e+00 2.693257e+00 0.000000e+00 0.000000e+00
4.891720e+02 0.000000e+00 2.688720e+00 0.000000e+00 0.000000e+00
4.901720e+02 0.000000e+00 2.682128e+00 0.000000e+00 0.000000e+00
4.911720e+02 0.000000e+00 2.678837e+00 0.000000e+00 0.000000e+00
4.921720e+02 0.000000e+00 2.673433e+00 0.000000e+00 0.000000e+00
4.931720e+02 0.000000e+00 2.668392e+00 0.000000e+00 0.000000e+00
4.941720e+02 0.000000e+00 2.663252e+00 0.000000e+00 0.000000e+00
4.951720e+02 0.000000e+00 2.659094e+00 0.000000e+00 0.000000e+00
4.961720e+02 0.000000e+00 2.654301e+00 0.000000e+00 0.000000e+00
4.971720e+02 0.000000e+00 2.650128e+00 0.000000e+00 0.000000e+00
4.981720e+02 0.000000e+00 2.645448e+00 0.000000e+00 0.000000e+00
4.991720e+02 0.000000e+00 2.639960e+00 0.000000e+00 0.000000e+00
5.001720e+02 0.000000e+00 2.636979e+00 0.000000e+00 0.000000e+00
5.011720e+02 0.000000e+00 2.632771e+00 0.000000e+00 0.000000e+00
5.021720e+02 0.000000e+00 2.627633e+00 0.000000e+00 0.000000e+00
5.031720e+02 0.000000e+00 2.623386e+00 0.000000e+00 0.000000e+00
5.041720e+02 0.000000e+00 2.619332e+00 0.000000e+00 0.000000e+00
5.051720e+02 0.000000e+00 2.614995e+00 0.000000e+00 0.000000e+00
5.061720e+02 0.000000e+00 2.609743e+00 0.000000e+00 0.000000e+00
5.071720e+02 0.000000e+00 2.606742e+00 0.000000e+00 0.000000e+00
5.081720e+02 0.000000e+00 2.601881e+00 0.000000e+00 0.000000e+00
5.091720e+02 0.000000e+00 2.598338e+00 0.000000e+00 0.000000e+00
5.101720e+02 0.000000e+00 2.595019e+00 0.000000e+00 0.000000e+00
5.111720e+02 0.000000e+00 2.590494e+00 0.000000e+00 0.000000e+00
5.121740e+02 0.000000e+00 2.591034e+00 0.000000e+00 0.000000e+00
5.131760e+02 0.000000e+00 2.587584e+00 0.000000e+00 0.000000e+00
5.141780e+02 0.000000e+00 2.583324e+00 0.000000e+00 0.000000e+00
5.151800e+02 0.000000e+00 2.578748e+00 0.000000e+00 0.000000e+00
5.161820e+02 0.000000e+00 2.575806e+00 0.000000e+00 0.000000e+00
5.171840e+02 0.000000e+00 2.571690e+00 0.000000e+00 0.000000e+00
5.181860e+02 0.000000e+00 2.567489e+00 0.000000e+00 0.000000e+00
5.191880e+02 0.000000e+00 2.565034e+00 0.000000e+00 0.000000e+00
5.201900e+02 0.000000e+00 2.561664e+00 0.000000e+00 0.000000e+00
5.211920e+02 0.000000e+00 2.557862e+00 0.000000e+00 0.000000e+00
5.221940e+02 0.000000e+00 2.554025e+00 0.000000e+00 0.000000e+00
5.231960e+02 0.000000e+00 2.549265e+00 0.000000e+00 0.000000e+00
5.241980e+02 0.000000e+00 2.545343e+00 0.000000e+00 0.000000e+00
5.252000e+02 0.000000e+00 2.540920e+00 0.000000e+00 0.000000e+00
5.262020e+02 0.000000e+00 2.536470e+00 0.000000e+00 0.000000e+00
5.272040e+02 0.000000e+00 2.533467e+00 0.000000e+00 0.000000e+00
5.282060e+02 0.000000e+00 2.529148e+00 0.000000e+00 0.000000e+00
5.292080e+02 0.000000e+00 2.524663e+00 0.000000e+00 0.000000e+00
5.302100e+02 0.000000e+00 2.520789e+00 0.000000e+00 0.000000e+00
5.312120e+02 0.000000e+00 2.516216e+00 0.000000e+00 0.000000e+00
5.322140e+02 0.000000e+00 2.512413e+00 0.000000e+00 0.000000e+00
5.332160e+02 0.000000e+00 2.508334e+00 0.000000e+00 0.000000e+00
5.342180e+02 0.000000e+00 2.504726e+00 0.000000e+00 0.000000e+00
5.352200e+02 0.000000e+00 2.499665e+00 0.000000e+00 0.000000e+00
5.362220e+02 0.000000e+00 2.495799e+00 0.000000e+00 0.000000e+00
5.372240e+02 0.000000e+00 2.492132e+00 0.000000e+00 0.000000e+00
5.382260e+02 0.000000e+00 2.488914e+00 0.000000e+00 0.000000e+00
5.392280e+02 0.000000e+00 2.484597e+00 0.000000e+00 0.000000e+00
5.402300e+02 0.000000e+00 2.480998e+00 0.000000e+00 0.000000e+00
5.412320e+02 0.000000e+00 2.477614e+00 0.000000e+00 0.000000e+00
5.422340e+02 0.000000e+00 2.473762e+00 0.000000e+00 0.000000e+00
5.432360e+02 0.000000e+00 2.468993e+00 0.000000e+00 0.000000e+00
5.442380e+02 0.000000e+00 2.465075e+00 0.000000e+00 0.000000e+00
5.452400e+02 0.000000e+00 2.461004e+00 0.000000e+00 0.000000e+00
5.462420e+02 0.000000e+00 2.458346e+00 0.000000e+00 0.000000e+00
5.472440e+02 0.000000e+00 2.455175e+00 0.000000e+00 0.000000e+00
5.482460e+02 0.000000e+00 2.451047e+00 0.000000e+00 0.000000e+00
5.492480e+02 0.000000e+00 2.448185e+00 0.000000e+00 0.000000e+00
5.502500e+02 0.000000e+00 2.444334e+00 0.000000e+00 0.000000e+00
5.512520e+02 0.000000e+00 2.440150e+00 0.000000e+00 0.000000e+00
5.522540e+02 0.000000e+00 2.436783e+00 0.000000e+00 0.000000e+00
5.532560e+02 0.000000e+00 2.433421e+00 0.000000e+00 0.000000e+00
5.542580e+02 0.000000e+00 2.429448e+00 0.000000e+00 0.000000e+00
5.552600e+02 0.000000e+00 2.426097e+00 0.000000e+00 0.000000e+00
5.562620e+02 0.000000e+00 2.423006e+00 0.000000e+00 0.000000e+00
5.572640e+02 0.000000e+00 2.419216e+00 0.000000e+00 0.000000e+00
5.582660e+02 0.000000e+00 2.414730e+00 0.000000e+00 0.000000e+00
5.592680e+02 0.000000e+00 2.411529e+00 0.000000e+00 0.000000e+00
5.602700e+02 0.000000e+00 2.408174e+00 0.000000e+00 0.000000e+00
5.612720e+02 0.000000e+00 2.404112e+00 0.000000e+00 0.000000e+00
5.622740e+02 0.000000e+00 2.400422e+00 0.000000e+00 0.000000e+00
5.632760e+02 0.000000e+00 2.397035e+00 0.000000e+00 0.000000e+00
5.642780e+02 0.000000e+00 2.393378e+00 0.000000e+00 0.000000e+00
5.652800e+02 0.000000e+00 2.389918e+00 0.000000e+00 0.000000e+00
5.662820e+02 0.000000e+00 2.386591e+00 0.000000e+00 0.000000e+00
5.672840e+02 0.000000e+00 2.382675e+00 0.000000e+00 0.000000e+00
5.682860e+02 0.000000e+00 2.379500e+00 0.000000e+00 0.000000e+00
5.692880e+02 0.000000e+00 2.376475e+00 0.000000e+00 0.000000e+00
5.702900e+02 0.000000e+00 2.372589e+00 0.000000e+00 0.000000e+00
5.712920e+02 0.000000e+00 2.369801e+00 0.000000e+00 0.000000e+00
5.722940e+02 0.000000e+00 2.366201e+00 0.000000e+00 0.000000e+00
5.732960e+02 0.000000e+00 2.362280e+00 0.000000e+00 0.000000e+00
5.742980e+02 0.000000e+00 2.358937e+00 0.000000e+00 0.000000e+00
5.753000e+02 0.000000e+00 2.354982e+00 0.000000e+00 0.000000e+00
5.763020e+02 0.000000e+00 2.351679e+00 0.000000e+00 0.000000e+00
5.773040e+02 0.000000e+00 2.348499e+00 0.000000e+00 0.000000e+00
5.783060e+02 0.000000e+00 2.344928e+00 0.000000e+00 0.000000e+00
5.793080e+02 0.000000e+00 2.341691e+00 0.000000e+00 0.000000e+00
5.803100e+02 0.000000e+00 2.338827e+00 0.000000e+00 0.000000e+00
5.813120e+02 0.000000e+00 2.335843e+00 0.000000e+00 0.000000e+00
5.823140e+02 0.000000e+00 2.333053e+00 0.000000e+00 0.000000e+00
5.833160e+02 0.000000e+00 2.330306e+00 0.000000e+00 0.000000e+00
5.843180e+02 0.000000e+00 2.327014e+00 0.000000e+00 0.000000e+00
5.853200e+02 0.000000e+00 2.322966e+00 0.000000e+00 0.000000e+00
5.863220e+02 0.000000e+00 2.320769e+00 0.000000e+00 0.000000e+00
5.873240e+02 0.000000e+00 2.317237e+00 0.000000e+00 0.000000e+00
5.883260e+02 0.000000e+00 2.314796e+00 0.000000e+00 0.000000e+00
5.893280e+02 0.000000e+00 2.311128e+00 0.000000e+00 0.000000e+00
5.903300e+02 0.000000e+00 2.307924e+00 0.000000e+00 0.000000e+00
5.913320e+02 0.000000e+00 2.304825e+00 0.000000e+00 0.000000e+00
5.923340e+02 0.000000e+00 2.302219e+00 0.000000e+00 0.000000e+00
5.933360e+02 0.000000e+00 2.300116e+00 0.000000e+00 0.000000e+00
5.943380e+02 0.000000e+00 2.297310e+00 0.000000e+00 0.000000e+00
5.953400e+02 0.000000e+00 2.295080e+00 0.000000e+00 0.000000e+00
5.963420e+02 0.000000e+00 2.292336e+00 0.000000e+00 0.000000e+00
5.973440e+02 0.000000e+00 2.289248e+00 0.000000e+00 0.000000e+00
5.983460e+02 0.000000e+00 2.285883e+00 0.000000e+00 0.000000e+00
5.993480e+02 0.000000e+00 2.282768e+00 0.000000e+00 0.000000e+00
6.003500e+02 0.000000e+00 2.280002e+00 0.000000e+00 0.000000e+00
6.013520e+02 0.000000e+00 2.277118e+00 0.000000e+00 0.000000e+00
6.023540e+02 0.000000e+00 2.274173e+00 0.000000e+00 0.000000e+00
6.033560e+02 0.000000e+00 2.271205e+00 0.000000e+00 0.000000e+00
6.043580e+02 0.000000e+00 2.267821e+00 0.000000e+00 0.000000e+00
6.053600e+02 0.000000e+00 2.265446e+00 0.000000e+00 0.000000e+00
6.063620e+02 0.000000e+00 2.261304e+00 0.000000e+00 0.000000e+00
6.073640e+02 0.000000e+00 2.258799e+00 0.000000e+00 0.000000e+00
6.083660e+02 0.000000e+00 2.256041e+00 0.000000e+00 0.000000e+00
6.093680e+02 0.000000e+00 2.254009e+00 0.000000e+00 0.000000e+00
6.103700e+02 0.000000e+00 2.250966e+00 0.000000e+00 0.000000e+00
6.113720e+02 0.000000e+00 2.247665e+00 0.000000e+00 0.000000e+00
6.123740e+02 0.000000e+00 2.243891e+00 0.000000e+00 0.000000e+00
6.133760e+02 0.000000e+00 2.241493e+00 0.000000e+00 0.000000e+00
6.143780e+02 0.000000e+00 2.238856e+00 0.000000e+00 0.000000e+00
6.153800e+02 0.000000e+00 2.237143e+00 0.000000e+00 0.000000e+00
6.163820e+02 4.178428e-04 2.233804e+00 1.870544e-04 0.000000e+00
6.173840e+02 0.000000e+00 2.230933e+00 0.000000e+00 0.000000e+00
6.183860e+02 0.000000e+00 2.228030e+00 0.000000e+00 0.000000e+00
6.193880e+02 0.000000e+00 2.224859e+00 0.000000e+00 0.000000e+00
6.203900e+02 0.000000e+00 2.221500e+00 0.000000e+00 0.000000e+00
6.213920e+02 0.000000e+00 2.218570e+00 0.000000e+00 0.000000e+00
6.223940e+02 0.000000e+00 2.215588e+00 0.000000e+00 0.000000e+00
6.233960e+02 0.000000e+00 2.212425e+00 0.000000e+00 0.000000e+00
6.243980e+02 0.000000e+00 2.210523e+00 0.000000e+00 0.000000e+00
6.254000e+02 0.000000e+00 2.208223e+00 0.000000e+00 0.000000e+00
6.264020e+02 0.000000e+00 2.204103e+00 0.000000e+00 0.000000e+00
6.274040e+02 0.000000e+00 2.201703e+00 0.000000e+00 0.000000e+00
6.284060e+02 0.000000e+00 2.198562e+00 0.000000e+00 0.000000e+00
6.294080e+02 0.000000e+00 2.197506e+00 0.000000e+00 0.000000e+00
6.304100e+02 0.000000e+00 2.193995e+00 0.000000e+00 0.000000e+00
6.314120e+02 0.000000e+00 2.191663e+00 0.000000e+00 0.000000e+00
6.324140e+02 0.000000e+00 2.188723e+00 0.000000e+00 0.000000e+00
6.334160e+02 0.000000e+00 2.185081e+00 0.000000e+00 0.000000e+00
6.344180e+02 0.000000e+00 2.181909e+00 0.000000e+00 0.000000e+00
6.354200e+02 0.000000e+00 2.179700e+00 0.000000e+00 0.000000e+00
6.364220e+02 0.000000e+00 2.174998e+00 0.000000e+00 0.000000e+00
6.374240e+02 0.000000e+00 2.173211e+00 0.000000e+00 0.000000e+00
6.384260e+02 0.000000e+00 2.170674e+00 0.000000e+00 0.000000e+00
6.394280e+02 0.000000e+00 2.168165e+00 0.000000e+00 0.000000e+00
6.404300e+02 0.000000e+00 2.166502e+00 0.000000e+00 0.000000e+00
6.414320e+02 0.000000e+00 2.163374e+00 0.000000e+00 0.000000e+00
6.424340e+02 0.000000e+00 2.161276e+00 0.000000e+00 0.000000e+00
6.434360e+02 0.000000e+00 2.159612e+00 0.000000e+00 0.000000e+00
6.444380e+02 0.000000e+00 2.156984e+00 0.000000e+00 0.000000e+00
6.454400e+02 0.000000e+00 2.155050e+00 0.000000e+00 0.000000e+00
6.464420e+02 0.000000e+00 2.153219e+00 0.000000e+00 0.000000e+00
6.474440e+02 0.000000e+00 2.149892e+00 0.000000e+00 0.000000e+00
6.484460e+02 0.000000e+00 2.147680e+00 0.000000e+00 0.000000e+00
6.494480e+02 0.000000e+00 2.145469e+00 0.000000e+00 0.000000e+00
6.504500e+02 0.000000e+00 2.143241e+00 0.000000e+00 0.000000e+00
6.514520e+02 0.000000e+00 2.141306e+00 0.000000e+00 0.000000e+00
6.524540e+02 0.000000e+00 2.138774e+00 0.000000e+00 0.000000e+00
6.534560e+02 0.000000e+00 2.135377e+00 0.000000e+00 0.000000e+00
6.544580e+02 0.000000e+00 2.132870e+00 0.000000e+00 0.000000e+00
6.554600e+02 0.000000e+00 2.130700e+00 0.000000e+00 0.000000e+00
6.564620e+02 0.000000e+00 2.127708e+00 0.000000e+00 0.000000e+00
6.574640e+02 0.000000e+00 2.124723e+00 0.000000e+00 0.000000e+00
6.584660e+02 0.000000e+00 2.123346e+00 0.000000e+00 0.000000e+00
6.594680e+02 0.000000e+00 2.121123e+00 0.000000e+00 0.000000e+00
6.604700e+02 0.000000e+00 2.118961e+00 0.000000e+00 0.000000e+00
6.614720e+02 0.000000e+00 2.116761e+00 0.000000e+00 0.000000e+00
6.624740e+02 0.000000e+00 2.114735e+00 0.000000e+00 0.000000e+00
6.634760e+02 0.000000e+00 2.112412e+00 0.000000e+00 0.000000e+00
6.644780e+02 0.000000e+00 2.109919e+00 0.000000e+00 0.000000e+00
6.654800e+02 0.000000e+00 2.106731e+00 0.000000e+00 0.000000e+00
6.664820e+02 0.000000e+00 2.105921e+00 0.000000e+00 0.000000e+00
6.674840e+02 0.000000e+00 2.103775e+00 0.000000e+00 0.000000e+00
6.684860e+02 0.000000e+00 2.101599e+00 0.000000e+00 0.000000e+00
6.694880e+02 0.000000e+00 2.099056e+00 0.000000e+00 0.000000e+00
6.704900e+02 0.000000e+00 2.097082e+00 0.000000e+00 0.000000e+00
6.714920e+02 0.000000e+00 2.095170e+00 0.000000e+00 0.000000e+00
6.724940e+02 0.000000e+00 2.093400e+00 0.000000e+00 0.000000e+00
6.734960e+02 0.000000e+00 2.091408e+00 0.000000e+00 0.000000e+00
6.744980e+02 0.000000e+00 2.088687e+00 0.000000e+00 0.000000e+00
6.755000e+02 0.000000e+00 2.086939e+00 0.000000e+00 0.000000e+00
6.765020e+02 0.000000e+00 2.083854e+00 0.000000e+00 0.000000e+00
6.775040e+02 0.000000e+00 2.081835e+00 0.000000e+00 0.000000e+00
6.785060e+02 0.000000e+00 2.079534e+00 0.000000e+00 0.000000e+00
6.795080e+02 0.000000e+00 2.077211e+00 0.000000e+00 0.000000e+00
6.805100e+02 0.000000e+00 2.075679e+00 0.000000e+00 0.000000e+00
6.815120e+02 0.000000e+00 2.073613e+00 0.000000e+00 0.000000e+00
6.825140e+02 0.000000e+00 2.071302e+00 0.000000e+00 0.000000e+00
6.835160e+02 0.000000e+00 2.069295e+00 0.000000e+00 0.000000e+00
6.845180e+02 0.000000e+00 2.067399e+00 0.000000e+00 0.000000e+00
6.855200e+02 0.000000e+00 2.064981e+00 0.000000e+00 0.000000e+00
6.865220e+02 0.000000e+00 2.062056e+00 0.000000e+00 0.000000e+00
6.875240e+02 0.000000e+00 2.060051e+00 0.000000e+00 0.000000e+00
6.885260e+02 0.000000e+00 2.058040e+00 0.000000e+00 0.000000e+00
6.895280e+02 0.000000e+00 2.055833e+00 0.000000e+00 0.000000e+00
6.905300e+02 0.000000e+00 2.053199e+00 0.000000e+00 0.000000e+00
6.915320e+02 0.000000e+00 2.050866e+00 0.000000e+00 0.000000e+00
6.925340e+02 0.000000e+00 2.048711e+00 0.000000e+00 0.000000e+00
6.935360e+02 0.000000e+00 2.046640e+00 0.000000e+00 0.000000e+00
6.945380e+02 0.000000e+00 2.044334e+00 0.000000e+00 0.000000e+00
6.955400e+02 0.000000e+00 2.041934e+00 0.000000e+00 0.000000e+00
6.965420e+02 0.000000e+00 2.039711e+00 0.000000e+00 0.000000e+00
6.975440e+02 0.000000e+00 2.037066e+00 0.000000e+00 0.000000e+00
6.985460e+02 0.000000e+00 2.034215e+00 0.000000e+00 0.000000e+00
6.995480e+02 0.000000e+00 2.032283e+00 0.000000e+00 0.000000e+00
7.005500e+02 0.000000e+00 2.030079e+00 0.000000e+00 0.000000e+00
7.015520e+02 0.000000e+00 2.027067e+00 0.000000e+00 0.000000e+00
7.025540e+02 0.000000e+00 2.025496e+00 0.000000e+00 0.000000e+00
7.035560e+02 0.000000e+00 2.023007e+00 0.000000e+00 0.000000e+00
7.045580e+02 0.000000e+00 2.021431e+00 0.000000e+00 0.000000e+00
7.055600e+02 0.000000e+00 2.019948e+00 0.000000e+00 0.000000e+00
7.065620e+02 5.111945e-05 2.017824e+00 2.533395e-05 0.000000e+00
7.075640e+02 0.000000e+00 2.015761e+00 0.000000e+00 0.000000e+00
7.085660e+02 0.000000e+00 2.014289e+00 0.000000e+00 0.000000e+00
7.095680e+02 0.000000e+00 2.012933e+00 0.000000e+00 0.000000e+00
7.105700e+02 0.000000e+00 2.011464e+00 0.000000e+00 0.000000e+00
7.115720e+02 0.000000e+00 2.009376e+00 0.000000e+00 0.000000e+00
7.125740e+02 0.000000e+00 2.008055e+00 0.000000e+00 0.000000e+00
7.135760e+02 0.000000e+00 2.006006e+00 0.000000e+00 0.000000e+00
7.145780e+02 0.000000e+00 2.004184e+00 0.000000e+00 0.000000e+00
7.155800e+02 0.000000e+00 2.002308e+00 0.000000e+00 0.000000e+00
7.165820e+02 0.000000e+00 1.999934e+00 0.000000e+00 0.000000e+00
7.175840e+02 0.000000e+00 1.998166e+00 0.000000e+00 0.000000e+00
7.185860e+02 1.190540e-04 1.996102e+00 5.964322e-05 0.000000e+00
7.195880e+02 0.000000e+00 1.994337e+00 0.000000e+00 0.000000e+00
7.205900e+02 0.000000e+00 1.992435e+00 0.000000e+00 0.000000e+00
7.215920e+02 0.000000e+00 1.990292e+00 0.000000e+00 0.000000e+00
7.225940e+02 0.000000e+00 1.988125e+00 0.000000e+00 0.000000e+00
7.235960e+02 0.000000e+00 1.986989e+00 0.000000e+00 0.000000e+00
7.245980e+02 0.000000e+00 1.984841e+00 0.000000e+00 0.000000e+00
7.256000e+02 0.000000e+00 1.982359e+00 0.000000e+00 0.000000e+00
7.266020e+02 0.000000e+00 1.980276e+00 0.000000e+00 0.000000e+00
7.276040e+02 0.000000e+00 1.978303e+00 0.000000e+00 0.000000e+00
7.286060e+02 0.000000e+00 1.976460e+00 0.000000e+00 0.000000e+00
7.296080e+02 0.000000e+00 1.975033e+00 0.000000e+00 0.000000e+00
7.306100e+02 0.000000e+00 1.972851e+00 0.000000e+00 0.000000e+00
7.316120e+02 0.000000e+00 1.971471e+00 0.000000e+00 0.000000e+00
7.326140e+02 0.000000e+00 1.968892e+00 0.000000e+00 0.000000e+00
7.336160e+02 0.000000e+00 1.967406e+00 0.000000e+00 0.000000e+00
7.346180e+02 0.000000e+00 1.965125e+00 0.000000e+00 0.000000e+00
7.356200e+02 0.000000e+00 1.962160e+00 0.000000e+00 0.000000e+00
7.366220e+02 0.000000e+00 1.960082e+00 0.000000e+00 0.000000e+00
7.376240e+02 0.000000e+00 1.957710e+00 0.000000e+00 0.000000e+00
7.386260e+02 0.000000e+00 1.956133e+00 0.000000e+00 0.000000e+00
7.396280e+02 0.000000e+00 1.953656e+00 0.000000e+00 0.000000e+00
7.406300e+02 0.000000e+00 1.952182e+00 0.000000e+00 0.000000e+00
7.416320e+02 0.000000e+00 1.950829e+00 0.000000e+00 0.000000e+00
7.426340e+02 0.000000e+00 1.947830e+00 0.000000e+00 0.000000e+00
7.436360e+02 0.000000e+00 1.946870e+00 0.000000e+00 0.000000e+00
7.446380e+02 0.000000e+00 1.945202e+00 0.000000e+00 0.000000e+00
7.456400e+02 0.000000e+00 1.943298e+00 0.000000e+00 0.000000e+00
7.466420e+02 0.000000e+00 1.941517e+00 0.000000e+00 0.000000e+00
7.476440e+02 0.000000e+00 1.939723e+00 0.000000e+00 0.000000e+00
7.486460e+02 0.000000e+00 1.938001e+00 0.000000e+00 0.000000e+00
7.496480e+02 0.000000e+00 1.936549e+00 0.000000e+00 0.000000e+00
7.506500e+02 0.000000e+00 1.934538e+00 0.000000e+00 0.000000e+00
7.516520e+02 0.000000e+00 1.932554e+00 0.000000e+00 0.000000e+00
7.526540e+02 0.000000e+00 1.930616e+00 0.000000e+00 0.000000e+00
7.536560e+02 0.000000e+00 1.928523e+00 0.000000e+00 0.000000e+00
7.546580e+02 0.000000e+00 1.926667e+00 0.000000e+00 0.000000e+00
7.556600e+02 0.000000e+00 1.924568e+00 0.000000e+00 0.000000e+00
7.566620e+02 0.000000e+00 1.921769e+00 0.000000e+00 0.000000e+00
7.576640e+02 0.000000e+00 1.920766e+00 0.000000e+00 0.000000e+00
7.586660e+02 0.000000e+00 1.918445e+00 0.000000e+00 0.000000e+00
7.596680e+02 0.000000e+00 1.916342e+00 0.000000e+00 0.000000e+00
7.606700e+02 0.000000e+00 1.915058e+00 0.000000e+00 0.000000e+00
7.616720e+02 0.000000e+00 1.913316e+00 0.000000e+00 0.000000e+00
7.626740e+02 0.000000e+00 1.911668e+00 0.000000e+00 0.000000e+00
7.636760e+02 0.000000e+00 1.910622e+00 0.000000e+00 0.000000e+00
7.646780e+02 0.000000e+00 1.908957e+00 0.000000e+00 0.000000e+00
7.656800e+02 3.572239e-04 1.907282e+00 1.872948e-04 0.000000e+00
7.666820e+02 0.000000e+00 1.906118e+00 0.000000e+00 0.000000e+00
7.676840e+02 0.000000e+00 1.904575e+00 0.000000e+00 0.000000e+00
7.686860e+02 0.000000e+00 1.902150e+00 0.000000e+00 0.000000e+00
7.696880e+02 0.000000e+00 1.899815e+00 0.000000e+00 0.000000e+00
7.706900e+02 0.000000e+00 1.897700e+00 0.000000e+00 0.000000e+00
7.716920e+02 0.000000e+00 1.896152e+00 0.000000e+00 0.000000e+00
7.726940e+02 0.000000e+00 1.894279e+00 0.000000e+00 0.000000e+00
7.736960e+02 0.000000e+00 1.892118e+00 0.000000e+00 0.000000e+00
7.746980e+02 0.000000e+00 1.890745e+00 0.000000e+00 0.000000e+00
7.757000e+02 0.000000e+00 1.888672e+00 0.000000e+00 0.000000e+00
7.767020e+02 0.000000e+00 1.886868e+00 0.000000e+00 0.000000e+00
7.777040e+02 0.000000e+00 1.884991e+00 0.000000e+00 0.000000e+00
7.787060e+02 0.000000e+00 1.884081e+00 0.000000e+00 0.000000e+00
7.797080e+02 0.000000e+00 1.882408e+00 0.000000e+00 0.000000e+00
7.807100e+02 0.000000e+00 1.880367e+00 0.000000e+00 0.000000e+00
7.817120e+02 0.000000e+00 1.877993e+00 0.000000e+00 0.000000e+00
7.827140e+02 0.000000e+00 1.876990e+00 0.000000e+00 0.000000e+00
7.837160e+02 0.000000e+00 1.875223e+00 0.000000e+00 0.000000e+00
7.847180e+02 0.000000e+00 1.873276e+00 0.000000e+00 0.000000e+00
7.857200e+02 0.000000e+00 1.871781e+00 0.000000e+00 0.000000e+00
7.867220e+02 5.402462e-04 1.869634e+00 2.889582e-04 0.000000e+00
7.877240e+02 0.000000e+00 1.868443e+00 0.000000e+00 0.000000e+00
7.887260e+02 0.000000e+00 1.867804e+00 0.000000e+00 0.000000e+00
7.897280e+02 0.000000e+00 1.866428e+00 0.000000e+00 0.000000e+00
7.907300e+02 0.000000e+00 1.865492e+00 0.000000e+00 0.000000e+00
7.917320e+02 0.000000e+00 1.863608e+00 0.000000e+00 0.000000e+00
7.927340e+02 0.000000e+00 1.862852e+00 0.000000e+00 0.000000e+00
7.937360e+02 0.000000e+00 1.861036e+00 0.000000e+00 0.000000e+00
7.947380e+02 0.000000e+00 1.859437e+00 0.000000e+00 0.000000e+00
7.957400e+02 0.000000e+00 1.858062e+00 0.000000e+00 0.000000e+00
7.967420e+02 0.000000e+00 1.856420e+00 0.000000e+00 0.000000e+00
7.977440e+02 0.000000e+00 1.855517e+00 0.000000e+00 0.000000e+00
7.987460e+02 0.000000e+00 1.853334e+00 0.000000e+00 0.000000e+00
7.997480e+02 0.000000e+00 1.851922e+00 0.000000e+00 0.000000e+00
8.007500e+02 0.000000e+00 1.849292e+00 0.000000e+00 0.000000e+00
8.017520e+02 0.000000e+00 1.847970e+00 0.000000e+00 0.000000e+00
8.027540e+02 0.000000e+00 1.846161e+00 0.000000e+00 0.000000e+00
8.037560e+02 0.000000e+00 1.844350e+00 0.000000e+00 0.000000e+00
8.047580e+02 0.000000e+00 1.842163e+00 0.000000e+00 0.000000e+00
8.057600e+02 0.000000e+00 1.840875e+00 0.000000e+00 0.000000e+00
8.067620e+02 0.000000e+00 1.839305e+00 0.000000e+00 0.000000e+00
8.077640e+02 0.000000e+00 1.838440e+00 0.000000e+00 0.000000e+00
8.087660e+02 0.000000e+00 1.837495e+00 0.000000e+00 0.000000e+00
8.097680e+02 0.000000e+00 1.836364e+00 0.000000e+00 0.000000e+00
8.107700e+02 0.000000e+00 1.834430e+00 0.000000e+00 0.000000e+00
8.117720e+02 0.000000e+00 1.832992e+00 0.000000e+00 0.000000e+00
8.127740e+02 0.000000e+00 1.832116e+00 0.000000e+00 0.000000e+00
8.137760e+02 0.000000e+00 1.830370e+00 0.000000e+00 0.000000e+00
8.147780e+02 0.000000e+00 1.828875e+00 0.000000e+00 0.000000e+00
8.157800e+02 0.000000e+00 1.827953e+00 0.000000e+00 0.000000e+00
8.167820e+02 0.000000e+00 1.826262e+00 0.000000e+00 0.000000e+00
8.177840e+02 0.000000e+00 1.824921e+00 0.000000e+00 0.000000e+00
8.187860e+02 0.000000e+00 1.823189e+00 0.000000e+00 0.000000e+00
8.197880e+02 0.000000e+00 1.822306e+00 0.000000e+00 0.000000e+00
8.207900e+02 3.593176e-04 1.821215e+00 1.972955e-04 0.000000e+00
8.217920e+02 0.000000e+00 1.820490e+00 0.000000e+00 0.000000e+00
8.227940e+02 0.000000e+00 1.819107e+00 0.000000e+00 0.000000e+00
8.237960e+02 0.000000e+00 1.817623e+00 0.000000e+00 0.000000e+00
8.247980e+02 0.000000e+00 1.816320e+00 0.000000e+00 0.000000e+00
8.258000e+02 0.000000e+00 1.813998e+00 0.000000e+00 0.000000e+00
8.268020e+02 0.000000e+00 1.812407e+00 0.000000e+00 0.000000e+00
8.278040e+02 0.000000e+00 1.810588e+00 0.000000e+00 0.000000e+00
8.288060e+02 4.051030e-04 1.809041e+00 2.239325e-04 0.000000e+00
8.298080e+02 0.000000e+00 1.806824e+00 0.000000e+00 0.000000e+00
8.308100e+02 0.000000e+00 1.805853e+00 0.000000e+00 0.000000e+00
8.318120e+02 0.000000e+00 1.804896e+00 0.000000e+00 0.000000e+00
8.328140e+02 0.000000e+00 1.804189e+00 0.000000e+00 0.000000e+00
8.338160e+02 0.000000e+00 1.801571e+00 0.000000e+00 0.000000e+00
8.348180e+02 0.000000e+00 1.800802e+00 0.000000e+00 0.000000e+00
8.358200e+02 0.000000e+00 1.799641e+00 0.000000e+00 0.000000e+00
8.368220e+02 0.000000e+00 1.798305e+00 0.000000e+00 0.000000e+00
8.378240e+02 0.000000e+00 1.797106e+00 0.000000e+00 0.000000e+00
8.388260e+02 0.000000e+00 1.796250e+00 0.000000e+00 0.000000e+00
8.398280e+02 0.000000e+00 1.794749e+00 0.000000e+00 0.000000e+00
8.408300e+02 0.000000e+00 1.793014e+00 0.000000e+00 0.000000e+00
8.418320e+02 0.000000e+00 1.791696e+00 0.000000e+00 0.000000e+00
8.428340e+02 0.000000e+00 1.790777e+00 0.000000e+00 0.000000e+00
8.438360e+02 0.000000e+00 1.789192e+00 0.000000e+00 0.000000e+00
8.448380e+02 0.000000e+00 1.788141e+00 0.000000e+00 0.000000e+00
8.458400e+02 0.000000e+00 1.786965e+00 0.000000e+00 0.000000e+00
8.468420e+02 0.000000e+00 1.785661e+00 0.000000e+00 0.000000e+00
8.478440e+02 0.000000e+00 1.784676e+00 0.000000e+00 0.000000e+00
8.488460e+02 0.000000e+00 1.783800e+00 0.000000e+00 0.000000e+00
8.498480e+02 0.000000e+00 1.782524e+00 0.000000e+00 0.000000e+00
8.508500e+02 0.000000e+00 1.780643e+00 0.000000e+00 0.000000e+00
8.518520e+02 0.000000e+00 1.779104e+00 0.000000e+00 0.000000e+00
8.528540e+02 0.000000e+00 1.778153e+00 0.000000e+00 0.000000e+00
8.538560e+02 0.000000e+00 1.775732e+00 0.000000e+00 0.000000e+00
8.548580e+02 0.000000e+00 1.774135e+00 0.000000e+00 0.000000e+00
8.558600e+02 0.000000e+00 1.773229e+00 0.000000e+00 0.000000e+00
8.568620e+02 0.000000e+00 1.771272e+00 0.000000e+00 0.000000e+00
8.578640e+02 0.000000e+00 1.770036e+00 0.000000e+00 0.000000e+00
8.588660e+02 0.000000e+00 1.768649e+00 0.000000e+00 0.000000e+00
8.598680e+02 0.000000e+00 1.767179e+00 0.000000e+00 0.000000e+00
8.608700e+02 0.000000e+00 1.765527e+00 0.000000e+00 0.000000e+00
8.618720e+02 0.000000e+00 1.764866e+00 0.000000e+00 0.000000e+00
8.628740e+02 0.000000e+00 1.763376e+00 0.000000e+00 0.000000e+00
8.638760e+02 0.000000e+00 1.762216e+00 0.000000e+00 0.000000e+00
8.648780e+02 0.000000e+00 1.760864e+00 0.000000e+00 0.000000e+00
8.658800e+02 0.000000e+00 1.760004e+00 0.000000e+00 0.000000e+00
8.668820e+02 0.000000e+00 1.759099e+00 0.000000e+00 0.000000e+00
8.678840e+02 0.000000e+00 1.758022e+00 0.000000e+00 0.000000e+00
8.688860e+02 0.000000e+00 1.756935e+00 0.000000e+00 0.000000e+00
8.698880e+02 0.000000e+00 1.755589e+00 0.000000e+00 0.000000e+00
8.708900e+02 0.000000e+00 1.753957e+00 0.000000e+00 0.000000e+00
8.718920e+02 0.000000e+00 1.752713e+00 0.000000e+00 0.000000e+00
8.728940e+02 0.000000e+00 1.752217e+00 0.000000e+00 0.000000e+00
8.738960e+02 0.000000e+00 1.750828e+00 0.000000e+00 0.000000e+00
8.748980e+02 0.000000e+00 1.749266e+00 0.000000e+00 0.000000e+00
8.759000e+02 0.000000e+00 1.747708e+00 0.000000e+00 0.000000e+00
8.769020e+02 0.000000e+00 1.746783e+00 0.000000e+00 0.000000e+00
8.779040e+02 0.000000e+00 1.745333e+00 0.000000e+00 0.000000e+00
8.789060e+02 0.000000e+00 1.744384e+00 0.000000e+00 0.000000e+00
8.799080e+02 0.000000e+00 1.743672e+00 0.000000e+00 0.000000e+00
8.809100e+02 0.000000e+00 1.742495e+00 0.000000e+00 0.000000e+00
8.819120e+02 0.000000e+00 1.740318e+00 0.000000