# Starting up: N=1000 dt=1.000000e-03 pad=2.000000e+00 L=1.000000e+00
time	PV	NkT	PV/NkT	Energy
1.000000e+00 5.731912e+00 2.976019e+01 1.926034e-01 0.000000e+00
2.001000e+00 3.253556e+01 2.645786e+01 1.229713e+00 0.000000e+00
3.002000e+00 3.049301e+01 2.511604e+01 1.214085e+00 0.000000e+00
4.003000e+00 2.704881e+01 2.409599e+01 1.122544e+00 0.000000e+00
5.003000e+00 2.496718e+01 2.330934e+01 1.071123e+00 0.000000e+00
6.003000e+00 2.312174e+01 2.292562e+01 1.008555e+00 0.000000e+00
7.003000e+00 1.971024e+01 2.271303e+01 8.677945e-01 0.000000e+00
8.003000e+00 2.315409e+01 2.236916e+01 1.035090e+00 0.000000e+00
9.004000e+00 2.210138e+01 2.210162e+01 9.999891e-01 0.000000e+00
1.000500e+01 1.889055e+01 2.190129e+01 8.625312e-01 0.000000e+00
1.100600e+01 2.090464e+01 2.176882e+01 9.603021e-01 0.000000e+00
1.200700e+01 2.286112e+01 2.162705e+01 1.057061e+00 0.000000e+00
1.300800e+01 2.042427e+01 2.155857e+01 9.473850e-01 0.000000e+00
1.400900e+01 2.035771e+01 2.145900e+01 9.486792e-01 0.000000e+00
1.501000e+01 2.156622e+01 2.139634e+01 1.007940e+00 0.000000e+00
1.601100e+01 2.345235e+01 2.137849e+01 1.097007e+00 0.000000e+00
1.701100e+01 2.087946e+01 2.131602e+01 9.795200e-01 0.000000e+00
1.801100e+01 2.003138e+01 2.126399e+01 9.420332e-01 0.000000e+00
1.901100e+01 1.894612e+01 2.119655e+01 8.938303e-01 0.000000e+00
2.001100e+01 2.181049e+01 2.118414e+01 1.029567e+00 0.000000e+00
2.101100e+01 2.266321e+01 2.113723e+01 1.072194e+00 0.000000e+00
2.201100e+01 1.916040e+01 2.112797e+01 9.068734e-01 0.000000e+00
2.301100e+01 2.099963e+01 2.111231e+01 9.946626e-01 0.000000e+00
2.401100e+01 2.062319e+01 2.108313e+01 9.781845e-01 0.000000e+00
2.501100e+01 2.047339e+01 2.107180e+01 9.716017e-01 0.000000e+00
2.601100e+01 2.090319e+01 2.102288e+01 9.943069e-01 0.000000e+00
2.701100e+01 2.343532e+01 2.098050e+01 1.117005e+00 0.000000e+00
2.801100e+01 2.084562e+01 2.100204e+01 9.925524e-01 0.000000e+00
2.901100e+01 1.987462e+01 2.100427e+01 9.462178e-01 0.000000e+00
3.001100e+01 2.072636e+01 2.099652e+01 9.871331e-01 0.000000e+00
3.101100e+01 1.903161e+01 2.099032e+01 9.066849e-01 0.000000e+00
3.201100e+01 2.159809e+01 2.097614e+01 1.029650e+00 0.000000e+00
3.301200e+01 2.313591e+01 2.100816e+01 1.101282e+00 0.000000e+00
3.401300e+01 2.023398e+01 2.098183e+01 9.643570e-01 0.000000e+00
3.501400e+01 2.048402e+01 2.097009e+01 9.768208e-01 0.000000e+00
3.601500e+01 2.102227e+01 2.096619e+01 1.002675e+00 0.000000e+00
3.701600e+01 2.115336e+01 2.097236e+01 1.008630e+00 0.000000e+00
3.801700e+01 2.067556e+01 2.099441e+01 9.848127e-01 0.000000e+00
3.901800e+01 2.003703e+01 2.100746e+01 9.538055e-01 0.000000e+00
4.001900e+01 2.029105e+01 2.101249e+01 9.656664e-01 0.000000e+00
4.102000e+01 2.203770e+01 2.102304e+01 1.048264e+00 0.000000e+00
4.202100e+01 2.121510e+01 2.099230e+01 1.010613e+00 0.000000e+00
4.302200e+01 1.997522e+01 2.100296e+01 9.510669e-01 0.000000e+00
4.402300e+01 2.143254e+01 2.097859e+01 1.021639e+00 0.000000e+00
4.502400e+01 1.987233e+01 2.097944e+01 9.472284e-01 0.000000e+00
4.602500e+01 2.397531e+01 2.098299e+01 1.142607e+00 0.000000e+00
4.702600e+01 1.917175e+01 2.097860e+01 9.138719e-01 0.000000e+00
4.802700e+01 2.018741e+01 2.096557e+01 9.628836e-01 0.000000e+00
4.902800e+01 1.979793e+01 2.094632e+01 9.451749e-01 0.000000e+00
5.002900e+01 2.241779e+01 2.094475e+01 1.070330e+00 0.000000e+00
5.103000e+01 2.096113e+01 2.095306e+01 1.000385e+00 0.000000e+00
5.203100e+01 2.055029e+01 2.097222e+01 9.798817e-01 0.000000e+00
5.303200e+01 2.011476e+01 2.095812e+01 9.597599e-01 0.000000e+00
5.403300e+01 2.362045e+01 2.093983e+01 1.128015e+00 0.000000e+00
5.503400e+01 2.088036e+01 2.094930e+01 9.967092e-01 0.000000e+00
5.603500e+01 1.709409e+01 2.096438e+01 8.153870e-01 0.000000e+00
5.703600e+01 2.266509e+01 2.095716e+01 1.081496e+00 0.000000e+00
5.803700e+01 2.136451e+01 2.095701e+01 1.019445e+00 0.000000e+00
5.903800e+01 2.077218e+01 2.095202e+01 9.914169e-01 0.000000e+00
6.003900e+01 1.994694e+01 2.094258e+01 9.524587e-01 0.000000e+00
6.104000e+01 2.155425e+01 2.097259e+01 1.027734e+00 0.000000e+00
6.204100e+01 2.183539e+01 2.095364e+01 1.042081e+00 0.000000e+00
6.304200e+01 1.913351e+01 2.097672e+01 9.121303e-01 0.000000e+00
6.404300e+01 2.199435e+01 2.097503e+01 1.048597e+00 0.000000e+00
6.504300e+01 2.081411e+01 2.094013e+01 9.939819e-01 0.000000e+00
6.604300e+01 2.037810e+01 2.095634e+01 9.724075e-01 0.000000e+00
6.704300e+01 2.215405e+01 2.094286e+01 1.057833e+00 0.000000e+00
6.804300e+01 2.051446e+01 2.095511e+01 9.789718e-01 0.000000e+00
6.904300e+01 1.855971e+01 2.093077e+01 8.867190e-01 0.000000e+00
7.004300e+01 2.388589e+01 2.096186e+01 1.139493e+00 0.000000e+00
7.104300e+01 2.039701e+01 2.096588e+01 9.728672e-01 0.000000e+00
7.204300e+01 1.947476e+01 2.096592e+01 9.288770e-01 0.000000e+00
7.304300e+01 2.077012e+01 2.097332e+01 9.903114e-01 0.000000e+00
7.404300e+01 2.088756e+01 2.097016e+01 9.960608e-01 0.000000e+00
7.504300e+01 2.152477e+01 2.099258e+01 1.025351e+00 0.000000e+00
7.604300e+01 2.097039e+01 2.098900e+01 9.991134e-01 0.000000e+00
7.704300e+01 2.142929e+01 2.096472e+01 1.022159e+00 0.000000e+00
7.804300e+01 1.955555e+01 2.096848e+01 9.326161e-01 0.000000e+00
7.904300e+01 2.142148e+01 2.092640e+01 1.023658e+00 0.000000e+00
8.004300e+01 2.039194e+01 2.094474e+01 9.736069e-01 0.000000e+00
8.104300e+01 2.106308e+01 2.095302e+01 1.005253e+00 0.000000e+00
8.204300e+01 2.126855e+01 2.093344e+01 1.016008e+00 0.000000e+00
8.304300e+01 2.136937e+01 2.093457e+01 1.020770e+00 0.000000e+00
8.404300e+01 1.954676e+01 2.093181e+01 9.338304e-01 0.000000e+00
8.504300e+01 2.231545e+01 2.095638e+01 1.064853e+00 0.000000e+00
8.604300e+01 2.090422e+01 2.098645e+01 9.960818e-01 0.000000e+00
8.704300e+01 2.039678e+01 2.094963e+01 9.736105e-01 0.000000e+00
8.804300e+01 2.051877e+01 2.094273e+01 9.797561e-01 0.000000e+00
8.904300e+01 1.975899e+01 2.092875e+01 9.441075e-01 0.000000e+00
9.004300e+01 2.125019e+01 2.091437e+01 1.016057e+00 0.000000e+00
9.104300e+01 2.341460e+01 2.091792e+01 1.119356e+00 0.000000e+00
9.204300e+01 1.902728e+01 2.092311e+01 9.093909e-01 0.000000e+00
9.304300e+01 2.086583e+01 2.092196e+01 9.973173e-01 0.000000e+00
9.404300e+01 2.030143e+01 2.092564e+01 9.701701e-01 0.000000e+00
9.504300e+01 2.103215e+01 2.093014e+01 1.004874e+00 0.000000e+00
9.604300e+01 2.301901e+01 2.094133e+01 1.099214e+00 0.000000e+00
9.704300e+01 1.855514e+01 2.095939e+01 8.852904e-01 0.000000e+00
9.804300e+01 2.070388e+01 2.095676e+01 9.879334e-01 0.000000e+00
9.904300e+01 2.119215e+01 2.095682e+01 1.011230e+00 0.000000e+00
1.000430e+02 2.123315e+01 2.093494e+01 1.014245e+00 0.000000e+00
1.010430e+02 2.284875e+01 2.093012e+01 1.091668e+00 0.000000e+00
1.020430e+02 1.917263e+01 2.096423e+01 9.145400e-01 0.000000e+00
1.030430e+02 2.061176e+01 2.095160e+01 9.837797e-01 0.000000e+00
1.040430e+02 2.065220e+01 2.094158e+01 9.861812e-01 0.000000e+00
1.050430e+02 2.143417e+01 2.097160e+01 1.022057e+00 0.000000e+00
1.060430e+02 1.958677e+01 2.096290e+01 9.343541e-01 0.000000e+00
1.070430e+02 2.129733e+01 2.095633e+01 1.016272e+00 0.000000e+00
1.080430e+02 2.140708e+01 2.097588e+01 1.020557e+00 0.000000e+00
1.090430e+02 2.046635e+01 2.097069e+01 9.759504e-01 0.000000e+00
1.100430e+02 2.174075e+01 2.098811e+01 1.035860e+00 0.000000e+00
1.110430e+02 2.128472e+01 2.101406e+01 1.012880e+00 0.000000e+00
1.120430e+02 1.997423e+01 2.097743e+01 9.521775e-01 0.000000e+00
1.130430e+02 1.950749e+01 2.096174e+01 9.306239e-01 0.000000e+00
1.140430e+02 2.159330e+01 2.095511e+01 1.030455e+00 0.000000e+00
1.150430e+02 2.061130e+01 2.098245e+01 9.823111e-01 0.000000e+00
1.160430e+02 2.169316e+01 2.098871e+01 1.033563e+00 0.000000e+00
1.170430e+02 2.193460e+01 2.099026e+01 1.044989e+00 0.000000e+00
1.180430e+02 1.906124e+01 2.096480e+01 9.092024e-01 0.000000e+00
1.190430e+02 2.313104e+01 2.097040e+01 1.103033e+00 0.000000e+00
1.200430e+02 1.878329e+01 2.095237e+01 8.964755e-01 0.000000e+00
1.210430e+02 2.176798e+01 2.095248e+01 1.038921e+00 0.000000e+00
1.220430e+02 2.077714e+01 2.095381e+01 9.915683e-01 0.000000e+00
1.230430e+02 2.067270e+01 2.094273e+01 9.871063e-01 0.000000e+00
1.240430e+02 2.028194e+01 2.092712e+01 9.691703e-01 0.000000e+00
1.250430e+02 2.101604e+01 2.092335e+01 1.004430e+00 0.000000e+00
1.260430e+02 2.085844e+01 2.093849e+01 9.961771e-01 0.000000e+00
1.270430e+02 2.075684e+01 2.092979e+01 9.917371e-01 0.000000e+00
1.280430e+02 2.161529e+01 2.092988e+01 1.032748e+00 0.000000e+00
1.290430e+02 2.033873e+01 2.094467e+01 9.710694e-01 0.000000e+00
1.300430e+02 2.151066e+01 2.094243e+01 1.027133e+00 0.000000e+00
1.310430e+02 1.959714e+01 2.095457e+01 9.352208e-01 0.000000e+00
1.320430e+02 2.159105e+01 2.096404e+01 1.029909e+00 0.000000e+00
1.330430e+02 2.068152e+01 2.096146e+01 9.866452e-01 0.000000e+00
1.340430e+02 1.988685e+01 2.093833e+01 9.497820e-01 0.000000e+00
1.350430e+02 2.066285e+01 2.095005e+01 9.862916e-01 0.000000e+00
1.360430e+02 2.291123e+01 2.093051e+01 1.094633e+00 0.000000e+00
1.370430e+02 2.200395e+01 2.092600e+01 1.051512e+00 0.000000e+00
1.380430e+02 1.919386e+01 2.093430e+01 9.168620e-01 0.000000e+00
1.390430e+02 2.052807e+01 2.094734e+01 9.799846e-01 0.000000e+00
1.400430e+02 2.086132e+01 2.095656e+01 9.954552e-01 0.000000e+00
1.410430e+02 2.119126e+01 2.092953e+01 1.012505e+00 0.000000e+00
1.420430e+02 2.056929e+01 2.093942e+01 9.823237e-01 0.000000e+00
1.430430e+02 2.067029e+01 2.094241e+01 9.870065e-01 0.000000e+00
1.440430e+02 2.121673e+01 2.095995e+01 1.012251e+00 0.000000e+00
1.450430e+02 2.086313e+01 2.094510e+01 9.960862e-01 0.000000e+00
1.460430e+02 2.078670e+01 2.096974e+01 9.912716e-01 0.000000e+00
1.470430e+02 2.098200e+01 2.098546e+01 9.998353e-01 0.000000e+00
1.480430e+02 2.015084e+01 2.098665e+01 9.601741e-01 0.000000e+00
1.490430e+02 2.137219e+01 2.094958e+01 1.020173e+00 0.000000e+00
1.500430e+02 2.044895e+01 2.096775e+01 9.752574e-01 0.000000e+00
1.510430e+02 2.005701e+01 2.097356e+01 9.563001e-01 0.000000e+00
1.520430e+02 2.111652e+01 2.097614e+01 1.006693e+00 0.000000e+00
1.530430e+02 2.167085e+01 2.101140e+01 1.031386e+00 0.000000e+00
1.540430e+02 2.007952e+01 2.100876e+01 9.557692e-01 0.000000e+00
1.550430e+02 2.317904e+01 2.098585e+01 1.104508e+00 0.000000e+00
1.560430e+02 2.060221e+01 2.098008e+01 9.819895e-01 0.000000e+00
1.570430e+02 1.904050e+01 2.098965e+01 9.071373e-01 0.000000e+00
1.580430e+02 2.071693e+01 2.097386e+01 9.877501e-01 0.000000e+00
1.590430e+02 2.119641e+01 2.097071e+01 1.010762e+00 0.000000e+00
1.600430e+02 2.122924e+01 2.095931e+01 1.012879e+00 0.000000e+00
1.610430e+02 2.252426e+01 2.097030e+01 1.074103e+00 0.000000e+00
1.620430e+02 2.009450e+01 2.094756e+01 9.592766e-01 0.000000e+00
1.630430e+02 2.073549e+01 2.095987e+01 9.892950e-01 0.000000e+00
1.640430e+02 1.933629e+01 2.096890e+01 9.221413e-01 0.000000e+00
1.650430e+02 2.179983e+01 2.097160e+01 1.039493e+00 0.000000e+00
1.660430e+02 2.082306e+01 2.096453e+01 9.932520e-01 0.000000e+00
1.670430e+02 2.060575e+01 2.096017e+01 9.830910e-01 0.000000e+00
1.680430e+02 2.165780e+01 2.097493e+01 1.032557e+00 0.000000e+00
1.690430e+02 1.990336e+01 2.095049e+01 9.500188e-01 0.000000e+00
1.700430e+02 2.122924e+01 2.094320e+01 1.013658e+00 0.000000e+00
1.710430e+02 2.082119e+01 2.092765e+01 9.949131e-01 0.000000e+00
1.720430e+02 2.066161e+01 2.094176e+01 9.866222e-01 0.000000e+00
1.730430e+02 2.034044e+01 2.094402e+01 9.711813e-01 0.000000e+00
1.740430e+02 2.117925e+01 2.095152e+01 1.010869e+00 0.000000e+00
1.750430e+02 2.059425e+01 2.093108e+01 9.839078e-01 0.000000e+00
1.760430e+02 2.006613e+01 2.094880e+01 9.578654e-01 0.000000e+00
1.770430e+02 2.189892e+01 2.095480e+01 1.045055e+00 0.000000e+00
1.780430e+02 2.255015e+01 2.094938e+01 1.076411e+00 0.000000e+00
1.790430e+02 2.105654e+01 2.094049e+01 1.005542e+00 0.000000e+00
1.800430e+02 1.969536e+01 2.093898e+01 9.406078e-01 0.000000e+00
1.810430e+02 2.025923e+01 2.095400e+01 9.668434e-01 0.000000e+00
1.820430e+02 2.219688e+01 2.093653e+01 1.060199e+00 0.000000e+00
1.830430e+02 1.921828e+01 2.096639e+01 9.166229e-01 0.000000e+00
1.840430e+02 2.056816e+01 2.098709e+01 9.800388e-01 0.000000e+00
1.850430e+02 2.129330e+01 2.095325e+01 1.016229e+00 0.000000e+00
1.860430e+02 2.137614e+01 2.096358e+01 1.019680e+00 0.000000e+00
1.870430e+02 2.130154e+01 2.094214e+01 1.017162e+00 0.000000e+00
1.880430e+02 2.038971e+01 2.094899e+01 9.733028e-01 0.000000e+00
1.890430e+02 2.082741e+01 2.094462e+01 9.944039e-01 0.000000e+00
1.900430e+02 2.065162e+01 2.095028e+01 9.857445e-01 0.000000e+00
1.910430e+02 2.072178e+01 2.095909e+01 9.886775e-01 0.000000e+00
1.920430e+02 2.220424e+01 2.094947e+01 1.059895e+00 0.000000e+00
1.930430e+02 2.063742e+01 2.097069e+01 9.841080e-01 0.000000e+00
1.940430e+02 2.103909e+01 2.099006e+01 1.002336e+00 0.000000e+00
1.950430e+02 1.992789e+01 2.098225e+01 9.497496e-01 0.000000e+00
1.960430e+02 2.090834e+01 2.095882e+01 9.975919e-01 0.000000e+00
1.970430e+02 2.205711e+01 2.094147e+01 1.053274e+00 0.000000e+00
1.980430e+02 1.938646e+01 2.091746e+01 9.268073e-01 0.000000e+00
1.990430e+02 1.937343e+01 2.092425e+01 9.258838e-01 0.000000e+00
2.000430e+02 2.332884e+01 2.091832e+01 1.115235e+00 0.000000e+00
2.010430e+02 2.036125e+01 2.093429e+01 9.726264e-01 0.000000e+00
2.020430e+02 2.165293e+01 2.094003e+01 1.034045e+00 0.000000e+00
2.030430e+02 1.971281e+01 2.093339e+01 9.416921e-01 0.000000e+00
2.040430e+02 2.111436e+01 2.092421e+01 1.009088e+00 0.000000e+00
2.050430e+02 2.037509e+01 2.092132e+01 9.738910e-01 0.000000e+00
2.060430e+02 2.144206e+01 2.095860e+01 1.023067e+00 0.000000e+00
2.070430e+02 2.071250e+01 2.093725e+01 9.892654e-01 0.000000e+00
2.080430e+02 2.032107e+01 2.095414e+01 9.697880e-01 0.000000e+00
2.090430e+02 2.215163e+01 2.093107e+01 1.058313e+00 0.000000e+00
2.100430e+02 1.905774e+01 2.096056e+01 9.092190e-01 0.000000e+00
2.110430e+02 2.254213e+01 2.095680e+01 1.075648e+00 0.000000e+00
2.120430e+02 2.086798e+01 2.095800e+01 9.957049e-01 0.000000e+00
2.130430e+02 2.053629e+01 2.095279e+01 9.801218e-01 0.000000e+00
2.140430e+02 2.065686e+01 2.093788e+01 9.865781e-01 0.000000e+00
2.150430e+02 1.995798e+01 2.094183e+01 9.530196e-01 0.000000e+00
2.160430e+02 2.120852e+01 2.094138e+01 1.012757e+00 0.000000e+00
2.170430e+02 2.222040e+01 2.093930e+01 1.061182e+00 0.000000e+00
2.180430e+02 1.856028e+01 2.094097e+01 8.863144e-01 0.000000e+00
2.190430e+02 2.154917e+01 2.094186e+01 1.029000e+00 0.000000e+00
2.200430e+02 2.068892e+01 2.094990e+01 9.875422e-01 0.000000e+00
2.210430e+02 2.320342e+01 2.095207e+01 1.107453e+00 0.000000e+00
2.220430e+02 1.873071e+01 2.097338e+01 8.930710e-01 0.000000e+00
2.230430e+02 2.056461e+01 2.095053e+01 9.815797e-01 0.000000e+00
2.240430e+02 2.228255e+01 2.094844e+01 1.063686e+00 0.000000e+00
2.250430e+02 1.917468e+01 2.094294e+01 9.155677e-01 0.000000e+00
2.260430e+02 2.227040e+01 2.093298e+01 1.063891e+00 0.000000e+00
2.270430e+02 1.945734e+01 2.092656e+01 9.297918e-01 0.000000e+00
2.280430e+02 2.036729e+01 2.095697e+01 9.718621e-01 0.000000e+00
2.290430e+02 2.218524e+01 2.094958e+01 1.058982e+00 0.000000e+00
2.300430e+02 2.214594e+01 2.095838e+01 1.056662e+00 0.000000e+00
2.310430e+02 2.018138e+01 2.097581e+01 9.621267e-01 0.000000e+00
2.320430e+02 2.038233e+01 2.094718e+01 9.730344e-01 0.000000e+00
2.330430e+02 2.107047e+01 2.093191e+01 1.006619e+00 0.000000e+00
2.340430e+02 2.154246e+01 2.094083e+01 1.028730e+00 0.000000e+00
2.350430e+02 1.876016e+01 2.094802e+01 8.955577e-01 0.000000e+00
2.360430e+02 2.220490e+01 2.094546e+01 1.060130e+00 0.000000e+00
2.370430e+02 2.122309e+01 2.094606e+01 1.013226e+00 0.000000e+00
2.380430e+02 1.980627e+01 2.094654e+01 9.455628e-01 0.000000e+00
2.390430e+02 2.160769e+01 2.095702e+01 1.031048e+00 0.000000e+00
2.400430e+02 2.184580e+01 2.092834e+01 1.043838e+00 0.000000e+00
2.410430e+02 1.847921e+01 2.094295e+01 8.823591e-01 0.000000e+00
2.420430e+02 2.210783e+01 2.094949e+01 1.055292e+00 0.000000e+00
2.430430e+02 2.166696e+01 2.095045e+01 1.034200e+00 0.000000e+00
2.440430e+02 1.927774e+01 2.093363e+01 9.208982e-01 0.000000e+00
2.450430e+02 2.304429e+01 2.092407e+01 1.101329e+00 0.000000e+00
2.460430e+02 2.070420e+01 2.093881e+01 9.887955e-01 0.000000e+00
2.470430e+02 1.867990e+01 2.093873e+01 8.921222e-01 0.000000e+00
2.480430e+02 2.150526e+01 2.096752e+01 1.025646e+00 0.000000e+00
2.490430e+02 2.135996e+01 2.097536e+01 1.018336e+00 0.000000e+00
2.500430e+02 2.039207e+01 2.094679e+01 9.735177e-01 0.000000e+00
2.510430e+02 2.038705e+01 2.094362e+01