line -9 -1 -9 1
line  9 -1  9 1

line 0 -0.2 0 0.2

line -3 -0.1 -3 0.1
line  3 -0.1  3 0.1

line -4.5 -0.1  -4.5 0.1 
line  4.5 -0.1   4.5 0.1 

line -6 -0.1  -6 0.1 
line  6 -0.1   6 0.1 

line -1.5 -0.1 -1.5 0.1
line  1.5 -0.1  1.5 0.1
line -7.5 -0.1 -7.5 0.1
line  7.5 -0.1  7.5 0.1
-9.000000e+00 0.000000e+00
-8.990000e+00 2.094392e-03
-8.980000e+00 4.188778e-03
-8.970000e+00 6.283151e-03
-8.960000e+00 8.377505e-03
-8.950000e+00 1.047183e-02
-8.940000e+00 1.256613e-02
-8.930000e+00 1.466039e-02
-8.920000e+00 1.675460e-02
-8.910000e+00 1.884876e-02
-8.900000e+00 2.094287e-02
-8.890000e+00 2.303691e-02
-8.880000e+00 2.513088e-02
-8.870000e+00 2.722478e-02
-8.860000e+00 2.931859e-02
-8.850000e+00 3.141231e-02
-8.840000e+00 3.350594e-02
-8.830000e+00 3.559946e-02
-8.820000e+00 3.769288e-02
-8.810000e+00 3.978618e-02
-8.800000e+00 4.187936e-02
-8.790000e+00 4.397241e-02
-8.780000e+00 4.606533e-02
-8.770000e+00 4.815811e-02
-8.760000e+00 5.025074e-02
-8.750000e+00 5.234322e-02
-8.740000e+00 5.443554e-02
-8.730000e+00 5.652769e-02
-8.720000e+00 5.861967e-02
-8.710000e+00 6.071148e-02
-8.700000e+00 6.280309e-02
-8.690000e+00 6.489452e-02
-8.680000e+00 6.698575e-02
-8.670000e+00 6.907677e-02
-8.660000e+00 7.116759e-02
-8.650000e+00 7.325819e-02
-8.640000e+00 7.534856e-02
-8.630000e+00 7.743870e-02
-8.620000e+00 7.952861e-02
-8.610000e+00 8.161828e-02
-8.600000e+00 8.370770e-02
-8.590000e+00 8.579686e-02
-8.580000e+00 8.788576e-02
-8.570000e+00 8.997440e-02
-8.560000e+00 9.206276e-02
-8.550000e+00 9.415084e-02
-8.540000e+00 9.623863e-02
-8.530000e+00 9.832613e-02
-8.520000e+00 1.004133e-01
-8.510000e+00 1.025002e-01
-8.500000e+00 1.045868e-01
-8.490000e+00 1.066731e-01
-8.480000e+00 1.087590e-01
-8.470000e+00 1.108446e-01
-8.460000e+00 1.129299e-01
-8.450000e+00 1.150148e-01
-8.440000e+00 1.170994e-01
-8.430000e+00 1.191836e-01
-8.420000e+00 1.212675e-01
-8.410000e+00 1.233509e-01
-8.400000e+00 1.254341e-01
-8.390000e+00 1.275168e-01
-8.380000e+00 1.295991e-01
-8.370000e+00 1.316811e-01
-8.360000e+00 1.337626e-01
-8.350000e+00 1.358437e-01
-8.340000e+00 1.379245e-01
-8.330000e+00 1.400048e-01
-8.320000e+00 1.420846e-01
-8.310000e+00 1.441641e-01
-8.300000e+00 1.462431e-01
-8.290000e+00 1.483216e-01
-8.280000e+00 1.503998e-01
-8.270000e+00 1.524774e-01
-8.260000e+00 1.545546e-01
-8.250000e+00 1.566313e-01
-8.240000e+00 1.587075e-01
-8.230000e+00 1.607833e-01
-8.220000e+00 1.628586e-01
-8.210000e+00 1.649333e-01
-8.200000e+00 1.670076e-01
-8.190000e+00 1.690813e-01
-8.180000e+00 1.711546e-01
-8.170000e+00 1.732273e-01
-8.160000e+00 1.752995e-01
-8.150000e+00 1.773711e-01
-8.140000e+00 1.794423e-01
-8.130000e+00 1.815128e-01
-8.120000e+00 1.835828e-01
-8.110000e+00 1.856523e-01
-8.100000e+00 1.877212e-01
-8.090000e+00 1.897895e-01
-8.080000e+00 1.918573e-01
-8.070000e+00 1.939244e-01
-8.060000e+00 1.959910e-01
-8.050000e+00 1.980570e-01
-8.040000e+00 2.001223e-01
-8.030000e+00 2.021871e-01
-8.020000e+00 2.042512e-01
-8.010000e+00 2.063147e-01
-8.000000e+00 2.083776e-01
-7.990000e+00 2.104399e-01
-7.980000e+00 2.125015e-01
-7.970000e+00 2.145625e-01
-7.960000e+00 2.166228e-01
-7.950000e+00 2.186824e-01
-7.940000e+00 2.207414e-01
-7.930000e+00 2.227998e-01
-7.920000e+00 2.248574e-01
-7.910000e+00 2.269143e-01
-7.900000e+00 2.289706e-01
-7.890000e+00 2.310262e-01
-7.880000e+00 2.330810e-01
-7.870000e+00 2.351352e-01
-7.860000e+00 2.371886e-01
-7.850000e+00 2.392413e-01
-7.840000e+00 2.412933e-01
-7.830000e+00 2.433446e-01
-7.820000e+00 2.453951e-01
-7.810000e+00 2.474448e-01
-7.800000e+00 2.494938e-01
-7.790000e+00 2.515421e-01
-7.780000e+00 2.535895e-01
-7.770000e+00 2.556363e-01
-7.760000e+00 2.576822e-01
-7.750000e+00 2.597273e-01
-7.740000e+00 2.617717e-01
-7.730000e+00 2.638152e-01
-7.720000e+00 2.658580e-01
-7.710000e+00 2.678999e-01
-7.700000e+00 2.699410e-01
-7.690000e+00 2.719813e-01
-7.680000e+00 2.740208e-01
-7.670000e+00 2.760595e-01
-7.660000e+00 2.780973e-01
-7.650000e+00 2.801342e-01
-7.640000e+00 2.821703e-01
-7.630000e+00 2.842055e-01
-7.620000e+00 2.862399e-01
-7.610000e+00 2.882734e-01
-7.600000e+00 2.903060e-01
-7.590000e+00 2.923378e-01
-7.580000e+00 2.943686e-01
-7.570000e+00 2.963986e-01
-7.560000e+00 2.984276e-01
-7.550000e+00 3.004558e-01
-7.540000e+00 3.024830e-01
-7.530000e+00 3.045093e-01
-7.520000e+00 3.065347e-01
-7.510000e+00 3.085591e-01
-7.500000e+00 3.105826e-01
-7.490000e+00 3.126052e-01
-7.480000e+00 3.146268e-01
-7.470000e+00 3.166474e-01
-7.460000e+00 3.186671e-01
-7.450000e+00 3.206858e-01
-7.440000e+00 3.227035e-01
-7.430000e+00 3.247203e-01
-7.420000e+00 3.267360e-01
-7.410000e+00 3.287508e-01
-7.400000e+00 3.307646e-01
-7.390000e+00 3.327773e-01
-7.380000e+00 3.347891e-01
-7.370000e+00 3.367998e-01
-7.360000e+00 3.388095e-01
-7.350000e+00 3.408181e-01
-7.340000e+00 3.428258e-01
-7.330000e+00 3.448323e-01
-7.320000e+00 3.468379e-01
-7.310000e+00 3.488423e-01
-7.300000e+00 3.508458e-01
-7.290000e+00 3.528481e-01
-7.280000e+00 3.548494e-01
-7.270000e+00 3.568496e-01
-7.260000e+00 3.588487e-01
-7.250000e+00 3.608467e-01
-7.240000e+00 3.628436e-01
-7.230000e+00 3.648394e-01
-7.220000e+00 3.668341e-01
-7.210000e+00 3.688276e-01
-7.200000e+00 3.708201e-01
-7.190000e+00 3.728114e-01
-7.180000e+00 3.748016e-01
-7.170000e+00 3.767906e-01
-7.160000e+00 3.787785e-01
-7.150000e+00 3.807653e-01
-7.140000e+00 3.827509e-01
-7.130000e+00 3.847353e-01
-7.120000e+00 3.867185e-01
-7.110000e+00 3.887006e-01
-7.100000e+00 3.906815e-01
-7.090000e+00 3.926612e-01
-7.080000e+00 3.946397e-01
-7.070000e+00 3.966169e-01
-7.060000e+00 3.985930e-01
-7.050000e+00 4.005679e-01
-7.040000e+00 4.025416e-01
-7.030000e+00 4.045140e-01
-7.020000e+00 4.064852e-01
-7.010000e+00 4.084551e-01
-7.000000e+00 4.104238e-01
-6.990000e+00 4.123913e-01
-6.980000e+00 4.143575e-01
-6.970000e+00 4.163224e-01
-6.960000e+00 4.182861e-01
-6.950000e+00 4.202485e-01
-6.940000e+00 4.222096e-01
-6.930000e+00 4.241695e-01
-6.920000e+00 4.261280e-01
-6.910000e+00 4.280853e-01
-6.900000e+00 4.300412e-01
-6.890000e+00 4.319958e-01
-6.880000e+00 4.339491e-01
-6.870000e+00 4.359011e-01
-6.860000e+00 4.378518e-01
-6.850000e+00 4.398011e-01
-6.840000e+00 4.417491e-01
-6.830000e+00 4.436958e-01
-6.820000e+00 4.456410e-01
-6.810000e+00 4.475850e-01
-6.800000e+00 4.495276e-01
-6.790000e+00 4.514688e-01
-6.780000e+00 4.534086e-01
-6.770000e+00 4.553470e-01
-6.760000e+00 4.572841e-01
-6.750000e+00 4.592198e-01
-6.740000e+00 4.611540e-01
-6.730000e+00 4.630869e-01
-6.720000e+00 4.650183e-01
-6.710000e+00 4.669484e-01
-6.700000e+00 4.688770e-01
-6.690000e+00 4.708042e-01
-6.680000e+00 4.727299e-01
-6.670000e+00 4.746542e-01
-6.660000e+00 4.765771e-01
-6.650000e+00 4.784985e-01
-6.640000e+00 4.804185e-01
-6.630000e+00 4.823369e-01
-6.620000e+00 4.842540e-01
-6.610000e+00 4.861695e-01
-6.600000e+00 4.880836e-01
-6.590000e+00 4.899962e-01
-6.580000e+00 4.919073e-01
-6.570000e+00 4.938168e-01
-6.560000e+00 4.957249e-01
-6.550000e+00 4.976315e-01
-6.540000e+00 4.995366e-01
-6.530000e+00 5.014401e-01
-6.520000e+00 5.033421e-01
-6.510000e+00 5.052426e-01
-6.500000e+00 5.071415e-01
-6.490000e+00 5.090389e-01
-6.480000e+00 5.109347e-01
-6.470000e+00 5.128290e-01
-6.460000e+00 5.147218e-01
-6.450000e+00 5.166129e-01
-6.440000e+00 5.185025e-01
-6.430000e+00 5.203905e-01
-6.420000e+00 5.222769e-01
-6.410000e+00 5.241617e-01
-6.400000e+00 5.260450e-01
-6.390000e+00 5.279266e-01
-6.380000e+00 5.298066e-01
-6.370000e+00 5.316850e-01
-6.360000e+00 5.335618e-01
-6.350000e+00 5.354370e-01
-6.340000e+00 5.373105e-01
-6.330000e+00 5.391824e-01
-6.320000e+00 5.410526e-01
-6.310000e+00 5.429212e-01
-6.300000e+00 5.447882e-01
-6.290000e+00 5.466535e-01
-6.280000e+00 5.485171e-01
-6.270000e+00 5.503790e-01
-6.260000e+00 5.522393e-01
-6.250000e+00 5.540979e-01
-6.240000e+00 5.559548e-01
-6.230000e+00 5.578100e-01
-6.220000e+00 5.596635e-01
-6.210000e+00 5.615153e-01
-6.200000e+00 5.633654e-01
-6.190000e+00 5.652138e-01
-6.180000e+00 5.670605e-01
-6.170000e+00 5.689054e-01
-6.160000e+00 5.707486e-01
-6.150000e+00 5.725901e-01
-6.140000e+00 5.744298e-01
-6.130000e+00 5.762678e-01
-6.120000e+00 5.781040e-01
-6.110000e+00 5.799384e-01
-6.100000e+00 5.817711e-01
-6.090000e+00 5.836020e-01
-6.080000e+00 5.854311e-01
-6.070000e+00 5.872585e-01
-6.060000e+00 5.890841e-01
-6.050000e+00 5.909078e-01
-6.040000e+00 5.927298e-01
-6.030000e+00 5.945499e-01
-6.020000e+00 5.963683e-01
-6.010000e+00 5.981848e-01
-6.000000e+00 5.999995e-01
-5.990000e+00 6.018124e-01
-5.980000e+00 6.036235e-01
-5.970000e+00 6.054327e-01
-5.960000e+00 6.072401e-01
-5.950000e+00 6.090456e-01
-5.940000e+00 6.108492e-01
-5.930000e+00 6.126510e-01
-5.920000e+00 6.144510e-01
-5.910000e+00 6.162490e-01
-5.900000e+00 6.180452e-01
-5.890000e+00 6.198395e-01
-5.880000e+00 6.216319e-01
-5.870000e+00 6.234225e-01
-5.860000e+00 6.252111e-01
-5.850000e+00 6.269978e-01
-5.840000e+00 6.287826e-01
-5.830000e+00 6.305655e-01
-5.820000e+00 6.323465e-01
-5.810000e+00 6.341255e-01
-5.800000e+00 6.359026e-01
-5.790000e+00 6.376778e-01
-5.780000e+00 6.394510e-01
-5.770000e+00 6.412223e-01
-5.760000e+00 6.429917e-01
-5.750000e+00 6.447590e-01
-5.740000e+00 6.465245e-01
-5.730000e+00 6.482879e-01
-5.720000e+00 6.500494e-01
-5.710000e+00 6.518089e-01
-5.700000e+00 6.535664e-01
-5.690000e+00 6.553219e-01
-5.680000e+00 6.570754e-01
-5.670000e+00 6.588269e-01
-5.660000e+00 6.605764e-01
-5.650000e+00 6.623239e-01
-5.640000e+00 6.640694e-01
-5.630000e+00 6.658128e-01
-5.620000e+00 6.675542e-01
-5.610000e+00 6.692936e-01
-5.600000e+00 6.710310e-01
-5.590000e+00 6.727663e-01
-5.580000e+00 6.744996e-01
-5.570000e+00 6.762308e-01
-5.560000e+00 6.779599e-01
-5.550000e+00 6.796870e-01
-5.540000e+00 6.814120e-01
-5.530000e+00 6.831349e-01
-5.520000e+00 6.848558e-01
-5.510000e+00 6.865745e-01
-5.500000e+00 6.882912e-01
-5.490000e+00 6.900058e-01
-5.480000e+00 6.917183e-01
-5.470000e+00 6.934286e-01
-5.460000e+00 6.951369e-01
-5.450000e+00 6.968430e-01
-5.440000e+00 6.985471e-01
-5.430000e+00 7.002489e-01
-5.420000e+00 7.019487e-01
-5.410000e+00 7.036463e-01
-5.400000e+00 7.053418e-01
-5.390000e+00 7.070351e-01
-5.380000e+00 7.087263e-01
-5.370000e+00 7.104153e-01
-5.360000e+00 7.121021e-01
-5.350000e+00 7.137868e-01
-5.340000e+00 7.154693e-01
-5.330000e+00 7.171497e-01
-5.320000e+00 7.188278e-01
-5.310000e+00 7.205037e-01
-5.300000e+00 7.221775e-01
-5.290000e+00 7.238491e-01
-5.280000e+00 7.255184e-01
-5.270000e+00 7.271856e-01
-5.260000e+00 7.288505e-01
-5.250000e+00 7.305132e-01
-5.240000e+00 7.321737e-01
-5.230000e+00 7.338319e-01
-5.220000e+00 7.354879e-01
-5.210000e+00 7.371417e-01
-5.200000e+00 7.387932e-01
-5.190000e+00 7.404425e-01
-5.180000e+00 7.420895e-01
-5.170000e+00 7.437343e-01
-5.160000e+00 7.453768e-01
-5.150000e+00 7.470170e-01
-5.140000e+00 7.486550e-01
-5.130000e+00 7.502907e-01
-5.120000e+00 7.519240e-01
-5.110000e+00 7.535551e-01
-5.100000e+00 7.551839e-01
-5.090000e+00 7.568104e-01
-5.080000e+00 7.584346e-01
-5.070000e+00 7.600565e-01
-5.060000e+00 7.616761e-01
-5.050000e+00 7.632933e-01
-5.040000e+00 7.649082e-01
-5.030000e+00 7.665208e-01
-5.020000e+00 7.681311e-01
-5.010000e+00 7.697390e-01
-5.000000e+00 7.713446e-01
-4.990000e+00 7.729478e-01
-4.980000e+00 7.745487e-01
-4.970000e+00 7.761472e-01
-4.960000e+00 7.777433e-01
-4.950000e+00 7.793371e-01
-4.940000e+00 7.809285e-01
-4.930000e+00 7.825175e-01
-4.920000e+00 7.841042e-01
-4.910000e+00 7.856884e-01
-4.900000e+00 7.872703e-01
-4.890000e+00 7.888497e-01
-4.880000e+00 7.904268e-01
-4.870000e+00 7.920015e-01
-4.860000e+00 7.935737e-01
-4.850000e+00 7.951435e-01
-4.840000e+00 7.967109e-01
-4.830000e+00 7.982759e-01
-4.820000e+00 7.998384e-01
-4.810000e+00 8.013985e-01
-4.800000e+00 8.029562e-01
-4.790000e+00 8.045114e-01
-4.780000e+00 8.060642e-01
-4.770000e+00 8.076145e-01
-4.760000e+00 8.091623e-01
-4.750000e+00 8.107077e-01
-4.740000e+00 8.122506e-01
-4.730000e+00 8.137910e-01
-4.720000e+00 8.153290e-01
-4.710000e+00 8.168645e-01
-4.700000e+00 8.183975e-01
-4.690000e+00 8.199280e-01
-4.680000e+00 8.214560e-01
-4.670000e+00 8.229815e-01
-4.660000e+00 8.245045e-01
-4.650000e+00 8.260249e-01
-4.640000e+00 8.275429e-01
-4.630000e+00 8.290583e-01
-4.620000e+00 8.305712e-01
-4.610000e+00 8.320816e-01
-4.600000e+00 8.335895e-01
-4.590000e+00 8.350948e-01
-4.580000e+00 8.365976e-01
-4.570000e+00 8.380978e-01
-4.560000e+00 8.395954e-01
-4.550000e+00 8.410906e-01
-4.540000e+00 8.425831e-01
-4.530000e+00 8.440731e-01
-4.520000e+00 8.455605e-01
-4.510000e+00 8.470453e-01
-4.500000e+00 8.485276e-01
-4.490000e+00 8.500072e-01
-4.480000e+00 8.514843e-01
-4.470000e+00 8.529588e-01
-4.460000e+00 8.544307e-01
-4.450000e+00 8.559000e-01
-4.440000e+00 8.573667e-01
-4.430000e+00 8.588307e-01
-4.420000e+00 8.602922e-01
-4.410000e+00 8.617510e-01
-4.400000e+00 8.632072e-01
-4.390000e+00 8.646608e-01
-4.380000e+00 8.661117e-01
-4.370000e+00 8.675600e-01
-4.360000e+00 8.690057e-01
-4.350000e+00 8.704487e-01
-4.340000e+00 8.718890e-01
-4.330000e+00 8.733267e-01
-4.320000e+00 8.747618e-01
-4.310000e+00 8.761942e-01
-4.300000e+00 8.776239e-01
-4.290000e+00 8.790509e-01
-4.280000e+00 8.804753e-01
-4.270000e+00 8.818969e-01
-4.260000e+00 8.833159e-01
-4.250000e+00 8.847322e-01
-4.240000e+00 8.861458e-01
-4.230000e+00 8.875567e-01
-4.220000e+00 8.889649e-01
-4.210000e+00 8.903704e-01
-4.200000e+00 8.917732e-01
-4.190000e+00 8.931733e-01
-4.180000e+00 8.945706e-01
-4.170000e+00 8.959653e-01
-4.160000e+00 8.973571e-01
-4.150000e+00 8.987463e-01
-4.140000e+00 9.001327e-01
-4.130000e+00 9.015164e-01
-4.120000e+00 9.028973e-01
-4.110000e+00 9.042755e-01
-4.100000e+00 9.056509e-01
-4.090000e+00 9.070236e-01
-4.080000e+00 9.083935e-01
-4.070000e+00 9.097606e-01
-4.060000e+00 9.111250e-01
-4.050000e+00 9.124866e-01
-4.040000e+00 9.138454e-01
-4.030000e+00 9.152014e-01
-4.020000e+00 9.165547e-01
-4.010000e+00 9.179051e-01
-4.000000e+00 9.192528e-01
-3.990000e+00 9.205976e-01
-3.980000e+00 9.219397e-01
-3.970000e+00 9.232789e-01
-3.960000e+00 9.246153e-01
-3.950000e+00 9.259489e-01
-3.940000e+00 9.272797e-01
-3.930000e+00 9.286077e-01
-3.920000e+00 9.299328e-01
-3.910000e+00 9.312551e-01
-3.900000e+00 9.325746e-01
-3.890000e+00 9.338912e-01
-3.880000e+00 9.352050e-01
-3.870000e+00 9.365159e-01
-3.860000e+00 9.378240e-01
-3.850000e+00 9.391292e-01
-3.840000e+00 9.404316e-01
-3.830000e+00 9.417311e-01
-3.820000e+00 9.430277e-01
-3.810000e+00 9.443215e-01
-3.800000e+00 9.456123e-01
-3.790000e+00 9.469003e-01
-3.780000e+00 9.481854e-01
-3.770000e+00 9.494677e-01
-3.760000e+00 9.507470e-01
-3.750000e+00 9.520234e-01
-3.740000e+00 9.532970e-01
-3.730000e+00 9.545676e-01
-3.720000e+00 9.558353e-01
-3.710000e+00 9.571002e-01
-3.700000e+00 9.583620e-01
-3.690000e+00 9.596210e-01
-3.680000e+00 9.608771e-01
-3.670000e+00 9.621302e-01
-3.660000e+00 9.633804e-01
-3.650000e+00 9.646277e-01
-3.640000e+00 9.658720e-01
-3.630000e+00 9.671134e-01
-3.620000e+00 9.683518e-01
-3.610000e+00 9.695873e-01
-3.600000e+00 9.708198e-01
-3.590000e+00 9.720494e-01
-3.580000e+00 9.732760e-01
-3.570000e+00 9.744997e-01
-3.560000e+00 9.757204e-01
-3.550000e+00 9.769381e-01
-3.540000e+00 9.781528e-01
-3.530000e+00 9.793645e-01
-3.520000e+00 9.805733e-01
-3.510000e+00 9.817791e-01
-3.500000e+00 9.829819e-01
-3.490000e+00 9.841817e-01
-3.480000e+00 9.853785e-01
-3.470000e+00 9.865723e-01
-3.460000e+00 9.877631e-01
-3.450000e+00 9.889509e-01
-3.440000e+00 9.901356e-01
-3.430000e+00 9.913174e-01
-3.420000e+00 9.924961e-01
-3.410000e+00 9.936718e-01
-3.400000e+00 9.948445e-01
-3.390000e+00 9.960142e-01
-3.380000e+00 9.971808e-01
-3.370000e+00 9.983444e-01
-3.360000e+00 9.995049e-01
-3.350000e+00 1.000662e+00
-3.340000e+00 1.001817e+00
-3.330000e+00 1.002968e+00
-3.320000e+00 1.004117e+00
-3.310000e+00 1.005262e+00
-3.300000e+00 1.006404e+00
-3.290000e+00 1.007543e+00
-3.280000e+00 1.008679e+00
-3.270000e+00 1.009812e+00
-3.260000e+00 1.010942e+00
-3.250000e+00 1.012069e+00
-3.240000e+00 1.013193e+00
-3.230000e+00 1.014314e+00
-3.220000e+00 1.015431e+00
-3.210000e+00 1.016546e+00
-3.200000e+00 1.017657e+00
-3.190000e+00 1.018765e+00
-3.180000e+00 1.019871e+00
-3.170000e+00 1.020973e+00
-3.160000e+00 1.022072e+00
-3.150000e+00 1.023168e+00
-3.140000e+00 1.024260e+00
-3.130000e+00 1.025350e+00
-3.120000e+00 1.026437e+00
-3.110000e+00 1.027520e+00
-3.100000e+00 1.028600e+00
-3.090000e+00 1.029677e+00
-3.080000e+00 1.030751e+00
-3.070000e+00 1.031822e+00
-3.060000e+00 1.032890e+00
-3.050000e+00 1.033954e+00
-3.040000e+00 1.035016e+00
-3.030000e+00 1.036074e+00
-3.020000e+00 1.037129e+00
-3.010000e+00 1.038181e+00
-3.000000e+00 1.039230e+00
-2.990000e+00 1.040276e+00
-2.980000e+00 1.041318e+00
-2.970000e+00 1.042357e+00
-2.960000e+00 1.043393e+00
-2.950000e+00 1.044426e+00
-2.940000e+00 1.045456e+00
-2.930000e+00 1.046483e+00
-2.920000e+00 1.047506e+00
-2.910000e+00 1.048526e+00
-2.900000e+00 1.049543e+00
-2.890000e+00 1.050557e+00
-2.880000e+00 1.051567e+00
-2.870000e+00 1.052575e+00
-2.860000e+00 1.053579e+00
-2.850000e+00 1.054580e+00
-2.840000e+00 1.055578e+00
-2.830000e+00 1.056572e+00
-2.820000e+00 1.057564e+00
-2.810000e+00 1.058552e+00
-2.800000e+00 1.059537e+00
-2.790000e+00 1.060518e+00
-2.780000e+00 1.061497e+00
-2.770000e+00 1.062472e+00
-2.760000e+00 1.063444e+00
-2.750000e+00 1.064412e+00
-2.740000e+00 1.065378e+00
-2.730000e+00 1.066340e+00
-2.720000e+00 1.067299e+00
-2.710000e+00 1.068255e+00
-2.700000e+00 1.069207e+00
-2.690000e+00 1.070157e+00
-2.680000e+00 1.071102e+00
-2.670000e+00 1.072045e+00
-2.660000e+00 1.072985e+00
-2.650000e+00 1.073921e+00
-2.640000e+00 1.074854e+00
-2.630000e+00 1.075783e+00
-2.620000e+00 1.076710e+00
-2.610000e+00 1.077633e+00
-2.600000e+00 1.078552e+00
-2.590000e+00 1.079469e+00
-2.580000e+00 1.080382e+00
-2.570000e+00 1.081292e+00
-2.560000e+00 1.082199e+00
-2.550000e+00 1.083102e+00
-2.540000e+00 1.084002e+00
-2.530000e+00 1.084899e+00
-2.520000e+00 1.085792e+00
-2.510000e+00 1.086682e+00
-2.500000e+00 1.087569e+00
-2.490000e+00 1.088452e+00
-2.480000e+00 1.089332e+00
-2.470000e+00 1.090209e+00
-2.460000e+00 1.091083e+00
-2.450000e+00 1.091953e+00
-2.440000e+00 1.092820e+00
-2.430000e+00 1.093683e+00
-2.420000e+00 1.094544e+00
-2.410000e+00 1.095401e+00
-2.400000e+00 1.096254e+00
-2.390000e+00 1.097104e+00
-2.380000e+00 1.097951e+00
-2.370000e+00 1.098795e+00
-2.360000e+00 1.099635e+00
-2.350000e+00 1.100472e+00
-2.340000e+00 1.101305e+00
-2.330000e+00 1.102135e+00
-2.320000e+00 1.102962e+00
-2.310000e+00 1.103785e+00
-2.300000e+00 1.104605e+00
-2.290000e+00 1.105422e+00
-2.280000e+00 1.106235e+00
-2.270000e+00 1.107045e+00
-2.260000e+00 1.107852e+00
-2.250000e+00 1.108655e+00
-2.240000e+00 1.109455e+00
-2.230000e+00 1.110251e+00
-2.220000e+00 1.111044e+00
-2.210000e+00 1.111834e+00
-2.200000e+00 1.112620e+00
-2.190000e+00 1.113403e+00
-2.180000e+00 1.114183e+00
-2.170000e+00 1.114959e+00
-2.160000e+00 1.115731e+00
-2.150000e+00 1.116501e+00
-2.140000e+00 1.117267e+00
-2.130000e+00 1.118029e+00
-2.120000e+00 1.118788e+00
-2.110000e+00 1.119544e+00
-2.100000e+00 1.120296e+00
-2.090000e+00 1.121045e+00
-2.080000e+00 1.121790e+00
-2.070000e+00 1.122532e+00
-2.060000e+00 1.123271e+00
-2.050000e+00 1.124006e+00
-2.040000e+00 1.124738e+00
-2.030000e+00 1.125466e+00
-2.020000e+00 1.126191e+00
-2.010000e+00 1.126913e+00
-2.000000e+00 1.127631e+00
-1.990000e+00 1.128345e+00
-1.980000e+00 1.129057e+00
-1.970000e+00 1.129764e+00
-1.960000e+00 1.130469e+00
-1.950000e+00 1.131169e+00
-1.940000e+00 1.131867e+00
-1.930000e+00 1.132561e+00
-1.920000e+00 1.133251e+00
-1.910000e+00 1.133938e+00
-1.900000e+00 1.134622e+00
-1.890000e+00 1.135302e+00
-1.880000e+00 1.135979e+00
-1.870000e+00 1.136652e+00
-1.860000e+00 1.137322e+00
-1.850000e+00 1.137988e+00
-1.840000e+00 1.138651e+00
-1.830000e+00 1.139310e+00
-1.820000e+00 1.139966e+00
-1.810000e+00 1.140618e+00
-1.800000e+00 1.141267e+00
-1.790000e+00 1.141913e+00
-1.780000e+00 1.142555e+00
-1.770000e+00 1.143193e+00
-1.760000e+00 1.143828e+00
-1.750000e+00 1.144460e+00
-1.740000e+00 1.145088e+00
-1.730000e+00 1.145713e+00
-1.720000e+00 1.146334e+00
-1.710000e+00 1.146951e+00
-1.700000e+00 1.147565e+00
-1.690000e+00 1.148176e+00
-1.680000e+00 1.148783e+00
-1.670000e+00 1.149387e+00
-1.660000e+00 1.149987e+00
-1.650000e+00 1.150583e+00
-1.640000e+00 1.151176e+00
-1.630000e+00 1.151766e+00
-1.620000e+00 1.152352e+00
-1.610000e+00 1.152935e+00
-1.600000e+00 1.153514e+00
-1.590000e+00 1.154089e+00
-1.580000e+00 1.154661e+00
-1.570000e+00 1.155230e+00
-1.560000e+00 1.155795e+00
-1.550000e+00 1.156356e+00
-1.540000e+00 1.156914e+00
-1.530000e+00 1.157469e+00
-1.520000e+00 1.158019e+00
-1.510000e+00 1.158567e+00
-1.500000e+00 1.159111e+00
-1.490000e+00 1.159651e+00
-1.480000e+00 1.160188e+00
-1.470000e+00 1.160721e+00
-1.460000e+00 1.161251e+00
-1.450000e+00 1.161777e+00
-1.440000e+00 1.162299e+00
-1.430000e+00 1.162819e+00
-1.420000e+00 1.163334e+00
-1.410000e+00 1.163846e+00
-1.400000e+00 1.164355e+00
-1.390000e+00 1.164859e+00
-1.380000e+00 1.165361e+00
-1.370000e+00 1.165859e+00
-1.360000e+00 1.166353e+00
-1.350000e+00 1.166844e+00
-1.340000e+00 1.167331e+00
-1.330000e+00 1.167814e+00
-1.320000e+00 1.168294e+00
-1.310000e+00 1.168771e+00
-1.300000e+00 1.169244e+00
-1.290000e+00 1.169713e+00
-1.280000e+00 1.170179e+00
-1.270000e+00 1.170641e+00
-1.260000e+00 1.171100e+00
-1.250000e+00 1.171555e+00
-1.240000e+00 1.172006e+00
-1.230000e+00 1.172454e+00
-1.220000e+00 1.172899e+00
-1.210000e+00 1.173340e+00
-1.200000e+00 1.173777e+00
-1.190000e+00 1.174210e+00
-1.180000e+00 1.174641e+00
-1.170000e+00 1.175067e+00
-1.160000e+00 1.175490e+00
-1.150000e+00 1.175909e+00
-1.140000e+00 1.176325e+00
-1.130000e+00 1.176737e+00
-1.120000e+00 1.177146e+00
-1.110000e+00 1.177551e+00
-1.100000e+00 1.177952e+00
-1.090000e+00 1.178350e+00
-1.080000e+00 1.178744e+00
-1.070000e+00 1.179135e+00
-1.060000e+00 1.179522e+00
-1.050000e+00 1.179906e+00
-1.040000e+00 1.180286e+00
-1.030000e+00 1.180662e+00
-1.020000e+00 1.181034e+00
-1.010000e+00 1.181404e+00
-1.000000e+00 1.181769e+00
-9.900000e-01 1.182131e+00
-9.800000e-01 1.182489e+00
-9.700000e-01 1.182844e+00
-9.600000e-01 1.183195e+00
-9.500000e-01 1.183542e+00
-9.400000e-01 1.183886e+00
-9.300000e-01 1.184227e+00
-9.200000e-01 1.184563e+00
-9.100000e-01 1.184896e+00
-9.000000e-01 1.185226e+00
-8.900000e-01 1.185552e+00
-8.800000e-01 1.185874e+00
-8.700000e-01 1.186192e+00
-8.600000e-01 1.186507e+00
-8.500000e-01 1.186819e+00
-8.400000e-01 1.187127e+00
-8.300000e-01 1.187431e+00
-8.200000e-01 1.187731e+00
-8.100000e-01 1.188028e+00
-8.000000e-01 1.188321e+00
-7.900000e-01 1.188611e+00
-7.800000e-01 1.188897e+00
-7.700000e-01 1.189180e+00
-7.600000e-01 1.189458e+00
-7.500000e-01 1.189734e+00
-7.400000e-01 1.190005e+00
-7.300000e-01 1.190273e+00
-7.200000e-01 1.190537e+00
-7.100000e-01 1.190798e+00
-7.000000e-01 1.191055e+00
-6.900000e-01 1.191309e+00
-6.800000e-01 1.191558e+00
-6.700000e-01 1.191805e+00
-6.600000e-01 1.192047e+00
-6.500000e-01 1.192286e+00
-6.400000e-01 1.192521e+00
-6.300000e-01 1.192753e+00
-6.200000e-01 1.192981e+00
-6.100000e-01 1.193205e+00
-6.000000e-01 1.193426e+00
-5.900000e-01 1.193643e+00
-5.800000e-01 1.193857e+00
-5.700000e-01 1.194067e+00
-5.600000e-01 1.194273e+00
-5.500000e-01 1.194475e+00
-5.400000e-01 1.194674e+00
-5.300000e-01 1.194869e+00
-5.200000e-01 1.195061e+00
-5.100000e-01 1.195249e+00
-5.000000e-01 1.195434e+00
-4.900000e-01 1.195614e+00
-4.800000e-01 1.195791e+00
-4.700000e-01 1.195965e+00
-4.600000e-01 1.196135e+00
-4.500000e-01 1.196301e+00
-4.400000e-01 1.196463e+00
-4.300000e-01 1.196622e+00
-4.200000e-01 1.196777e+00
-4.100000e-01 1.196929e+00
-4.000000e-01 1.197077e+00
-3.900000e-01 1.197221e+00
-3.800000e-01 1.197362e+00
-3.700000e-01 1.197499e+00
-3.600000e-01 1.197632e+00
-3.500000e-01 1.197762e+00
-3.400000e-01 1.197888e+00
-3.300000e-01 1.198010e+00
-3.200000e-01 1.198129e+00
-3.100000e-01 1.198244e+00
-3.000000e-01 1.198355e+00
-2.900000e-01 1.198463e+00
-2.800000e-01 1.198567e+00
-2.700000e-01 1.198668e+00
-2.600000e-01 1.198765e+00
-2.500000e-01 1.198858e+00
-2.400000e-01 1.198947e+00
-2.300000e-01 1.199033e+00
-2.200000e-01 1.199115e+00
-2.100000e-01 1.199194e+00
-2.000000e-01 1.199269e+00
-1.900000e-01 1.199340e+00
-1.800000e-01 1.199408e+00
-1.700000e-01 1.199472e+00
-1.600000e-01 1.199532e+00
-1.500000e-01 1.199589e+00
-1.400000e-01 1.199642e+00
-1.300000e-01 1.199691e+00
-1.200000e-01 1.199737e+00
-1.100000e-01 1.199779e+00
-1.000000e-01 1.199817e+00
-9.000000e-02 1.199852e+00
-8.000000e-02 1.199883e+00
-7.000000e-02 1.199910e+00
-6.000000e-02 1.199934e+00
-5.000000e-02 1.199954e+00
-4.000000e-02 1.199971e+00
-3.000000e-02 1.199984e+00
-2.000000e-02 1.199993e+00
-1.000000e-02 1.199998e+00
-1.475729e-13 1.200000e+00
1.000000e-02 1.199998e+00
2.000000e-02 1.199993e+00
3.000000e-02 1.199984e+00
4.000000e-02 1.199971e+00
5.000000e-02 1.199954e+00
6.000000e-02 1.199934e+00
7.000000e-02 1.199910e+00
8.000000e-02 1.199883e+00
9.000000e-02 1.199852e+00
1.000000e-01 1.199817e+00
1.100000e-01 1.199779e+00
1.200000e-01 1.199737e+00
1.300000e-01 1.199691e+00
1.400000e-01 1.199642e+00
1.500000e-01 1.199589e+00
1.600000e-01 1.199532e+00
1.700000e-01 1.199472e+00
1.800000e-01 1.199408e+00
1.900000e-01 1.199340e+00
2.000000e-01 1.199269e+00
2.100000e-01 1.199194e+00
2.200000e-01 1.199116e+00
2.300000e-01 1.199033e+00
2.400000e-01 1.198947e+00
2.500000e-01 1.198858e+00
2.600000e-01 1.198765e+00
2.700000e-01 1.198668e+00
2.800000e-01 1.198567e+00
2.900000e-01 1.198463e+00
3.000000e-01 1.198356e+00
3.100000e-01 1.198244e+00
3.200000e-01 1.198129e+00
3.300000e-01 1.198010e+00
3.400000e-01 1.197888e+00
3.500000e-01 1.197762e+00
3.600000e-01 1.197632e+00
3.700000e-01 1.197499e+00
3.800000e-01 1.197362e+00
3.900000e-01 1.197221e+00
4.000000e-01 1.197077e+00
4.100000e-01 1.196929e+00
4.200000e-01 1.196777e+00
4.300000e-01 1.196622e+00
4.400000e-01 1.196463e+00
4.500000e-01 1.196301e+00
4.600000e-01 1.196135e+00
4.700000e-01 1.195965e+00
4.800000e-01 1.195792e+00
4.900000e-01 1.195614e+00
5.000000e-01 1.195434e+00
5.100000e-01 1.195249e+00
5.200000e-01 1.195061e+00
5.300000e-01 1.194870e+00
5.400000e-01 1.194675e+00
5.500000e-01 1.194476e+00
5.600000e-01 1.194273e+00
5.700000e-01 1.194067e+00
5.800000e-01 1.193857e+00
5.900000e-01 1.193644e+00
6.000000e-01 1.193426e+00
6.100000e-01 1.193206e+00
6.200000e-01 1.192981e+00
6.300000e-01 1.192753e+00
6.400000e-01 1.192522e+00
6.500000e-01 1.192286e+00
6.600000e-01 1.192048e+00
6.700000e-01 1.191805e+00
6.800000e-01 1.191559e+00
6.900000e-01 1.191309e+00
7.000000e-01 1.191056e+00
7.100000e-01 1.190799e+00
7.200000e-01 1.190538e+00
7.300000e-01 1.190274e+00
7.400000e-01 1.190006e+00
7.500000e-01 1.189734e+00
7.600000e-01 1.189459e+00
7.700000e-01 1.189180e+00
7.800000e-01 1.188898e+00
7.900000e-01 1.188612e+00
8.000000e-01 1.188322e+00
8.100000e-01 1.188029e+00
8.200000e-01 1.187732e+00
8.300000e-01 1.187431e+00
8.400000e-01 1.187127e+00
8.500000e-01 1.186819e+00
8.600000e-01 1.186508e+00
8.700000e-01 1.186193e+00
8.800000e-01 1.185874e+00
8.900000e-01 1.185552e+00
9.000000e-01 1.185226e+00
9.100000e-01 1.184897e+00
9.200000e-01 1.184564e+00
9.300000e-01 1.184227e+00
9.400000e-01 1.183887e+00
9.500000e-01 1.183543e+00
9.600000e-01 1.183196e+00
9.700000e-01 1.182844e+00
9.800000e-01 1.182490e+00
9.900000e-01 1.182131e+00
1.000000e+00 1.181770e+00
1.010000e+00 1.181404e+00
1.020000e+00 1.181035e+00
1.030000e+00 1.180662e+00
1.040000e+00 1.180286e+00
1.050000e+00 1.179906e+00
1.060000e+00 1.179523e+00
1.070000e+00 1.179136e+00
1.080000e+00 1.178745e+00
1.090000e+00 1.178351e+00
1.100000e+00 1.177953e+00
1.110000e+00 1.177552e+00
1.120000e+00 1.177147e+00
1.130000e+00 1.176738e+00
1.140000e+00 1.176326e+00
1.150000e+00 1.175910e+00
1.160000e+00 1.175491e+00
1.170000e+00 1.175068e+00
1.180000e+00 1.174641e+00
1.190000e+00 1.174211e+00
1.200000e+00 1.173777e+00
1.210000e+00 1.173340e+00
1.220000e+00 1.172899e+00
1.230000e+00 1.172455e+00
1.240000e+00 1.172007e+00
1.250000e+00 1.171556e+00
1.260000e+00 1.171101e+00
1.270000e+00 1.170642e+00
1.280000e+00 1.170180e+00
1.290000e+00 1.169714e+00
1.300000e+00 1.169244e+00
1.310000e+00 1.168772e+00
1.320000e+00 1.168295e+00
1.330000e+00 1.167815e+00
1.340000e+00 1.167331e+00
1.350000e+00 1.166844e+00
1.360000e+00 1.166354e+00
1.370000e+00 1.165859e+00
1.380000e+00 1.165362e+00
1.390000e+00 1.164860e+00
1.400000e+00 1.164355e+00
1.410000e+00 1.163847e+00
1.420000e+00 1.163335e+00
1.430000e+00 1.162819e+00
1.440000e+00 1.162300e+00
1.450000e+00 1.161778e+00
1.460000e+00 1.161251e+00
1.470000e+00 1.160722e+00
1.480000e+00 1.160189e+00
1.490000e+00 1.159652e+00
1.500000e+00 1.159111e+00
1.510000e+00 1.158568e+00
1.520000e+00 1.158020e+00
1.530000e+00 1.157469e+00
1.540000e+00 1.156915e+00
1.550000e+00 1.156357e+00
1.560000e+00 1.155796e+00
1.570000e+00 1.155231e+00
1.580000e+00 1.154662e+00
1.590000e+00 1.154090e+00
1.600000e+00 1.153515e+00
1.610000e+00 1.152936e+00
1.620000e+00 1.152353e+00
1.630000e+00 1.151767e+00
1.640000e+00 1.151177e+00
1.650000e+00 1.150584e+00
1.660000e+00 1.149988e+00
1.670000e+00 1.149388e+00
1.680000e+00 1.148784e+00
1.690000e+00 1.148177e+00
1.700000e+00 1.147566e+00
1.710000e+00 1.146952e+00
1.720000e+00 1.146335e+00
1.730000e+00 1.145714e+00
1.740000e+00 1.145089e+00
1.750000e+00 1.144461e+00
1.760000e+00 1.143829e+00
1.770000e+00 1.143194e+00
1.780000e+00 1.142556e+00
1.790000e+00 1.141914e+00
1.800000e+00 1.141268e+00
1.810000e+00 1.140619e+00
1.820000e+00 1.139967e+00
1.830000e+00 1.139311e+00
1.840000e+00 1.138652e+00
1.850000e+00 1.137989e+00
1.860000e+00 1.137323e+00
1.870000e+00 1.136653e+00
1.880000e+00 1.135980e+00
1.890000e+00 1.135303e+00
1.900000e+00 1.134623e+00
1.910000e+00 1.133939e+00
1.920000e+00 1.133252e+00
1.930000e+00 1.132562e+00
1.940000e+00 1.131868e+00
1.950000e+00 1.131170e+00
1.960000e+00 1.130470e+00
1.970000e+00 1.129765e+00
1.980000e+00 1.129058e+00
1.990000e+00 1.128346e+00
2.000000e+00 1.127632e+00
2.010000e+00 1.126914e+00
2.020000e+00 1.126192e+00
2.030000e+00 1.125467e+00
2.040000e+00 1.124739e+00
2.050000e+00 1.124007e+00
2.060000e+00 1.123272e+00
2.070000e+00 1.122534e+00
2.080000e+00 1.121792e+00
2.090000e+00 1.121046e+00
2.100000e+00 1.120297e+00
2.110000e+00 1.119545e+00
2.120000e+00 1.118789e+00
2.130000e+00 1.118030e+00
2.140000e+00 1.117268e+00
2.150000e+00 1.116502e+00
2.160000e+00 1.115733e+00
2.170000e+00 1.114960e+00
2.180000e+00 1.114184e+00
2.190000e+00 1.113404e+00
2.200000e+00 1.112621e+00
2.210000e+00 1.111835e+00
2.220000e+00 1.111045e+00
2.230000e+00 1.110252e+00
2.240000e+00 1.109456e+00
2.250000e+00 1.108656e+00
2.260000e+00 1.107853e+00
2.270000e+00 1.107046e+00
2.280000e+00 1.106237e+00
2.290000e+00 1.105423e+00
2.300000e+00 1.104607e+00
2.310000e+00 1.103787e+00
2.320000e+00 1.102963e+00
2.330000e+00 1.102136e+00
2.340000e+00 1.101306e+00
2.350000e+00 1.100473e+00
2.360000e+00 1.099636e+00
2.370000e+00 1.098796e+00
2.380000e+00 1.097952e+00
2.390000e+00 1.097106e+00
2.400000e+00 1.096255e+00
2.410000e+00 1.095402e+00
2.420000e+00 1.094545e+00
2.430000e+00 1.093685e+00
2.440000e+00 1.092821e+00
2.450000e+00 1.091954e+00
2.460000e+00 1.091084e+00
2.470000e+00 1.090211e+00
2.480000e+00 1.089334e+00
2.490000e+00 1.088454e+00
2.500000e+00 1.087570e+00
2.510000e+00 1.086683e+00
2.520000e+00 1.085793e+00
2.530000e+00 1.084900e+00
2.540000e+00 1.084003e+00
2.550000e+00 1.083103e+00
2.560000e+00 1.082200e+00
2.570000e+00 1.081293e+00
2.580000e+00 1.080383e+00
2.590000e+00 1.079470e+00
2.600000e+00 1.078554e+00
2.610000e+00 1.077634e+00
2.620000e+00 1.076711e+00
2.630000e+00 1.075785e+00
2.640000e+00 1.074855e+00
2.650000e+00 1.073922e+00
2.660000e+00 1.072986e+00
2.670000e+00 1.072047e+00
2.680000e+00 1.071104e+00
2.690000e+00 1.070158e+00
2.700000e+00 1.069209e+00
2.710000e+00 1.068256e+00
2.720000e+00 1.067301e+00
2.730000e+00 1.066342e+00
2.740000e+00 1.065379e+00
2.750000e+00 1.064414e+00
2.760000e+00 1.063445e+00
2.770000e+00 1.062473e+00
2.780000e+00 1.061498e+00
2.790000e+00 1.060520e+00
2.800000e+00 1.059538e+00
2.810000e+00 1.058553e+00
2.820000e+00 1.057565e+00
2.830000e+00 1.056574e+00
2.840000e+00 1.055579e+00
2.850000e+00 1.054582e+00
2.860000e+00 1.053581e+00
2.870000e+00 1.052576e+00
2.880000e+00 1.051569e+00
2.890000e+00 1.050558e+00
2.900000e+00 1.049545e+00
2.910000e+00 1.048528e+00
2.920000e+00 1.047508e+00
2.930000e+00 1.046484e+00
2.940000e+00 1.045458e+00
2.950000e+00 1.044428e+00
2.960000e+00 1.043395e+00
2.970000e+00 1.042359e+00
2.980000e+00 1.041320e+00
2.990000e+00 1.040277e+00
3.000000e+00 1.039232e+00
3.010000e+00 1.038183e+00
3.020000e+00 1.037131e+00
3.030000e+00 1.036076e+00
3.040000e+00 1.035017e+00
3.050000e+00 1.033956e+00
3.060000e+00 1.032892e+00
3.070000e+00 1.031824e+00
3.080000e+00 1.030753e+00
3.090000e+00 1.029679e+00
3.100000e+00 1.028602e+00
3.110000e+00 1.027522e+00
3.120000e+00 1.026438e+00
3.130000e+00 1.025352e+00
3.140000e+00 1.024262e+00
3.150000e+00 1.023169e+00
3.160000e+00 1.022073e+00
3.170000e+00 1.020974e+00
3.180000e+00 1.019872e+00
3.190000e+00 1.018767e+00
3.200000e+00 1.017659e+00
3.210000e+00 1.016547e+00
3.220000e+00 1.015433e+00
3.230000e+00 1.014315e+00
3.240000e+00 1.013195e+00
3.250000e+00 1.012071e+00
3.260000e+00 1.010944e+00
3.270000e+00 1.009814e+00
3.280000e+00 1.008681e+00
3.290000e+00 1.007545e+00
3.300000e+00 1.006406e+00
3.310000e+00 1.005264e+00
3.320000e+00 1.004118e+00
3.330000e+00 1.002970e+00
3.340000e+00 1.001819e+00
3.350000e+00 1.000664e+00
3.360000e+00 9.995067e-01
3.370000e+00 9.983462e-01
3.380000e+00 9.971826e-01
3.390000e+00 9.960160e-01
3.400000e+00 9.948463e-01
3.410000e+00 9.936736e-01
3.420000e+00 9.924979e-01
3.430000e+00 9.913192e-01
3.440000e+00 9.901374e-01
3.450000e+00 9.889527e-01
3.460000e+00 9.877649e-01
3.470000e+00 9.865741e-01
3.480000e+00 9.853803e-01
3.490000e+00 9.841835e-01
3.500000e+00 9.829837e-01
3.510000e+00 9.817809e-01
3.520000e+00 9.805752e-01
3.530000e+00 9.793664e-01
3.540000e+00 9.781546e-01
3.550000e+00 9.769399e-01
3.560000e+00 9.757222e-01
3.570000e+00 9.745015e-01
3.580000e+00 9.732779e-01
3.590000e+00 9.720513e-01
3.600000e+00 9.708217e-01
3.610000e+00 9.695892e-01
3.620000e+00 9.683537e-01
3.630000e+00 9.671153e-01
3.640000e+00 9.658739e-01
3.650000e+00 9.646296e-01
3.660000e+00 9.633823e-01
3.670000e+00 9.621321e-01
3.680000e+00 9.608790e-01
3.690000e+00 9.596229e-01
3.700000e+00 9.583640e-01
3.710000e+00 9.571021e-01
3.720000e+00 9.558373e-01
3.730000e+00 9.545695e-01
3.740000e+00 9.532989e-01
3.750000e+00 9.520254e-01
3.760000e+00 9.507489e-01
3.770000e+00 9.494696e-01
3.780000e+00 9.481874e-01
3.790000e+00 9.469023e-01
3.800000e+00 9.456143e-01
3.810000e+00 9.443234e-01
3.820000e+00 9.430297e-01
3.830000e+00 9.417331e-01
3.840000e+00 9.404336e-01
3.850000e+00 9.391312e-01
3.860000e+00 9.378260e-01
3.870000e+00 9.365179e-01
3.880000e+00 9.352070e-01
3.890000e+00 9.338932e-01
3.900000e+00 9.325766e-01
3.910000e+00 9.312571e-01
3.920000e+00 9.299348e-01
3.930000e+00 9.286097e-01
3.940000e+00 9.272817e-01
3.950000e+00 9.259510e-01
3.960000e+00 9.246174e-01
3.970000e+00 9.232809e-01
3.980000e+00 9.219417e-01
3.990000e+00 9.205997e-01
4.000000e+00 9.192548e-01
4.010000e+00 9.179072e-01
4.020000e+00 9.165567e-01
4.030000e+00 9.152035e-01
4.040000e+00 9.138475e-01
4.050000e+00 9.124887e-01
4.060000e+00 9.111271e-01
4.070000e+00 9.097627e-01
4.080000e+00 9.083956e-01
4.090000e+00 9.070257e-01
4.100000e+00 9.056530e-01
4.110000e+00 9.042776e-01
4.120000e+00 9.028994e-01
4.130000e+00 9.015185e-01
4.140000e+00 9.001348e-01
4.150000e+00 8.987484e-01
4.160000e+00 8.973593e-01
4.170000e+00 8.959674e-01
4.180000e+00 8.945728e-01
4.190000e+00 8.931754e-01
4.200000e+00 8.917754e-01
4.210000e+00 8.903726e-01
4.220000e+00 8.889671e-01
4.230000e+00 8.875589e-01
4.240000e+00 8.861480e-01
4.250000e+00 8.847344e-01
4.260000e+00 8.833181e-01
4.270000e+00 8.818991e-01
4.280000e+00 8.804774e-01
4.290000e+00 8.790531e-01
4.300000e+00 8.776260e-01
4.310000e+00 8.761963e-01
4.320000e+00 8.747640e-01
4.330000e+00 8.733289e-01
4.340000e+00 8.718912e-01
4.350000e+00 8.704509e-01
4.360000e+00 8.690079e-01
4.370000e+00 8.675622e-01
4.380000e+00 8.661139e-01
4.390000e+00 8.646630e-01
4.400000e+00 8.632094e-01
4.410000e+00 8.617532e-01
4.420000e+00 8.602944e-01
4.430000e+00 8.588329e-01
4.440000e+00 8.573689e-01
4.450000e+00 8.559022e-01
4.460000e+00 8.544329e-01
4.470000e+00 8.529610e-01
4.480000e+00 8.514866e-01
4.490000e+00 8.500095e-01
4.500000e+00 8.485298e-01
4.510000e+00 8.470476e-01
4.520000e+00 8.455627e-01
4.530000e+00 8.440753e-01
4.540000e+00 8.425854e-01
4.550000e+00 8.410928e-01
4.560000e+00 8.395977e-01
4.570000e+00 8.381001e-01
4.580000e+00 8.365998e-01
4.590000e+00 8.350971e-01
4.600000e+00 8.335918e-01
4.610000e+00 8.320839e-01
4.620000e+00 8.305735e-01
4.630000e+00 8.290606e-01
4.640000e+00 8.275452e-01
4.650000e+00 8.260272e-01
4.660000e+00 8.245068e-01
4.670000e+00 8.229838e-01
4.680000e+00 8.214583e-01
4.690000e+00 8.199303e-01
4.700000e+00 8.183998e-01
4.710000e+00 8.168668e-01
4.720000e+00 8.153313e-01
4.730000e+00 8.137934e-01
4.740000e+00 8.122530e-01
4.750000e+00 8.107100e-01
4.760000e+00 8.091647e-01
4.770000e+00 8.076168e-01
4.780000e+00 8.060665e-01
4.790000e+00 8.045138e-01
4.800000e+00 8.029585e-01
4.810000e+00 8.014009e-01
4.820000e+00 7.998408e-01
4.830000e+00 7.982783e-01
4.840000e+00 7.967133e-01
4.850000e+00 7.951459e-01
4.860000e+00 7.935761e-01
4.870000e+00 7.920038e-01
4.880000e+00 7.904292e-01
4.890000e+00 7.888521e-01
4.900000e+00 7.872727e-01
4.910000e+00 7.856908e-01
4.920000e+00 7.841066e-01
4.930000e+00 7.825200e-01
4.940000e+00 7.809309e-01
4.950000e+00 7.793395e-01
4.960000e+00 7.777458e-01
4.970000e+00 7.761496e-01
4.980000e+00 7.745511e-01
4.990000e+00 7.729502e-01
5.000000e+00 7.713470e-01
5.010000e+00 7.697415e-01
5.020000e+00 7.681335e-01
5.030000e+00 7.665233e-01
5.040000e+00 7.649107e-01
5.050000e+00 7.632958e-01
5.060000e+00 7.616785e-01
5.070000e+00 7.600590e-01
5.080000e+00 7.584371e-01
5.090000e+00 7.568129e-01
5.100000e+00 7.551864e-01
5.110000e+00 7.535576e-01
5.120000e+00 7.519265e-01
5.130000e+00 7.502931e-01
5.140000e+00 7.486575e-01
5.150000e+00 7.470195e-01
5.160000e+00 7.453793e-01
5.170000e+00 7.437368e-01
5.180000e+00 7.420920e-01
5.190000e+00 7.404450e-01
5.200000e+00 7.387957e-01
5.210000e+00 7.371442e-01
5.220000e+00 7.354905e-01
5.230000e+00 7.338344e-01
5.240000e+00 7.321762e-01
5.250000e+00 7.305157e-01
5.260000e+00 7.288530e-01
5.270000e+00 7.271881e-01
5.280000e+00 7.255210e-01
5.290000e+00 7.238516e-01
5.300000e+00 7.221800e-01
5.310000e+00 7.205063e-01
5.320000e+00 7.188303e-01
5.330000e+00 7.171522e-01
5.340000e+00 7.154719e-01
5.350000e+00 7.137894e-01
5.360000e+00 7.121047e-01
5.370000e+00 7.104179e-01
5.380000e+00 7.087289e-01
5.390000e+00 7.070377e-01
5.400000e+00 7.053444e-01
5.410000e+00 7.036489e-01
5.420000e+00 7.019513e-01
5.430000e+00 7.002515e-01
5.440000e+00 6.985496e-01
5.450000e+00 6.968456e-01
5.460000e+00 6.951395e-01
5.470000e+00 6.934312e-01
5.480000e+00 6.917209e-01
5.490000e+00 6.900084e-01
5.500000e+00 6.882938e-01
5.510000e+00 6.865772e-01
5.520000e+00 6.848584e-01
5.530000e+00 6.831375e-01
5.540000e+00 6.814146e-01
5.550000e+00 6.796896e-01
5.560000e+00 6.779625e-01
5.570000e+00 6.762334e-01
5.580000e+00 6.745022e-01
5.590000e+00 6.727689e-01
5.600000e+00 6.710336e-01
5.610000e+00 6.692963e-01
5.620000e+00 6.675569e-01
5.630000e+00 6.658155e-01
5.640000e+00 6.640720e-01
5.650000e+00 6.623265e-01
5.660000e+00 6.605791e-01
5.670000e+00 6.588296e-01
5.680000e+00 6.570780e-01
5.690000e+00 6.553245e-01
5.700000e+00 6.535690e-01
5.710000e+00 6.518115e-01
5.720000e+00 6.500520e-01
5.730000e+00 6.482906e-01
5.740000e+00 6.465271e-01
5.750000e+00 6.447617e-01
5.760000e+00 6.429944e-01
5.770000e+00 6.412250e-01
5.780000e+00 6.394537e-01
5.790000e+00 6.376805e-01
5.800000e+00 6.359053e-01
5.810000e+00 6.341282e-01
5.820000e+00 6.323492e-01
5.830000e+00 6.305682e-01
5.840000e+00 6.287853e-01
5.850000e+00 6.270005e-01
5.860000e+00 6.252138e-01
5.870000e+00 6.234252e-01
5.880000e+00 6.216347e-01
5.890000e+00 6.198423e-01
5.900000e+00 6.180479e-01
5.910000e+00 6.162518e-01
5.920000e+00 6.144537e-01
5.930000e+00 6.126538e-01
5.940000e+00 6.108520e-01
5.950000e+00 6.090483e-01
5.960000e+00 6.072428e-01
5.970000e+00 6.054354e-01
5.980000e+00 6.036262e-01
5.990000e+00 6.018152e-01
6.000000e+00 6.000023e-01
6.010000e+00 5.981876e-01
6.020000e+00 5.963711e-01
6.030000e+00 5.945527e-01
6.040000e+00 5.927326e-01
6.050000e+00 5.909106e-01
6.060000e+00 5.890868e-01
6.070000e+00 5.872613e-01
6.080000e+00 5.854339e-01
6.090000e+00 5.836048e-01
6.100000e+00 5.817739e-01
6.110000e+00 5.799412e-01
6.120000e+00 5.781068e-01
6.130000e+00 5.762705e-01
6.140000e+00 5.744326e-01
6.150000e+00 5.725929e-01
6.160000e+00 5.707514e-01
6.170000e+00 5.689082e-01
6.180000e+00 5.670633e-01
6.190000e+00 5.652166e-01
6.200000e+00 5.633682e-01
6.210000e+00 5.615182e-01
6.220000e+00 5.596664e-01
6.230000e+00 5.578128e-01
6.240000e+00 5.559576e-01
6.250000e+00 5.541007e-01
6.260000e+00 5.522421e-01
6.270000e+00 5.503819e-01
6.280000e+00 5.485199e-01
6.290000e+00 5.466563e-01
6.300000e+00 5.447910e-01
6.310000e+00 5.429241e-01
6.320000e+00 5.410555e-01
6.330000e+00 5.391852e-01
6.340000e+00 5.373133e-01
6.350000e+00 5.354398e-01
6.360000e+00 5.335646e-01
6.370000e+00 5.316879e-01
6.380000e+00 5.298095e-01
6.390000e+00 5.279294e-01
6.400000e+00 5.260478e-01
6.410000e+00 5.241646e-01
6.420000e+00 5.222798e-01
6.430000e+00 5.203934e-01
6.440000e+00 5.185054e-01
6.450000e+00 5.166158e-01
6.460000e+00 5.147246e-01
6.470000e+00 5.128319e-01
6.480000e+00 5.109376e-01
6.490000e+00 5.090418e-01
6.500000e+00 5.071444e-01
6.510000e+00 5.052455e-01
6.520000e+00 5.033450e-01
6.530000e+00 5.014430e-01
6.540000e+00 4.995395e-01
6.550000e+00 4.976344e-01
6.560000e+00 4.957278e-01
6.570000e+00 4.938197e-01
6.580000e+00 4.919102e-01
6.590000e+00 4.899991e-01
6.600000e+00 4.880865e-01
6.610000e+00 4.861724e-01
6.620000e+00 4.842569e-01
6.630000e+00 4.823399e-01
6.640000e+00 4.804214e-01
6.650000e+00 4.785014e-01
6.660000e+00 4.765800e-01
6.670000e+00 4.746571e-01
6.680000e+00 4.727328e-01
6.690000e+00 4.708071e-01
6.700000e+00 4.688799e-01
6.710000e+00 4.669513e-01
6.720000e+00 4.650213e-01
6.730000e+00 4.630898e-01
6.740000e+00 4.611570e-01
6.750000e+00 4.592227e-01
6.760000e+00 4.572870e-01
6.770000e+00 4.553500e-01
6.780000e+00 4.534115e-01
6.790000e+00 4.514717e-01
6.800000e+00 4.495305e-01
6.810000e+00 4.475879e-01
6.820000e+00 4.456440e-01
6.830000e+00 4.436987e-01
6.840000e+00 4.417521e-01
6.850000e+00 4.398041e-01
6.860000e+00 4.378548e-01
6.870000e+00 4.359041e-01
6.880000e+00 4.339521e-01
6.890000e+00 4.319988e-01
6.900000e+00 4.300442e-01
6.910000e+00 4.280882e-01
6.920000e+00 4.261310e-01
6.930000e+00 4.241724e-01
6.940000e+00 4.222126e-01
6.950000e+00 4.202515e-01
6.960000e+00 4.182891e-01
6.970000e+00 4.163254e-01
6.980000e+00 4.143605e-01
6.990000e+00 4.123943e-01
7.000000e+00 4.104268e-01
7.010000e+00 4.084581e-01
7.020000e+00 4.064882e-01
7.030000e+00 4.045170e-01
7.040000e+00 4.025446e-01
7.050000e+00 4.005709e-01
7.060000e+00 3.985960e-01
7.070000e+00 3.966200e-01
7.080000e+00 3.946427e-01
7.090000e+00 3.926642e-01
7.100000e+00 3.906845e-01
7.110000e+00 3.887036e-01
7.120000e+00 3.867215e-01
7.130000e+00 3.847383e-01
7.140000e+00 3.827539e-01
7.150000e+00 3.807683e-01
7.160000e+00 3.787816e-01
7.170000e+00 3.767937e-01
7.180000e+00 3.748046e-01
7.190000e+00 3.728144e-01
7.200000e+00 3.708231e-01
7.210000e+00 3.688307e-01
7.220000e+00 3.668371e-01
7.230000e+00 3.648424e-01
7.240000e+00 3.628466e-01
7.250000e+00 3.608497e-01
7.260000e+00 3.588517e-01
7.270000e+00 3.568526e-01
7.280000e+00 3.548524e-01
7.290000e+00 3.528511e-01
7.300000e+00 3.508488e-01
7.310000e+00 3.488454e-01
7.320000e+00 3.468409e-01
7.330000e+00 3.448354e-01
7.340000e+00 3.428288e-01
7.350000e+00 3.408212e-01
7.360000e+00 3.388125e-01
7.370000e+00 3.368028e-01
7.380000e+00 3.347921e-01
7.390000e+00 3.327804e-01
7.400000e+00 3.307676e-01
7.410000e+00 3.287539e-01
7.420000e+00 3.267391e-01
7.430000e+00 3.247233e-01
7.440000e+00 3.227066e-01
7.450000e+00 3.206889e-01
7.460000e+00 3.186701e-01
7.470000e+00 3.166505e-01
7.480000e+00 3.146298e-01
7.490000e+00 3.126082e-01
7.500000e+00 3.105857e-01
7.510000e+00 3.085622e-01
7.520000e+00 3.065377e-01
7.530000e+00 3.045124e-01
7.540000e+00 3.024861e-01
7.550000e+00 3.004588e-01
7.560000e+00 2.984307e-01
7.570000e+00 2.964017e-01
7.580000e+00 2.943717e-01
7.590000e+00 2.923409e-01
7.600000e+00 2.903091e-01
7.610000e+00 2.882765e-01
7.620000e+00 2.862430e-01
7.630000e+00 2.842086e-01
7.640000e+00 2.821734e-01
7.650000e+00 2.801373e-01
7.660000e+00 2.781004e-01
7.670000e+00 2.760626e-01
7.680000e+00 2.740239e-01
7.690000e+00 2.719844e-01
7.700000e+00 2.699441e-01
7.710000e+00 2.679030e-01
7.720000e+00 2.658611e-01
7.730000e+00 2.638183e-01
7.740000e+00 2.617748e-01
7.750000e+00 2.597304e-01
7.760000e+00 2.576853e-01
7.770000e+00 2.556394e-01
7.780000e+00 2.535927e-01
7.790000e+00 2.515452e-01
7.800000e+00 2.494969e-01
7.810000e+00 2.474479e-01
7.820000e+00 2.453982e-01
7.830000e+00 2.433477e-01
7.840000e+00 2.412964e-01
7.850000e+00 2.392444e-01
7.860000e+00 2.371917e-01
7.870000e+00 2.351383e-01
7.880000e+00 2.330842e-01
7.890000e+00 2.310293e-01
7.900000e+00 2.289737e-01
7.910000e+00 2.269175e-01
7.920000e+00 2.248605e-01
7.930000e+00 2.228029e-01
7.940000e+00 2.207446e-01
7.950000e+00 2.186856e-01
7.960000e+00 2.166259e-01
7.970000e+00 2.145656e-01
7.980000e+00 2.125046e-01
7.990000e+00 2.104430e-01
8.000000e+00 2.083808e-01
8.010000e+00 2.063179e-01
8.020000e+00 2.042544e-01
8.030000e+00 2.021902e-01
8.040000e+00 2.001255e-01
8.050000e+00 1.980601e-01
8.060000e+00 1.959941e-01
8.070000e+00 1.939276e-01
8.080000e+00 1.918604e-01
8.090000e+00 1.897927e-01
8.100000e+00 1.877243e-01
8.110000e+00 1.856555e-01
8.120000e+00 1.835860e-01
8.130000e+00 1.815160e-01
8.140000e+00 1.794454e-01
8.150000e+00 1.773743e-01
8.160000e+00 1.753026e-01
8.170000e+00 1.732304e-01
8.180000e+00 1.711577e-01
8.190000e+00 1.690845e-01
8.200000e+00 1.670107e-01
8.210000e+00 1.649365e-01
8.220000e+00 1.628617e-01
8.230000e+00 1.607864e-01
8.240000e+00 1.587107e-01
8.250000e+00 1.566345e-01
8.260000e+00 1.545577e-01
8.270000e+00 1.524806e-01
8.280000e+00 1.504029e-01
8.290000e+00 1.483248e-01
8.300000e+00 1.462462e-01
8.310000e+00 1.441672e-01
8.320000e+00 1.420878e-01
8.330000e+00 1.400079e-01
8.340000e+00 1.379276e-01
8.350000e+00 1.358469e-01
8.360000e+00 1.337658e-01
8.370000e+00 1.316842e-01
8.380000e+00 1.296023e-01
8.390000e+00 1.275199e-01
8.400000e+00 1.254372e-01
8.410000e+00 1.233541e-01
8.420000e+00 1.212706e-01
8.430000e+00 1.191868e-01
8.440000e+00 1.171026e-01
8.450000e+00 1.150180e-01
8.460000e+00 1.129331e-01
8.470000e+00 1.108478e-01
8.480000e+00 1.087622e-01
8.490000e+00 1.066762e-01
8.500000e+00 1.045900e-01
8.510000e+00 1.025034e-01
8.520000e+00 1.004165e-01
8.530000e+00 9.832930e-02
8.540000e+00 9.624180e-02
8.550000e+00 9.415401e-02
8.560000e+00 9.206593e-02
8.570000e+00 8.997757e-02
8.580000e+00 8.788894e-02
8.590000e+00 8.580004e-02
8.600000e+00 8.371087e-02
8.610000e+00 8.162146e-02
8.620000e+00 7.953179e-02
8.630000e+00 7.744188e-02
8.640000e+00 7.535174e-02
8.650000e+00 7.326136e-02
8.660000e+00 7.117077e-02
8.670000e+00 6.907995e-02
8.680000e+00 6.698893e-02
8.690000e+00 6.489770e-02
8.700000e+00 6.280627e-02
8.710000e+00 6.071466e-02
8.720000e+00 5.862285e-02
8.730000e+00 5.653087e-02
8.740000e+00 5.443872e-02
8.750000e+00 5.234640e-02
8.760000e+00 5.025392e-02
8.770000e+00 4.816129e-02
8.780000e+00 4.606851e-02
8.790000e+00 4.397560e-02
8.800000e+00 4.188254e-02
8.810000e+00 3.978936e-02
8.820000e+00 3.769606e-02
8.830000e+00 3.560265e-02
8.840000e+00 3.350912e-02
8.850000e+00 3.141549e-02
8.860000e+00 2.932177e-02
8.870000e+00 2.722796e-02
8.880000e+00 2.513407e-02
8.890000e+00 2.304010e-02
8.900000e+00 2.094605e-02
8.910000e+00 1.885195e-02
8.920000e+00 1.675779e-02
8.930000e+00 1.466357e-02
8.940000e+00 1.256931e-02
8.950000e+00 1.047502e-02
8.960000e+00 8.380690e-03
8.970000e+00 6.286336e-03
8.980000e+00 4.191962e-03
8.990000e+00 2.097577e-03
9.000000e+00 3.184308e-06
line -9.000000e+00 -0.000000e+00 -8.900000e+00 -2.094287e-02
line -8.700000e+00 -6.280309e-02 -8.600000e+00 -8.370770e-02
line -8.400000e+00 -1.254341e-01 -8.300000e+00 -1.462431e-01
line -8.100000e+00 -1.877212e-01 -8.000000e+00 -2.083776e-01
line -7.800000e+00 -2.494938e-01 -7.700000e+00 -2.699410e-01
line -7.500000e+00 -3.105826e-01 -7.400000e+00 -3.307646e-01
line -7.200000e+00 -3.708201e-01 -7.100000e+00 -3.906815e-01
line -6.900000e+00 -4.300412e-01 -6.800000e+00 -4.495276e-01
line -6.600000e+00 -4.880836e-01 -6.500000e+00 -5.071415e-01
line -6.300000e+00 -5.447882e-01 -6.200000e+00 -5.633654e-01
line -6.000000e+00 -5.999995e-01 -5.900000e+00 -6.180452e-01
line -5.700000e+00 -6.535664e-01 -5.600000e+00 -6.710310e-01
line -5.400000e+00 -7.053418e-01 -5.300000e+00 -7.221775e-01
line -5.100000e+00 -7.551839e-01 -5.000000e+00 -7.713446e-01
line -4.800000e+00 -8.029562e-01 -4.700000e+00 -8.183975e-01
line -4.500000e+00 -8.485276e-01 -4.400000e+00 -8.632072e-01
line -4.200000e+00 -8.917732e-01 -4.100000e+00 -9.056509e-01
line -3.900000e+00 -9.325746e-01 -3.800000e+00 -9.456123e-01
line -3.600000e+00 -9.708198e-01 -3.500000e+00 -9.829819e-01
line -3.300000e+00 -1.006404e+00 -3.200000e+00 -1.017657e+00
line -3.000000e+00 -1.039230e+00 -2.900000e+00 -1.049543e+00
line -2.700000e+00 -1.069207e+00 -2.600000e+00 -1.078552e+00
line -2.400000e+00 -1.096254e+00 -2.300000e+00 -1.104605e+00
line -2.100000e+00 -1.120296e+00 -2.000000e+00 -1.127631e+00
line -1.800000e+00 -1.141267e+00 -1.700000e+00 -1.147565e+00
line -1.500000e+00 -1.159111e+00 -1.400000e+00 -1.164355e+00
line -1.200000e+00 -1.173777e+00 -1.100000e+00 -1.177952e+00
line -9.000000e-01 -1.185226e+00 -8.000000e-01 -1.188321e+00
line -6.000000e-01 -1.193426e+00 -5.000000e-01 -1.195434e+00
line -3.000000e-01 -1.198355e+00 -2.000000e-01 -1.199269e+00
line -1.221245e-15 -1.200000e+00 1.000000e-01 -1.199817e+00
line 3.000000e-01 -1.198356e+00 4.000000e-01 -1.197077e+00
line 6.000000e-01 -1.193426e+00 7.000000e-01 -1.191056e+00
line 9.000000e-01 -1.185226e+00 1.000000e+00 -1.181770e+00
line 1.200000e+00 -1.173777e+00 1.300000e+00 -1.169244e+00
line 1.500000e+00 -1.159111e+00 1.600000e+00 -1.153515e+00
line 1.800000e+00 -1.141268e+00 1.900000e+00 -1.134623e+00
line 2.100000e+00 -1.120297e+00 2.200000e+00 -1.112621e+00
line 2.400000e+00 -1.096255e+00 2.500000e+00 -1.087570e+00
line 2.700000e+00 -1.069209e+00 2.800000e+00 -1.059538e+00
line 3.000000e+00 -1.039232e+00 3.100000e+00 -1.028602e+00
line 3.300000e+00 -1.006406e+00 3.400000e+00 -9.948463e-01
line 3.600000e+00 -9.708217e-01 3.700000e+00 -9.583640e-01
line 3.900000e+00 -9.325766e-01 4.000000e+00 -9.192548e-01
line 4.200000e+00 -8.917754e-01 4.300000e+00 -8.776260e-01
line 4.500000e+00 -8.485298e-01 4.600000e+00 -8.335918e-01
line 4.800000e+00 -8.029585e-01 4.900000e+00 -7.872727e-01
line 5.100000e+00 -7.551864e-01 5.200000e+00 -7.387957e-01
line 5.400000e+00 -7.053444e-01 5.500000e+00 -6.882938e-01
line 5.700000e+00 -6.535690e-01 5.800000e+00 -6.359053e-01
line 6.000000e+00 -6.000023e-01 6.100000e+00 -5.817739e-01
line 6.300000e+00 -5.447910e-01 6.400000e+00 -5.260478e-01
line 6.600000e+00 -4.880865e-01 6.700000e+00 -4.688799e-01
line 6.900000e+00 -4.300442e-01 7.000000e+00 -4.104268e-01
line 7.200000e+00 -3.708231e-01 7.300000e+00 -3.508488e-01
line 7.500000e+00 -3.105857e-01 7.600000e+00 -2.903091e-01
line 7.800000e+00 -2.494969e-01 7.900000e+00 -2.289737e-01
line 8.100000e+00 -1.877243e-01 8.200000e+00 -1.670107e-01
line 8.400000e+00 -1.254372e-01 8.500000e+00 -1.045900e-01
line 8.700000e+00 -6.280627e-02 8.800000e+00 -4.188254e-02
line 9.000000e+00 -3.184308e-06 9.100000e+00 2.093969e-02
